0 0.267810026385 0.853125 0.0395778364116 0.05
0 0.58619173263 0.925 0.0255057167986 0.078125
0 0.62401055409 0.79921875 0.0413368513632 0.0359375
0 0.753298153034 0.77421875 0.0255057167986 0.0640625
1 0.784520668426 0.678125 0.028144239226 0.1
0 0.841688654354 0.45703125 0.0263852242744 0.0453125
0 0.457343887423 0.39453125 0.0263852242744 0.0390625
0 0.368953386104 0.30703125 0.0255057167986 0.0359375
2 0.106420404573 0.1859375 0.0246262093228 0.040625
0 0.163148636763 0.20546875 0.0272647317502 0.0328125
3 0.292875989446 0.075 0.028144239226 0.040625
5 0.242744063325 0.11484375 0.0386983289358 0.0828125
2 0.0255057167986 0.08984375 0.028144239226 0.0453125
3 0.216798592788 0.28828125 0.0307827616535 0.0421875
