0 0.753737906772 0.45859375 0.0228671943712 0.0578125
1 0.807387862797 0.359375 0.0386983289358 0.0875
0 0.539577836412 0.65625 0.0395778364116 0.04375
0 0.642480211082 0.96328125 0.0360598065084 0.0703125
0 0.274406332454 0.68203125 0.0369393139842 0.0546875
0 0.456904133685 0.22890625 0.0255057167986 0.0390625
0 0.366314863676 0.14375 0.0272647317502 0.040625
0 0.220756376429 0.0875 0.0263852242744 0.0375
3 0.211081794195 0.1234375 0.0316622691293 0.046875
2 0.0954265611258 0.01875 0.0272647317502 0.0375
