0 0.757255936675 0.940625 0.0334212840809 0.071875
0 0.48328935796 0.84765625 0.0290237467018 0.0703125
0 0.377748460862 0.68203125 0.0343007915567 0.0453125
0 0.385224274406 0.5703125 0.028144239226 0.034375
0 0.289797713281 0.50703125 0.0272647317502 0.0359375
3 0.128847845207 0.5203125 0.0343007915567 0.040625
3 0.19964819701 0.2921875 0.028144239226 0.04375
5 0.146877748461 0.34140625 0.0422163588391 0.0890625
2 0.0101143359719 0.440625 0.0202286719437 0.0375
0 0.272207563764 0.08046875 0.0202286719437 0.0234375
0 0.28144239226 0.06796875 0.0228671943712 0.0234375
0 0.287598944591 0.053125 0.0211081794195 0.021875
0 0.294635004398 0.0375 0.0228671943712 0.025
0 0.389182058047 0.03984375 0.023746701847 0.0296875
0 0.408091468777 0.00859375 0.0228671943712 0.0171875
0 0.305189094107 0.0234375 0.0211081794195 0.025
0 0.313984168865 0.0109375 0.0211081794195 0.021875
0 0.248900615655 0.05078125 0.0193491644679 0.0296875
0 0.232189973615 0.04921875 0.0158311345646 0.0328125
