0 0.788038698329 0.7 0.0246262093228 0.059375
1 0.801671064204 0.9140625 0.0430958663149 0.109375
0 0.671064204046 0.9515625 0.0422163588391 0.05
0 0.55672823219 0.91328125 0.0263852242744 0.0765625
0 0.258575197889 0.9828125 0.0351802990325 0.03125
0 0.455584872471 0.52421875 0.0263852242744 0.0359375
0 0.368073878628 0.44140625 0.0255057167986 0.0390625
3 0.217238346526 0.41953125 0.0299032541777 0.0421875
2 0.110378188215 0.31953125 0.023746701847 0.0390625
0 0.13016710642 0.309375 0.0246262093228 0.034375
3 0.296833773087 0.2125 0.0290237467018 0.0375
5 0.244503078276 0.25078125 0.0404573438874 0.0859375
2 0.0334212840809 0.2265625 0.028144239226 0.04375
0 0.0114335971856 0.04921875 0.0193491644679 0.0265625
0 0.379947229551 0.01953125 0.0193491644679 0.0234375
0 0.389182058047 0.01015625 0.0219876868953 0.0203125
