0 0.553210202287 0.66796875 0.0404573438874 0.0390625
0 0.631926121372 0.9546875 0.0325417766051 0.075
0 0.273966578716 0.70234375 0.03781882146 0.0546875
0 0.748900615655 0.4984375 0.0202286719437 0.059375
1 0.798592788039 0.4015625 0.0351802990325 0.090625
0 0.456904133685 0.246875 0.0272647317502 0.040625
0 0.367194371152 0.15859375 0.0272647317502 0.0421875
0 0.208443271768 0.08828125 0.0263852242744 0.0359375
3 0.211961301671 0.1359375 0.0316622691293 0.04375
2 0.0963060686016 0.0296875 0.0255057167986 0.040625
