0 0.5149516270888302 0.8914062500000001 0.02726473175021988 0.0734375
0 0.7691292875989446 0.95234375 0.032541776605101144 0.0734375
0 0.4146877748460862 0.5609375 0.02726473175021988 0.037500000000000006
0 0.322339489885664 0.48671875000000003 0.02726473175021988 0.035937500000000004
3 0.16578715919085313 0.48515625 0.032541776605101144 0.045312500000000006
2 0.05057167985927881 0.39296875000000003 0.02726473175021988 0.0390625
0 0.4230430958663149 0.6921875000000001 0.03342128408091469 0.046875
3 0.24142480211081796 0.26640625 0.02550571679859279 0.0390625
5 0.18909410729991205 0.30859375 0.04221635883905013 0.09531250000000001
0 0.31882145998240985 0.06640625 0.020228671943711522 0.026562500000000003
0 0.32893579595426564 0.05 0.021108179419525065 0.028125
0 0.33465259454705365 0.037500000000000006 0.020228671943711522 0.021875000000000002
0 0.34256816182937555 0.021875000000000002 0.02198768689533861 0.025
0 0.3540017590149516 0.010937500000000001 0.020228671943711522 0.021875000000000002
0 0.43491644678979774 0.03125 0.02198768689533861 0.025
0 0.4542656112576957 0.00625 0.0237467018469657 0.0125
