0 0.711961301671 0.55546875 0.0395778364116 0.0609375
0 0.757695690413 0.61484375 0.0343007915567 0.0671875
4 0.748021108179 0.696875 0.0853122251539 0.175
0 0.217678100264 0.90078125 0.0360598065084 0.0734375
0 0.655672823219 0.2109375 0.0307827616535 0.059375
0 0.717678100264 0.06640625 0.028144239226 0.0578125
0 0.201407211961 0.25078125 0.0334212840809 0.0390625
3 0.0219876868953 0.31484375 0.0422163588391 0.0390625
5 0.0180299032542 0.05390625 0.0360598065084 0.1078125
3 0.0540897097625 0.01875 0.0272647317502 0.0375
