0 0.2502198768689534 0.5085937500000001 0.02198768689533861 0.051562500000000004
0 0.256816182937555 0.609375 0.029903254177660512 0.0625
0 0.05364995602462621 0.40703125 0.036939313984168866 0.029687500000000002
1 0.6394019349164468 0.5328125 0.05101143359718558 0.08750000000000001
0 0.49032541776605104 0.3046875 0.032541776605101144 0.037500000000000006
0 0.5470536499560247 0.3609375 0.029903254177660512 0.046875
3 0.3452066842568162 0.18906250000000002 0.0237467018469657 0.05625
0 0.30958663148636767 0.18125000000000002 0.021108179419525065 0.05625
0 0.3913808267370273 0.09140625000000001 0.01759014951627089 0.0484375
0 0.17546174142480211 0.8812500000000001 0.032541776605101144 0.07500000000000001
0 0.8702726473175022 0.6648437500000001 0.02198768689533861 0.060937500000000006
0 0.7708883025505717 0.96640625 0.02726473175021988 0.06406250000000001
