1 0.666666666667 0.52890625 0.0439753737907 0.0953125
0 0.590589270009 0.36484375 0.0307827616535 0.0484375
0 0.540457343887 0.30546875 0.0307827616535 0.0421875
0 0.447669305189 0.153125 0.0175901495163 0.05
3 0.37598944591 0.26484375 0.0272647317502 0.0609375
0 0.341688654354 0.2484375 0.0255057167986 0.05625
0 0.337291116974 0.46484375 0.0272647317502 0.0578125
0 0.232629727353 0.74296875 0.0343007915567 0.0671875
0 0.243183817062 0.62578125 0.0272647317502 0.0546875
0 0.188654353562 0.884375 0.0325417766051 0.0625
0 0.14907651715 0.33828125 0.0343007915567 0.0296875
0 0.911609498681 0.75 0.0272647317502 0.05625
