3 0.383905013193 0.39375 0.0307827616535 0.065625
0 0.448988566403 0.31875 0.0272647317502 0.05
0 0.350043975374 0.36015625 0.0316622691293 0.0578125
0 0.31310466139 0.60859375 0.0316622691293 0.0578125
0 0.291116974494 0.69609375 0.0299032541777 0.0546875
0 0.257695690413 0.2875 0.0334212840809 0.034375
0 0.50219876869 0.26171875 0.0211081794195 0.0546875
0 0.607299912049 0.3265625 0.0307827616535 0.046875
0 0.653913808267 0.3953125 0.0290237467018 0.05
1 0.712401055409 0.5390625 0.0334212840809 0.1
0 0.54617414248 0.06171875 0.0228671943712 0.0453125
0 0.188214599824 0.80859375 0.0316622691293 0.0609375
0 0.95998240985 0.87265625 0.0290237467018 0.0671875
