0 0.755936675462 0.428125 0.0290237467018 0.05625
0 0.791556728232 0.52109375 0.0246262093228 0.0578125
0 0.604221635884 0.56328125 0.0193491644679 0.0703125
0 0.563324538259 0.4234375 0.0272647317502 0.04375
1 0.827616534741 0.6515625 0.0263852242744 0.103125
0 0.686455584872 0.20703125 0.0290237467018 0.0484375
0 0.73746701847 0.175 0.0255057167986 0.0375
0 0.446789797713 0.25 0.028144239226 0.040625
0 0.494283201407 0.45703125 0.0299032541777 0.0515625
0 0.297273526825 0.56875 0.0351802990325 0.053125
3 0.299032541777 0.6578125 0.0404573438874 0.065625
