0 0.405892700088 0.33984375 0.0343007915567 0.0390625
0 0.479331574318 0.39375 0.0316622691293 0.04375
1 0.623570800352 0.55234375 0.0562884784521 0.0609375
0 0.775725593668 0.5265625 0.0175901495163 0.053125
0 0.789357959543 0.89296875 0.0219876868953 0.0734375
0 0.722075637643 0.859375 0.0193491644679 0.071875
0 0.198328935796 0.3421875 0.0184696569921 0.046875
0 0.19744942832 0.10703125 0.0167106420405 0.0515625
3 0.233948988566 0.125 0.0193491644679 0.05625
0 0.136323658751 0.971875 0.0299032541777 0.053125
