0 0.26033421284080915 0.55859375 0.03342128408091469 0.035937500000000004
0 0.3927000879507476 0.49296875 0.032541776605101144 0.0390625
0 0.4938434476693052 0.55078125 0.03430079155672824 0.035937500000000004
0 0.5184696569920845 0.26875 0.016710642040457344 0.034375
0 0.0158311345646438 0.08281250000000001 0.022867194371152155 0.021875000000000002
0 0.0474934036939314 0.0078125 0.024626209322779244 0.015625
0 0.04221635883905013 0.02109375 0.024626209322779244 0.0203125
0 0.032541776605101144 0.03828125 0.026385224274406333 0.0203125
0 0.02726473175021988 0.0546875 0.022867194371152155 0.021875000000000002
0 0.022867194371152155 0.065625 0.024626209322779244 0.018750000000000003
0 0.13236587510993844 0.01015625 0.02550571679859279 0.0203125
2 0.5356200527704486 0.22890625 0.014072119613016711 0.0421875
