0 0.654353562005 0.1640625 0.0263852242744 0.04375
0 0.660070360598 0.19375 0.0255057167986 0.04375
0 0.719437115215 0.3953125 0.028144239226 0.05625
0 0.758575197889 0.4828125 0.0272647317502 0.05625
0 0.576517150396 0.478125 0.0184696569921 0.065625
0 0.491204925242 0.47421875 0.0272647317502 0.0453125
0 0.449428320141 0.48125 0.0299032541777 0.05
1 0.799032541777 0.61484375 0.0255057167986 0.1015625
0 0.318381706245 0.52734375 0.0351802990325 0.0578125
3 0.337730870712 0.59453125 0.0386983289358 0.0609375
0 0.404573438874 0.25390625 0.028144239226 0.0421875
2 0.0109938434477 0.0421875 0.0219876868953 0.040625
