0 0.14775725593667546 0.2890625 0.01934916446789798 0.037500000000000006
0 0.02946350043975374 0.39921875 0.02550571679859279 0.045312500000000006
0 0.07167985927880387 0.359375 0.018469656992084433 0.037500000000000006
0 0.08883025505716799 0.34296875000000004 0.01759014951627089 0.035937500000000004
0 0.32409850483729113 0.209375 0.02726473175021988 0.03125
0 0.27352682497801234 0.25234375000000003 0.029903254177660512 0.0328125
2 0.32893579595426564 0.1015625 0.01934916446789798 0.037500000000000006
3 0.4925241864555849 0.0625 0.024626209322779244 0.034375
0 0.602462620932278 0.37031250000000004 0.026385224274406333 0.043750000000000004
0 0.6029023746701847 0.43281250000000004 0.02726473175021988 0.043750000000000004
0 0.4212840809146878 0.66015625 0.03518029903254178 0.045312500000000006
0 0.7620932277924363 0.6781250000000001 0.02726473175021988 0.059375000000000004
0 0.7176781002638523 0.7609375 0.022867194371152155 0.065625
0 0.07739665787159192 0.9765625 0.04397537379067722 0.043750000000000004
