2 0.0386983289358 0.01875 0.028144239226 0.034375
0 0.308267370273 0.546875 0.0360598065084 0.05625
3 0.318381706245 0.6296875 0.0404573438874 0.065625
0 0.472295514512 0.46796875 0.0299032541777 0.0515625
0 0.526385224274 0.446875 0.0255057167986 0.04375
0 0.589709762533 0.51796875 0.0184696569921 0.0640625
0 0.737906772208 0.4125 0.0299032541777 0.05625
0 0.77528583993 0.50078125 0.0272647317502 0.0578125
1 0.813544415128 0.6328125 0.0246262093228 0.1
0 0.669744942832 0.18359375 0.0272647317502 0.0453125
0 0.698768689534 0.18359375 0.0255057167986 0.0421875
0 0.426121372032 0.2515625 0.0272647317502 0.040625
