0 0.514072119613 0.2640625 0.0272647317502 0.05
0 0.527704485488 0.3265625 0.0211081794195 0.05625
0 0.644678979771 0.34375 0.0316622691293 0.053125
0 0.688654353562 0.42109375 0.028144239226 0.0515625
0 0.346965699208 0.421875 0.0307827616535 0.059375
3 0.379507475814 0.4578125 0.0343007915567 0.0625
0 0.357519788918 0.55546875 0.0325417766051 0.0515625
0 0.353122251539 0.61328125 0.0272647317502 0.0515625
1 0.740545294635 0.56015625 0.0299032541777 0.1015625
0 0.983729111697 0.94375 0.0307827616535 0.059375
0 0.582673702726 0.09453125 0.023746701847 0.0453125
0 0.308267370273 0.2703125 0.0307827616535 0.0375
