0 0.46613896218117856 0.63984375 0.03518029903254178 0.0328125
0 0.7744063324538258 0.7585937500000001 0.029023746701846966 0.060937500000000006
0 0.8315743183817063 0.703125 0.030782761653474055 0.053125000000000006
0 0.6565523306948109 0.4453125 0.02550571679859279 0.046875
0 0.681618293755497 0.41718750000000004 0.026385224274406333 0.046875
0 0.39006156552330695 0.18671875000000002 0.02726473175021988 0.029687500000000002
0 0.2295514511873351 0.22812500000000002 0.01934916446789798 0.040625
0 0.1693051890941073 0.26640625 0.016710642040457344 0.035937500000000004
0 0.15259454705364997 0.278125 0.016710642040457344 0.034375
0 0.11125769569041337 0.309375 0.020228671943711522 0.046875
0 0.02770448548812665 0.36640625000000004 0.02198768689533861 0.0484375
0 0.00967458223394899 0.37812500000000004 0.01934916446789798 0.046875
2 0.4133685136323659 0.07578125000000001 0.0158311345646438 0.0390625
3 0.5769569041336852 0.06171875 0.026385224274406333 0.0328125
