2 0.5989445910290238 0.48750000000000004 0.0316622691292876 0.05
0 0.6248900615655233 0.4078125 0.02726473175021988 0.043750000000000004
0 0.6737027264731751 0.35390625000000003 0.024626209322779244 0.0421875
0 0.5153913808267371 0.42109375000000004 0.03342128408091469 0.029687500000000002
0 0.5061565523306948 0.67734375 0.03430079155672824 0.0484375
0 0.3724714160070361 0.7375 0.03605980650835532 0.059375000000000004
0 0.26253298153034305 0.73203125 0.03605980650835532 0.06406250000000001
0 0.29727352682497804 0.34296875000000004 0.029903254177660512 0.0390625
3 0.22119613016710643 0.10312500000000001 0.0237467018469657 0.037500000000000006
2 0.048372911169744945 0.22265625 0.026385224274406333 0.0390625
