0 0.700967458223 0.38203125 0.0316622691293 0.0515625
0 0.741424802111 0.4671875 0.0263852242744 0.059375
1 0.784520668426 0.6015625 0.028144239226 0.103125
0 0.564204045734 0.43671875 0.0202286719437 0.0609375
0 0.327616534741 0.50234375 0.0343007915567 0.0578125
0 0.425681618294 0.49609375 0.0299032541777 0.0484375
0 0.454705364996 0.5046875 0.0263852242744 0.046875
3 0.351802990325 0.56328125 0.0386983289358 0.0640625
0 0.380826737027 0.25546875 0.028144239226 0.0390625
0 0.636763412489 0.1453125 0.0246262093228 0.04375
0 0.621372031662 0.20546875 0.0272647317502 0.0421875
