0 0.06640281442392261 0.484375 0.032541776605101144 0.028125
0 0.24318381706244505 0.5398437500000001 0.03430079155672824 0.026562500000000003
0 0.004837291116974495 0.12734375 0.00967458223394899 0.0171875
0 0.007475813544415128 0.10859375 0.014951627088830256 0.0203125
0 0.00967458223394899 0.09453125000000001 0.01934916446789798 0.0171875
0 0.03869832893579596 0.01015625 0.024626209322779244 0.0140625
0 0.026824978012313105 0.043750000000000004 0.02198768689533861 0.021875000000000002
0 0.03474054529463501 0.025781250000000002 0.0237467018469657 0.0171875
0 0.020668425681618294 0.05859375 0.0237467018469657 0.0171875
0 0.013192612137203167 0.07578125000000001 0.026385224274406333 0.0234375
0 0.11037818821459983 0.032031250000000004 0.029023746701846966 0.0203125
0 0.5167106420404574 0.8125 0.03430079155672824 0.059375000000000004
0 0.6169744942832014 0.87109375 0.0395778364116095 0.045312500000000006
0 0.14951627088830255 0.9640625 0.03869832893579596 0.06875
0 0.9670184696569921 0.95078125 0.02726473175021988 0.0703125
