0 0.648636763412489 0.74609375 0.016710642040457344 0.0703125
0 0.6640281442392261 0.8734375000000001 0.029903254177660512 0.07187500000000001
0 0.43007915567282323 0.31171875000000004 0.024626209322779244 0.0390625
0 0.4986807387862797 0.42812500000000003 0.028144239226033423 0.043750000000000004
2 0.17106420404573439 0.1875 0.02198768689533861 0.040625
0 0.20844327176781002 0.2578125 0.024626209322779244 0.037500000000000006
0 0.16534740545294635 0.31796875 0.028144239226033423 0.0390625
0 0.335971855760774 0.0921875 0.024626209322779244 0.037500000000000006
0 0.3355321020228672 0.7125 0.03605980650835532 0.046875
0 0.9881266490765171 0.29453125 0.02198768689533861 0.0328125
