3 0.07475813544415127 0.16718750000000002 0.040457343887423045 0.059375000000000004
2 0.03562005277044855 0.2609375 0.03430079155672824 0.05625
2 0.12884784520668427 0.23515625 0.044854881266490766 0.06406250000000001
0 0.21591908531222517 0.5390625 0.02726473175021988 0.028125
0 0.3197009674582234 0.45859375 0.03430079155672824 0.045312500000000006
0 0.3579595426561126 0.50546875 0.028144239226033423 0.0421875
0 0.2981530343007916 0.64453125 0.029903254177660512 0.045312500000000006
0 0.3724714160070361 0.73359375 0.0395778364116095 0.060937500000000006
0 0.41380826737027265 0.78515625 0.03605980650835532 0.0578125
0 0.4067722075637643 0.5609375 0.032541776605101144 0.046875
0 0.43755496921723835 0.60078125 0.03430079155672824 0.051562500000000004
0 0.48680738786279687 0.6546875000000001 0.03605980650835532 0.053125000000000006
0 0.4986807387862797 0.88828125 0.036939313984168866 0.0546875
0 0.5932277924362357 0.78046875 0.03605980650835532 0.0546875
0 0.5782761653474054 0.98203125 0.03605980650835532 0.029687500000000002
0 0.6209322779243623 0.89375 0.03342128408091469 0.05
0 0.7352682497801232 0.7859375000000001 0.03518029903254178 0.059375000000000004
0 0.747141600703606 0.74921875 0.0395778364116095 0.0546875
0 0.8280562884784521 0.7234375000000001 0.02726473175021988 0.0625
0 0.3500439753737907 0.03515625 0.026385224274406333 0.0484375
0 0.8663148636763413 0.23984375000000002 0.021108179419525065 0.0421875
0 0.8777484608619174 0.20078125000000002 0.021108179419525065 0.0484375
