0 0.00439753737907 0.39765625 0.00879507475814 0.0265625
0 0.0303430079156 0.41953125 0.0307827616535 0.0359375
0 0.0510114335972 0.46171875 0.0316622691293 0.0359375
0 0.182497801231 0.69921875 0.0290237467018 0.0390625
0 0.399296394019 0.8171875 0.0369393139842 0.046875
0 0.443711521548 0.8484375 0.0360598065084 0.046875
0 0.495162708883 0.89375 0.0386983289358 0.05
0 0.512752858399 0.97421875 0.0369393139842 0.0484375
0 0.57563764292 0.9625 0.0413368513632 0.05625
0 0.992963940193 0.85 0.0123131046614 0.065625
