0 0.08091468777484609 0.09375 0.022867194371152155 0.034375
0 0.08970976253298153 0.10859375 0.024626209322779244 0.0328125
0 0.1983289357959543 0.0234375 0.02198768689533861 0.040625
0 0.08003518029903255 0.39375000000000004 0.029903254177660512 0.046875
0 0.16094986807387865 0.58984375 0.03342128408091469 0.0421875
0 0.20536499560246263 0.6171875 0.03430079155672824 0.040625
0 0.24494283201407213 0.6453125000000001 0.03605980650835532 0.043750000000000004
0 0.2884784520668426 0.67734375 0.03518029903254178 0.0421875
0 0.31618293755496923 0.7296875 0.03605980650835532 0.043750000000000004
0 0.3460861917326297 0.9085937500000001 0.03781882145998241 0.0390625
