2 0.011433597185576077 0.203125 0.022867194371152155 0.0625
0 0.19085312225153914 0.4234375 0.0316622691292876 0.046875
0 0.22823218997361477 0.47109375000000003 0.029023746701846966 0.0421875
0 0.2744063324538259 0.5281250000000001 0.029903254177660512 0.046875
0 0.30299032541776605 0.56484375 0.03430079155672824 0.0484375
0 0.351363236587511 0.6218750000000001 0.03605980650835532 0.05
0 0.45338610378188215 0.7429687500000001 0.03430079155672824 0.0484375
0 0.0870712401055409 0.51015625 0.029903254177660512 0.045312500000000006
0 0.16314863676341249 0.60859375 0.030782761653474055 0.045312500000000006
0 0.23570800351802992 0.69921875 0.03869832893579596 0.060937500000000006
0 0.2757255936675462 0.74921875 0.03605980650835532 0.0578125
0 0.35532102022867196 0.84921875 0.03518029903254178 0.0546875
0 0.4340369393139842 0.9578125000000001 0.03781882145998241 0.053125000000000006
0 0.5219876868953386 0.96796875 0.0395778364116095 0.0578125
0 0.5932277924362357 0.74765625 0.03781882145998241 0.060937500000000006
0 0.6072999120492525 0.7132812500000001 0.03781882145998241 0.0546875
0 0.6873350923482849 0.6882812500000001 0.02726473175021988 0.060937500000000006
0 0.6939313984168866 0.91171875 0.026385224274406333 0.0734375
0 0.9155672823218998 0.96640625 0.028144239226033423 0.060937500000000006
0 0.9318381706244504 0.9085937500000001 0.02726473175021988 0.060937500000000006
0 0.9661389621811786 0.8210937500000001 0.029023746701846966 0.06406250000000001
0 0.7546174142480211 0.1765625 0.021108179419525065 0.043750000000000004
