0 0.0118733509235 0.21640625 0.023746701847 0.0328125
0 0.143359718558 0.4515625 0.0316622691293 0.04375
0 0.321899736148 0.53828125 0.0351802990325 0.0421875
0 0.339050131926 0.61953125 0.0307827616535 0.0453125
0 0.386983289358 0.5859375 0.0351802990325 0.04375
0 0.443711521548 0.63359375 0.0360598065084 0.0453125
0 0.464819700967 0.71328125 0.0343007915567 0.0453125
0 0.523306948109 0.70078125 0.0386983289358 0.0484375
0 0.51671064204 0.77109375 0.0360598065084 0.0453125
0 0.551011433597 0.80078125 0.0343007915567 0.0453125
0 0.562445030783 0.76796875 0.03781882146 0.0453125
0 0.606420404573 0.76328125 0.0395778364116 0.0484375
0 0.930958663149 0.60703125 0.023746701847 0.0609375
2 0.950747581354 0.98046875 0.0562884784521 0.0359375
4 0.969217238347 0.265625 0.0510114335972 0.146875
