0 0.09718557607739667 0.43125 0.032541776605101144 0.037500000000000006
0 0.1266490765171504 0.45 0.029903254177660512 0.034375
0 0.4445910290237467 0.08750000000000001 0.030782761653474055 0.037500000000000006
0 0.494283201407212 0.07187500000000001 0.03342128408091469 0.040625
0 0.4907651715039578 0.12890625 0.029903254177660512 0.0390625
0 0.5197889182058048 0.14921875 0.029903254177660512 0.0328125
0 0.41864555848724716 0.48750000000000004 0.03518029903254178 0.043750000000000004
0 0.4463500439753738 0.6125 0.02550571679859279 0.0625
0 0.4670184696569921 0.63046875 0.026385224274406333 0.060937500000000006
0 0.6068601583113457 0.87109375 0.022867194371152155 0.0734375
0 0.48856640281442393 0.88203125 0.02550571679859279 0.0671875
0 0.855321020228672 0.00703125 0.016710642040457344 0.0140625
