0 0.0338610378188 0.29609375 0.0325417766051 0.0484375
0 0.0866314863676 0.38125 0.0290237467018 0.046875
3 0.1890941073 0.325 0.0386983289358 0.065625
2 0.236587510994 0.409375 0.0439753737907 0.06875
2 0.127088830255 0.66796875 0.0325417766051 0.0640625
0 0.28144239226 0.55390625 0.0299032541777 0.0484375
0 0.600703605981 0.01953125 0.0246262093228 0.0390625
0 0.572999120493 0.07265625 0.0272647317502 0.0484375
0 0.521987686895 0.16640625 0.0255057167986 0.0453125
0 0.47273526825 0.24296875 0.0272647317502 0.0515625
0 0.41600703606 0.68984375 0.0334212840809 0.0546875
0 0.308267370273 0.7609375 0.0290237467018 0.05
0 0.452946350044 0.75 0.0299032541777 0.05
0 0.381706244503 0.88984375 0.0299032541777 0.0546875
0 0.499120492524 0.825 0.0325417766051 0.05625
0 0.529023746702 0.87578125 0.0360598065084 0.0609375
0 0.446789797713 0.9828125 0.0299032541777 0.028125
0 0.578715919085 0.95234375 0.0369393139842 0.0671875
