0 0.0831134564644 0.47890625 0.0325417766051 0.0359375
0 0.112576956904 0.49765625 0.0316622691293 0.0359375
0 0.434476693052 0.12734375 0.0299032541777 0.0359375
0 0.511433597186 0.13046875 0.0343007915567 0.0421875
0 0.479771328056 0.16875 0.0307827616535 0.040625
0 0.509674582234 0.19140625 0.0307827616535 0.0359375
0 0.85092348285 0.0265625 0.0202286719437 0.053125
0 0.407211961302 0.53359375 0.0351802990325 0.0421875
0 0.433157431838 0.66328125 0.0272647317502 0.0703125
0 0.455145118734 0.6796875 0.0290237467018 0.065625
0 0.475373790677 0.93671875 0.0272647317502 0.0703125
0 0.552330694811 0.94765625 0.0246262093228 0.0640625
0 0.596745822339 0.9265625 0.023746701847 0.075
