0 0.0285839929639 0.16484375 0.0343007915567 0.0453125
0 0.113896218118 0.26484375 0.0325417766051 0.0453125
0 0.0175901495163 0.35 0.0351802990325 0.05
0 0.080035180299 0.4328125 0.0404573438874 0.04375
4 0.248900615655 0.59921875 0.0967458223395 0.1171875
0 0.317502198769 0.6609375 0.0351802990325 0.05625
0 0.238786279683 0.26171875 0.0307827616535 0.0515625
0 0.252418645558 0.234375 0.0334212840809 0.04375
0 0.318381706245 0.3875 0.028144239226 0.059375
0 0.513192612137 0.4375 0.0272647317502 0.05
0 0.533421284081 0.39375 0.0272647317502 0.05625
0 0.571679859279 0.32265625 0.0263852242744 0.0546875
0 0.636323658751 0.14765625 0.0272647317502 0.0515625
0 0.688214599824 0.19140625 0.023746701847 0.0515625
