0 0.00395778364116095 0.36250000000000004 0.0079155672823219 0.025
0 0.03737906772207564 0.38593750000000004 0.030782761653474055 0.034375
0 0.06640281442392261 0.40234375 0.032541776605101144 0.035937500000000004
0 0.10510114335971857 0.4296875 0.032541776605101144 0.034375
0 0.1279683377308707 0.4703125 0.030782761653474055 0.034375
0 0.2717678100263852 0.7210937500000001 0.01934916446789798 0.0328125
0 0.4925241864555849 0.84375 0.036939313984168866 0.046875
0 0.5364995602462621 0.8757812500000001 0.036939313984168866 0.0484375
0 0.5901495162708883 0.921875 0.03869832893579596 0.05
0 0.6728232189973615 0.98203125 0.04397537379067722 0.0328125
0 0.6072999120492525 0.9859375 0.029023746701846966 0.025
