0 0.12401055408970976 0.278125 0.028144239226033423 0.03125
0 0.15127528583992964 0.29531250000000003 0.0316622691292876 0.034375
0 0.4335971855760774 0.325 0.03342128408091469 0.040625
0 0.5303430079155673 0.009375000000000001 0.029903254177660512 0.018750000000000003
0 0.616094986807388 0.67890625 0.02198768689533861 0.0671875
0 0.5017590149516271 0.6882812500000001 0.0237467018469657 0.0671875
0 0.5787159190853123 0.8359375 0.024626209322779244 0.06875
0 0.4511873350923483 0.90546875 0.028144239226033423 0.0734375
0 0.43183817062445035 0.9859375 0.01759014951627089 0.021875000000000002
0 0.5474934036939314 0.9851562500000001 0.020228671943711522 0.026562500000000003
