3 0.1253298153034301 0.31015625 0.04133685136323659 0.060937500000000006
0 0.024186455584872472 0.38828125 0.030782761653474055 0.0421875
2 0.18117854001759015 0.38203125000000004 0.04573438874230431 0.0671875
2 0.12093227792436237 0.5328125 0.0237467018469657 0.065625
0 0.3817062445030783 0.61640625 0.03518029903254178 0.045312500000000006
0 0.2801231310466139 0.7093750000000001 0.030782761653474055 0.037500000000000006
0 0.4230430958663149 0.6687500000000001 0.029903254177660512 0.046875
0 0.3627968337730871 0.8203125 0.030782761653474055 0.05
0 0.4736147757255937 0.7273437500000001 0.032541776605101144 0.0484375
0 0.5052770448548813 0.765625 0.03605980650835532 0.053125000000000006
0 0.5584872471416007 0.828125 0.03869832893579596 0.05625
0 0.5145118733509235 0.85859375 0.0316622691292876 0.051562500000000004
0 0.4415127528583993 0.9148437500000001 0.040457343887423045 0.06406250000000001
0 0.4863676341248901 0.96875 0.040457343887423045 0.059375000000000004
0 0.671943711521548 0.9625 0.03869832893579596 0.05625
0 0.8447669305189095 0.940625 0.016710642040457344 0.03125
0 0.8258575197889182 0.978125 0.029903254177660512 0.040625
0 0.91688654353562 0.8992187500000001 0.029023746701846966 0.0671875
0 0.40589270008795075 0.16562500000000002 0.02726473175021988 0.053125000000000006
0 0.4511873350923483 0.07890625000000001 0.024626209322779244 0.0421875
0 0.9555848724714161 0.33359375 0.02198768689533861 0.045312500000000006
0 0.94415127528584 0.37734375000000003 0.02198768689533861 0.045312500000000006
