0 0.014072119613 0.3265625 0.028144239226 0.040625
3 0.116094986807 0.253125 0.0422163588391 0.059375
2 0.170624450308 0.3234375 0.0439753737907 0.0625
2 0.105540897098 0.4265625 0.028144239226 0.0625
0 0.266490765172 0.63671875 0.028144239226 0.0328125
0 0.368073878628 0.55234375 0.0343007915567 0.0453125
0 0.408531222515 0.60234375 0.0307827616535 0.0453125
0 0.347405452946 0.74921875 0.0299032541777 0.0453125
0 0.458223394899 0.65859375 0.0316622691293 0.0453125
0 0.48944591029 0.70078125 0.0360598065084 0.0546875
0 0.425241864556 0.84140625 0.0395778364116 0.0609375
0 0.467897977133 0.8953125 0.0351802990325 0.059375
0 0.541336851363 0.75859375 0.0360598065084 0.0546875
0 0.559366754617 0.86171875 0.0334212840809 0.0484375
0 0.652154793316 0.88984375 0.03781882146 0.0546875
0 0.551451187335 0.98359375 0.028144239226 0.0234375
0 0.799472295515 0.89921875 0.0351802990325 0.0515625
0 0.816622691293 0.8640625 0.0255057167986 0.040625
0 0.892260334213 0.8265625 0.0290237467018 0.065625
0 0.394459102902 0.11328125 0.0255057167986 0.0515625
0 0.436675461741 0.02890625 0.023746701847 0.0453125
0 0.934036939314 0.2796875 0.0211081794195 0.046875
0 0.923043095866 0.321875 0.0219876868953 0.04375
