0 0.09806508355321021 0.4109375 0.032541776605101144 0.046875
0 0.13368513632365875 0.45625000000000004 0.028144239226033423 0.037500000000000006
0 0.17854001759014954 0.509375 0.029903254177660512 0.043750000000000004
0 0.20668425681618294 0.54921875 0.03518029903254178 0.051562500000000004
0 0.2537379067722076 0.6023437500000001 0.03430079155672824 0.051562500000000004
0 0.35268249780123134 0.72265625 0.03518029903254178 0.051562500000000004
0 0.06684256816182937 0.59296875 0.029903254177660512 0.045312500000000006
0 0.1358839050131926 0.6796875 0.04133685136323659 0.0625
0 0.1741424802110818 0.7289062500000001 0.03869832893579596 0.0546875
0 0.25285839929639403 0.828125 0.03605980650835532 0.05
0 0.335971855760774 0.8445312500000001 0.03869832893579596 0.0546875
0 0.32849604221635886 0.9343750000000001 0.03781882145998241 0.053125000000000006
0 0.4920844327176781 0.7250000000000001 0.03605980650835532 0.059375000000000004
0 0.5052770448548813 0.6882812500000001 0.03781882145998241 0.0546875
0 0.5857519788918206 0.66328125 0.029903254177660512 0.060937500000000006
0 0.5875109938434477 0.88203125 0.029903254177660512 0.07968750000000001
0 0.809146877748461 0.9398437500000001 0.029903254177660512 0.0671875
0 0.8267370272647317 0.8796875000000001 0.028144239226033423 0.065625
0 0.8636763412489007 0.7921875 0.028144239226033423 0.065625
0 0.9226033421284081 0.5796875 0.028144239226033423 0.059375000000000004
0 0.6631486367634125 0.153125 0.01759014951627089 0.040625
