0 0.2484608619173263 0.07109375 0.0237467018469657 0.0421875
0 0.13060686015831136 0.14453125 0.0237467018469657 0.0421875
0 0.13940193491644678 0.15859375 0.02550571679859279 0.0390625
0 0.19217238346525947 0.35000000000000003 0.013192612137203167 0.025
0 0.17854001759014954 0.8109375000000001 0.03869832893579596 0.034375
0 0.22427440633245382 0.6671875 0.03518029903254178 0.046875
0 0.2691292875989446 0.6953125 0.03518029903254178 0.040625
0 0.3113456464379947 0.72578125 0.036939313984168866 0.0421875
0 0.35708003518029907 0.7625000000000001 0.036939313984168866 0.046875
0 0.38698328935795956 0.8140625 0.036939313984168866 0.046875
0 0.4146877748460862 0.9906250000000001 0.02198768689533861 0.015625
0 0.003518029903254178 0.49609375 0.007036059806508356 0.026562500000000003
