0 0.007036059806508356 0.037500000000000006 0.014072119613016711 0.034375
0 0.0395778364116095 0.07890625000000001 0.028144239226033423 0.035937500000000004
0 0.06508355321020229 0.109375 0.029903254177660512 0.037500000000000006
0 0.10642040457343888 0.1546875 0.0316622691292876 0.040625
0 0.007036059806508356 0.22109375 0.014072119613016711 0.035937500000000004
0 0.029903254177660512 0.25546875 0.03342128408091469 0.045312500000000006
0 0.19261213720316622 0.25078125 0.029903254177660512 0.0421875
0 0.09850483729111698 0.33671875 0.03518029903254178 0.045312500000000006
0 0.3170624450307828 0.25390625 0.032541776605101144 0.051562500000000004
0 0.3306948109058927 0.22421875000000002 0.03518029903254178 0.0484375
0 0.16402814423922604 0.42265625 0.03781882145998241 0.0484375
0 0.3992963940193492 0.37812500000000004 0.028144239226033423 0.059375000000000004
0 0.40325417766051014 0.6484375 0.03430079155672824 0.059375000000000004
0 0.5932277924362357 0.42734375 0.02550571679859279 0.0546875
0 0.612137203166227 0.37812500000000004 0.026385224274406333 0.053125000000000006
0 0.6495162708883025 0.309375 0.02726473175021988 0.05625
0 0.7119613016710642 0.13593750000000002 0.0237467018469657 0.053125000000000006
0 0.8139841688654353 0.039843750000000004 0.02198768689533861 0.0484375
4 0.33509234828496043 0.5867187500000001 0.0949868073878628 0.11093750000000001
