0 0.04353562005277045 0.39687500000000003 0.03781882145998241 0.040625
0 0.08531222515391382 0.50234375 0.03518029903254178 0.0390625
0 0.22559366754617416 0.56953125 0.03430079155672824 0.051562500000000004
0 0.20800351802990327 0.59609375 0.03781882145998241 0.0421875
0 0.26868953386103783 0.58515625 0.0395778364116095 0.0484375
0 0.25725593667546176 0.65390625 0.03430079155672824 0.045312500000000006
0 0.28935795954265614 0.6796875 0.03518029903254178 0.040625
0 0.34740545294635006 0.6468750000000001 0.03869832893579596 0.05
4 0.7396657871591908 0.15937500000000002 0.05101143359718558 0.14375000000000002
0 0.677660510114336 0.49765625 0.0237467018469657 0.06406250000000001
2 0.6961301671064204 0.88984375 0.04661389621811786 0.0578125
0 0.7132805628847846 0.9625 0.03518029903254178 0.05
0 0.905452946350044 0.753125 0.030782761653474055 0.043750000000000004
