0 0.0910290237467 0.3953125 0.0325417766051 0.0375
0 0.138082673703 0.42578125 0.0316622691293 0.0328125
0 0.167106420405 0.4421875 0.0316622691293 0.0375
0 0.206684256816 0.47109375 0.0334212840809 0.0390625
0 0.231310466139 0.5140625 0.0334212840809 0.0375
0 0.380826737027 0.7640625 0.0334212840809 0.040625
0 0.389621811785 0.9796875 0.0211081794195 0.0375
0 0.616974494283 0.89453125 0.03781882146 0.0390625
0 0.662269129288 0.93125 0.0369393139842 0.05
0 0.718997361478 0.975 0.0413368513632 0.04375
