0 0.9120492524186457 0.8992187500000001 0.029903254177660512 0.0671875
0 0.4718557607739666 0.35078125000000004 0.02198768689533861 0.0390625
2 0.5114335971855761 0.403125 0.032541776605101144 0.059375000000000004
0 0.5439753737906773 0.46171875 0.02726473175021988 0.045312500000000006
3 0.45074758135444154 0.109375 0.02550571679859279 0.03125
2 0.22559366754617416 0.07109375 0.020228671943711522 0.0390625
2 0.28408091468777485 0.15546875000000002 0.01934916446789798 0.0390625
0 0.20712401055408972 0.30546875 0.029023746701846966 0.0328125
0 0.10158311345646438 0.35703125 0.0237467018469657 0.045312500000000006
0 0.03825857519788919 0.41328125000000004 0.02198768689533861 0.045312500000000006
0 0.018909410729991204 0.42812500000000003 0.020228671943711522 0.040625
