0 0.0272647317502 0.36484375 0.0316622691293 0.0453125
4 0.158311345646 0.71875 0.0967458223395 0.121875
0 0.227792436236 0.78203125 0.0316622691293 0.0609375
0 0.154793315743 0.36640625 0.0351802990325 0.0515625
0 0.169744942832 0.3359375 0.0351802990325 0.05
0 0.232189973615 0.49296875 0.0316622691293 0.0609375
0 0.506596306069 0.5578125 0.028144239226 0.05625
0 0.434036939314 0.54375 0.0255057167986 0.05625
0 0.45382585752 0.49453125 0.0263852242744 0.0546875
0 0.496042216359 0.421875 0.0263852242744 0.05625
0 0.563764291996 0.2375 0.028144239226 0.053125
0 0.00527704485488 0.55546875 0.0105540897098 0.0328125
