0 0.0787159190853 0.41640625 0.0360598065084 0.0421875
0 0.170624450308 0.4921875 0.0369393139842 0.04375
0 0.14072119613 0.53828125 0.0369393139842 0.0421875
0 0.266490765172 0.63515625 0.0351802990325 0.0453125
0 0.299912049252 0.634375 0.0334212840809 0.053125
0 0.327616534741 0.6265625 0.0395778364116 0.05
0 0.316622691293 0.69453125 0.0351802990325 0.0453125
0 0.349164467898 0.72109375 0.0351802990325 0.0453125
0 0.40765171504 0.6859375 0.03781882146 0.053125
2 0.744942832014 0.92421875 0.0492524186456 0.0578125
0 0.738786279683 0.53828125 0.0246262093228 0.0609375
4 0.795074758135 0.19921875 0.0527704485488 0.1453125
0 0.971855760774 0.79921875 0.0299032541777 0.0390625
