0 0.8381706244503079 0.19375 0.0158311345646438 0.043750000000000004
0 0.8355321020228672 0.2421875 0.0158311345646438 0.05
0 0.3623570800351803 0.026562500000000003 0.01934916446789798 0.043750000000000004
0 0.3482849604221636 0.09765625 0.021108179419525065 0.051562500000000004
0 0.3232189973614776 0.22265625 0.020228671943711522 0.051562500000000004
0 0.2977132805628848 0.33125000000000004 0.02198768689533861 0.059375000000000004
3 0.036499560246262094 0.6421875 0.05013192612137203 0.046875
2 0.1077396657871592 0.6804687500000001 0.051890941072999124 0.0546875
0 0.3548812664907652 0.7890625 0.03781882145998241 0.037500000000000006
0 0.40589270008795075 0.81171875 0.03430079155672824 0.0390625
0 0.4670184696569921 0.8375 0.036939313984168866 0.037500000000000006
0 0.5052770448548813 0.85703125 0.0395778364116095 0.0421875
0 0.5664028144239226 0.8812500000000001 0.040457343887423045 0.040625
0 0.27308707124010556 0.9476562500000001 0.032541776605101144 0.029687500000000002
0 0.37730870712401055 0.9890625000000001 0.03342128408091469 0.018750000000000003
0 0.6965699208443272 0.9359375000000001 0.03869832893579596 0.037500000000000006
0 0.9036939313984169 0.7289062500000001 0.020228671943711522 0.0671875
