0 0.00791556728232 0.4015625 0.0158311345646 0.03125
0 0.0373790677221 0.425 0.0325417766051 0.0375
0 0.0593667546174 0.46640625 0.0325417766051 0.0359375
0 0.191292875989 0.70859375 0.0290237467018 0.0421875
0 0.412489006157 0.8296875 0.0351802990325 0.046875
0 0.395778364116 0.8875 0.0228671943712 0.040625
0 0.454265611258 0.86015625 0.0360598065084 0.0453125
0 0.506596306069 0.90546875 0.0386983289358 0.0484375
0 0.525505716799 0.97890625 0.0360598065084 0.0390625
0 0.587071240106 0.97265625 0.0430958663149 0.0515625
