0 0.5237467018469657 0.290625 0.02198768689533861 0.037500000000000006
2 0.5628847845206685 0.34765625 0.0316622691292876 0.06406250000000001
0 0.5941072999120492 0.40546875000000004 0.029023746701846966 0.0484375
0 0.3170624450307828 0.028125 0.018469656992084433 0.03125
2 0.3438874230430959 0.08984375 0.01759014951627089 0.0328125
3 0.5079155672823219 0.0484375 0.02550571679859279 0.034375
2 0.287598944591029 0.0125 0.021108179419525065 0.025
0 0.26517150395778366 0.23828125 0.029023746701846966 0.035937500000000004
0 0.1613896218117854 0.27734375 0.018469656992084433 0.035937500000000004
0 0.10246262093227793 0.33125000000000004 0.014951627088830256 0.034375
0 0.08663148636763413 0.34687500000000004 0.020228671943711522 0.040625
0 0.044415127528583995 0.3875 0.0237467018469657 0.046875
0 0.9591029023746702 0.8546875 0.029023746701846966 0.06875
