4 0.711521547933 0.0796875 0.0527704485488 0.146875
0 0.649516270888 0.4109375 0.023746701847 0.059375
0 0.189973614776 0.459375 0.0334212840809 0.046875
0 0.189533861038 0.50859375 0.0360598065084 0.0421875
0 0.247141600704 0.49609375 0.0386983289358 0.0484375
0 0.323658751099 0.55390625 0.0369393139842 0.0453125
0 0.236147757256 0.5609375 0.0325417766051 0.040625
0 0.268249780123 0.5859375 0.0334212840809 0.0375
0 0.251978891821 0.97109375 0.0430958663149 0.0484375
0 0.592788038698 0.77578125 0.0334212840809 0.0421875
2 0.694371152155 0.8078125 0.0466138962181 0.059375
0 0.0699208443272 0.41875 0.0343007915567 0.0375
0 0.870712401055 0.64765625 0.0299032541777 0.0359375
