0 0.10246262093227793 0.12109375 0.0237467018469657 0.035937500000000004
0 0.11125769569041337 0.13671875 0.02550571679859279 0.035937500000000004
0 0.22075637642919965 0.0484375 0.022867194371152155 0.040625
0 0.1376429199648197 0.371875 0.029023746701846966 0.043750000000000004
0 0.18821459982409852 0.6335937500000001 0.03342128408091469 0.045312500000000006
0 0.23350923482849606 0.6625000000000001 0.03430079155672824 0.040625
0 0.2744063324538259 0.6921875000000001 0.036939313984168866 0.043750000000000004
0 0.31926121372031663 0.72578125 0.036939313984168866 0.045312500000000006
0 0.3482849604221636 0.78046875 0.036939313984168866 0.0484375
0 0.380386983289358 0.9656250000000001 0.0395778364116095 0.043750000000000004
