0 0.9182058047493404 0.08281250000000001 0.026385224274406333 0.05
0 0.8175021987686896 0.35546875 0.02726473175021988 0.0578125
0 0.7590149516270889 0.5484375 0.026385224274406333 0.059375000000000004
0 0.7216358839050132 0.6273437500000001 0.029023746701846966 0.060937500000000006
0 0.7031662269129287 0.6804687500000001 0.02726473175021988 0.060937500000000006
0 0.5057167985927881 0.9328125 0.03518029903254178 0.065625
4 0.43447669305189096 0.86640625 0.10026385224274406 0.1203125
0 0.4938434476693052 0.6273437500000001 0.030782761653474055 0.0734375
0 0.40765171503957787 0.48828125 0.032541776605101144 0.0546875
0 0.4204045734388743 0.45703125 0.03518029903254178 0.0484375
0 0.2484608619173263 0.67890625 0.03605980650835532 0.0484375
0 0.2748460861917326 0.48828125 0.032541776605101144 0.0484375
0 0.1772207563764292 0.584375 0.03430079155672824 0.053125000000000006
0 0.18161829375549693 0.37890625 0.032541776605101144 0.045312500000000006
0 0.10378188214599825 0.49140625000000004 0.03518029903254178 0.0484375
0 0.10510114335971857 0.4140625 0.03605980650835532 0.05
0 0.0681618293755497 0.44843750000000004 0.03781882145998241 0.05625
0 0.13808267370272648 0.33046875000000003 0.03342128408091469 0.045312500000000006
0 0.11213720316622691 0.296875 0.029023746701846966 0.043750000000000004
0 0.007475813544415128 0.37109375 0.014951627088830256 0.0390625
