2 0.048812664907651716 0.20234375000000002 0.04309586631486368 0.06406250000000001
0 0.13676341248900617 0.5140625 0.029023746701846966 0.043750000000000004
0 0.23834652594547054 0.4265625 0.03342128408091469 0.046875
0 0.2744063324538259 0.47265625 0.028144239226033423 0.0421875
0 0.3227792436235708 0.52890625 0.0316622691292876 0.045312500000000006
0 0.35224274406332456 0.56796875 0.03605980650835532 0.051562500000000004
0 0.401495162708883 0.6218750000000001 0.03605980650835532 0.053125000000000006
0 0.21284080914687775 0.6109375 0.029903254177660512 0.043750000000000004
0 0.2849604221635884 0.6984375 0.03869832893579596 0.059375000000000004
0 0.32585751978891825 0.74765625 0.03430079155672824 0.0546875
0 0.4067722075637643 0.85078125 0.03781882145998241 0.0546875
0 0.5035180299032542 0.74375 0.03605980650835532 0.053125000000000006
0 0.4863676341248901 0.9578125000000001 0.03869832893579596 0.053125000000000006
0 0.6437994722955146 0.75 0.036939313984168866 0.053125000000000006
0 0.6556728232189974 0.7132812500000001 0.0395778364116095 0.051562500000000004
0 0.7365875109938435 0.6898437500000001 0.02726473175021988 0.06406250000000001
0 0.5879507475813545 0.9796875 0.02726473175021988 0.034375
0 0.6477572559366755 0.9828125000000001 0.03430079155672824 0.03125
0 0.7462620932277925 0.9125000000000001 0.02726473175021988 0.078125
0 0.9824098504837292 0.909375 0.029903254177660512 0.0625
0 0.9687774846086192 0.96875 0.02726473175021988 0.059375000000000004
0 0.7981530343007915 0.178125 0.020228671943711522 0.043750000000000004
0 0.7836411609498681 0.215625 0.0158311345646438 0.037500000000000006
