0 0.11961301671064205 0.42109375000000004 0.03342128408091469 0.045312500000000006
0 0.15435356200527706 0.465625 0.029023746701846966 0.040625
0 0.20052770448548812 0.52109375 0.0316622691292876 0.045312500000000006
0 0.22911169744942833 0.56015625 0.03430079155672824 0.051562500000000004
0 0.27660510114335973 0.6140625000000001 0.03605980650835532 0.053125000000000006
0 0.3768689533861038 0.7359375 0.03430079155672824 0.053125000000000006
0 0.08839050131926121 0.6023437500000001 0.030782761653474055 0.045312500000000006
0 0.15875109938434478 0.690625 0.0395778364116095 0.059375000000000004
0 0.19744942832014073 0.7406250000000001 0.03605980650835532 0.05625
0 0.27660510114335973 0.84375 0.03605980650835532 0.05625
0 0.39050131926121373 0.8968750000000001 0.040457343887423045 0.059375000000000004
0 0.3531222515391381 0.9484375 0.0395778364116095 0.053125000000000006
0 0.5153913808267371 0.73828125 0.03518029903254178 0.0578125
0 0.5299032541776605 0.703125 0.03781882145998241 0.05625
0 0.6108179419525066 0.6765625000000001 0.029023746701846966 0.059375000000000004
0 0.8891820580474934 0.8093750000000001 0.026385224274406333 0.065625
0 0.8531222515391381 0.8968750000000001 0.028144239226033423 0.0625
0 0.8346525945470537 0.9554687500000001 0.026385224274406333 0.06406250000000001
0 0.016270888302550572 0.50390625 0.02726473175021988 0.0390625
0 0.6134564643799473 0.8984375 0.029023746701846966 0.07500000000000001
0 0.6855760773966579 0.16328125000000002 0.018469656992084433 0.0390625
