0 0.747581354442 0.17265625 0.0175901495163 0.0234375
0 0.665787159191 0.153125 0.0158311345646 0.021875
0 0.708883025506 0.17890625 0.014072119613 0.0171875
0 0.733948988566 0.18359375 0.0184696569921 0.0265625
0 0.715039577836 0.20546875 0.0193491644679 0.0265625
0 0.693931398417 0.225 0.0193491644679 0.028125
0 0.727352682498 0.19296875 0.0193491644679 0.0265625
0 0.650835532102 0.16328125 0.0158311345646 0.0203125
0 0.590589270009 0.215625 0.0149516270888 0.021875
0 0.601143359719 0.2109375 0.0167106420405 0.01875
0 0.614775725594 0.19296875 0.0175901495163 0.0265625
0 0.624890061566 0.18515625 0.0149516270888 0.0203125
0 0.634564643799 0.17890625 0.0149516270888 0.0234375
0 0.645998240985 0.171875 0.0167106420405 0.021875
0 0.598065083553 0.12734375 0.0175901495163 0.0203125
0 0.576077396658 0.18671875 0.0175901495163 0.0171875
0 0.208443271768 0.1796875 0.0158311345646 0.025
2 0.299472295515 0.296875 0.0167106420405 0.0375
2 0.313544415128 0.296875 0.0184696569921 0.028125
2 0.351363236588 0.37421875 0.0167106420405 0.0359375
0 0.1218117854 0.03828125 0.0131926121372 0.0203125
0 0.220756376429 0.04765625 0.0123131046614 0.0171875
0 0.247581354442 0.09296875 0.0114335971856 0.0171875
3 0.510114335972 0.34140625 0.0228671943712 0.0296875
0 0.524626209323 0.56875 0.0219876868953 0.0375
2 0.562005277045 0.6234375 0.0334212840809 0.0625
0 0.595426561126 0.6859375 0.028144239226 0.046875
0 0.270008795075 0.51328125 0.0263852242744 0.0296875
0 0.0417766051011 0.65546875 0.0219876868953 0.0453125
0 0.0861917326297 0.61484375 0.0193491644679 0.0390625
0 0.167106420405 0.55234375 0.0211081794195 0.0359375
0 0.10510114336 0.6015625 0.0184696569921 0.04375
0 0.949868073879 0.03125 0.0158311345646 0.015625
0 0.853562005277 0.00625 0.0131926121372 0.0125
0 0.891820580475 0.03046875 0.0123131046614 0.0203125
0 0.900175901495 0.03828125 0.00967458223395 0.0140625
2 0.911169744943 0.03984375 0.0123131046614 0.0203125
3 0.919525065963 0.0484375 0.0114335971856 0.015625
0 0.927880386983 0.0578125 0.0123131046614 0.015625
0 0.947669305189 0.06796875 0.0131926121372 0.0171875
0 0.937115215479 0.0640625 0.0114335971856 0.015625
0 0.956024626209 0.075 0.0123131046614 0.015625
0 0.875109938434 0.0203125 0.0123131046614 0.01875
0 0.863236587511 0.0125 0.0114335971856 0.015625
