0 0.007036059806508356 0.50703125 0.014072119613016711 0.0390625
0 0.010114335971855761 0.584375 0.020228671943711522 0.05
0 0.12708883025505718 0.496875 0.03605980650835532 0.05625
0 0.1437994722955145 0.465625 0.03605980650835532 0.05
0 0.20844327176781002 0.6328125 0.0316622691292876 0.065625
4 0.1279683377308707 0.8734375000000001 0.1029023746701847 0.11875000000000001
0 0.20140721196130168 0.9390625 0.03518029903254178 0.065625
0 0.395778364116095 0.9375 0.0316622691292876 0.06875
0 0.41424802110817943 0.6843750000000001 0.028144239226033423 0.059375000000000004
0 0.4353562005277045 0.62890625 0.028144239226033423 0.060937500000000006
0 0.47889182058047497 0.55390625 0.02726473175021988 0.0578125
0 0.5488126649076518 0.35859375000000004 0.029903254177660512 0.0578125
0 0.6693051890941073 0.08359375000000001 0.024626209322779244 0.051562500000000004
0 0.6842568161829375 0.02734375 0.022867194371152155 0.0484375
