0 0.0334212840809 0.8765625 0.0404573438874 0.05625
0 0.0175901495163 0.9125 0.0351802990325 0.0625
0 0.437115215479 0.96796875 0.0369393139842 0.0609375
0 0.399296394019 0.971875 0.0316622691293 0.053125
0 0.481530343008 0.74453125 0.0325417766051 0.0671875
0 0.613896218118 0.421875 0.0263852242744 0.059375
0 0.648636763412 0.41328125 0.0290237467018 0.0640625
0 0.631046613896 0.35390625 0.0255057167986 0.0546875
0 0.682497801231 0.23515625 0.0246262093228 0.0546875
0 0.752858399296 0.20234375 0.0246262093228 0.0515625
0 0.779683377309 0.13046875 0.0255057167986 0.0515625
0 0.807387862797 0.16796875 0.0246262093228 0.0515625
0 0.826737027265 0.10625 0.0228671943712 0.053125
0 0.819700967458 0.01640625 0.0228671943712 0.0328125
0 0.856200527704 0.009375 0.0202286719437 0.01875
