0 0.3144239226033421 0.09140625000000001 0.020228671943711522 0.0390625
0 0.19656992084432717 0.16640625 0.0237467018469657 0.0390625
0 0.20800351802990327 0.18203125 0.0237467018469657 0.0390625
0 0.008355321020228672 0.47578125000000004 0.016710642040457344 0.051562500000000004
0 0.02770448548812665 0.49140625000000004 0.016710642040457344 0.0546875
0 0.04705364995602463 0.50625 0.016710642040457344 0.053125000000000006
0 0.07167985927880387 0.5203125000000001 0.02550571679859279 0.05
0 0.31002638522427445 0.70234375 0.03605980650835532 0.045312500000000006
0 0.2695690413368514 0.8500000000000001 0.03781882145998241 0.037500000000000006
0 0.3562005277044855 0.73203125 0.03518029903254178 0.0421875
0 0.3992963940193492 0.76328125 0.036939313984168866 0.045312500000000006
0 0.44722955145118737 0.7984375 0.03605980650835532 0.046875
0 0.47889182058047497 0.8546875 0.03781882145998241 0.046875
