0 0.40281442392260336 0.8992187500000001 0.03518029903254178 0.0765625
0 0.3962181178540018 0.8187500000000001 0.03430079155672824 0.07187500000000001
0 0.44283201407211964 0.8953125000000001 0.032541776605101144 0.06875
0 0.4182058047493404 0.4765625 0.032541776605101144 0.043750000000000004
0 0.5369393139841689 0.48125 0.029023746701846966 0.059375000000000004
0 0.5562884784520669 0.4140625 0.02726473175021988 0.05625
0 0.6094986807387863 0.2890625 0.026385224274406333 0.05625
0 0.6939313984168866 0.22265625 0.026385224274406333 0.0546875
0 0.7396657871591908 0.21406250000000002 0.024626209322779244 0.053125000000000006
0 0.7405452946350044 0.1015625 0.024626209322779244 0.053125000000000006
0 0.7603342128408092 0.153125 0.02550571679859279 0.053125000000000006
0 0.7946350043975374 0.03671875 0.02550571679859279 0.0484375
0 0.2515391380826737 0.278125 0.026385224274406333 0.034375
