4 0.029903254177660512 0.8601562500000001 0.059806508355321024 0.1203125
0 0.05496921723834653 0.73203125 0.03605980650835532 0.0546875
0 0.247141600703606 0.9343750000000001 0.036939313984168866 0.034375
0 0.3830255057167986 0.9 0.02198768689533861 0.07187500000000001
0 0.36939313984168864 0.7296875 0.029903254177660512 0.0625
0 0.39182058047493407 0.6742187500000001 0.029023746701846966 0.060937500000000006
0 0.4371152154793316 0.5953125 0.0316622691292876 0.05625
0 0.509674582233949 0.3984375 0.029023746701846966 0.059375000000000004
0 0.6314863676341249 0.11953125 0.024626209322779244 0.0546875
0 0.6477572559366755 0.06171875 0.0237467018469657 0.0484375
0 0.702726473175022 0.0171875 0.026385224274406333 0.034375
0 0.10114335971855762 0.509375 0.036939313984168866 0.05
0 0.08575197889182058 0.54140625 0.03430079155672824 0.0546875
