0 0.21635883905 0.25703125 0.0263852242744 0.0328125
0 0.381706244503 0.45390625 0.0316622691293 0.0390625
0 0.35708003518 0.79140625 0.0316622691293 0.0671875
0 0.488126649077 0.64609375 0.0299032541777 0.0578125
0 0.501319261214 0.4578125 0.028144239226 0.059375
0 0.521547933157 0.390625 0.0246262093228 0.05625
0 0.574758135444 0.26953125 0.023746701847 0.0546875
0 0.677660510114 0.159375 0.0255057167986 0.053125
0 0.704485488127 0.19921875 0.0246262093228 0.0515625
0 0.725153913808 0.13828125 0.0255057167986 0.0546875
0 0.729991204925 0.02890625 0.0263852242744 0.0515625
0 0.761653474055 0.025 0.0246262093228 0.05
