0 0.006156552330694811 0.184375 0.012313104661389622 0.03125
0 0.079155672823219 0.27578125000000003 0.029903254177660512 0.0421875
0 0.04529463500439754 0.44140625 0.03430079155672824 0.045312500000000006
0 0.20140721196130168 0.27265625 0.0316622691292876 0.0484375
0 0.2154793315743184 0.24375000000000002 0.03342128408091469 0.046875
0 0.18777484608619174 0.53515625 0.03605980650835532 0.0546875
4 0.14204045734388743 0.540625 0.08883025505716799 0.12187500000000001
0 0.5017590149516271 0.9328125 0.032541776605101144 0.06875
0 0.459542656112577 0.5890625 0.029023746701846966 0.065625
0 0.4388742304309587 0.54921875 0.036939313984168866 0.0546875
0 0.4705364995602463 0.43984375000000003 0.026385224274406333 0.0546875
0 0.4912049252418646 0.3921875 0.02726473175021988 0.053125000000000006
0 0.5351802990325418 0.3765625 0.02550571679859279 0.053125000000000006
0 0.5285839929639402 0.32343750000000004 0.026385224274406333 0.053125000000000006
0 0.6059806508355321 0.22031250000000002 0.024626209322779244 0.053125000000000006
0 0.5949868073878628 0.14921875 0.02726473175021988 0.051562500000000004
