0 0.248900615655 0.56484375 0.0263852242744 0.0265625
0 0.386103781882 0.925 0.0334212840809 0.0625
0 0.488126649077 0.528125 0.0351802990325 0.053125
0 0.503957783641 0.61171875 0.0299032541777 0.0515625
0 0.0167106420405 0.40078125 0.0334212840809 0.0234375
0 0.0145118733509 0.4265625 0.0290237467018 0.021875
0 0.014072119613 0.4515625 0.028144239226 0.021875
2 0.0127528583993 0.4765625 0.0255057167986 0.03125
0 0.90545294635 0.46328125 0.0290237467018 0.0546875
0 0.925681618294 0.48515625 0.0255057167986 0.0546875
0 0.891380826737 0.2921875 0.023746701847 0.040625
0 0.795954265611 0.2578125 0.0228671943712 0.046875
0 0.836411609499 0.17890625 0.0228671943712 0.0421875
0 0.872911169745 0.09921875 0.0219876868953 0.0390625
0 0.891820580475 0.06015625 0.0211081794195 0.0390625
0 0.938434476693 0.1828125 0.0228671943712 0.040625
0 0.957343887423 0.13125 0.0219876868953 0.0375
0 0.972295514512 0.1015625 0.0184696569921 0.0375
0 0.990765171504 0.0515625 0.0167106420405 0.034375
0 0.737906772208 0.91171875 0.0369393139842 0.0609375
0 0.824538258575 0.9328125 0.03781882146 0.0625
0 0.860598065084 0.975 0.0395778364116 0.046875
