0 0.9072119613016711 0.7156250000000001 0.0395778364116095 0.046875
0 0.9890061565523307 0.7921875 0.020228671943711522 0.040625
0 0.579155672823219 0.178125 0.0237467018469657 0.0625
0 0.3737906772207564 0.1453125 0.03342128408091469 0.043750000000000004
0 0.32717678100263853 0.23515625 0.0316622691292876 0.045312500000000006
4 0.18557607739665788 0.025781250000000002 0.07387862796833773 0.051562500000000004
0 0.45558487247141605 0.8226562500000001 0.029903254177660512 0.06406250000000001
0 0.43799472295514513 0.88671875 0.028144239226033423 0.0703125
0 0.9226033421284081 0.92890625 0.040457343887423045 0.0484375
0 0.7836411609498681 0.9625 0.04221635883905013 0.053125000000000006
0 0.768249780123131 0.9867187500000001 0.030782761653474055 0.0234375
0 0.3988566402814424 0.9734375000000001 0.02550571679859279 0.05
