0 0.689973614776 0.03125 0.023746701847 0.046875
0 0.613016710642 0.1171875 0.0246262093228 0.053125
0 0.566402814424 0.0953125 0.0263852242744 0.053125
0 0.513192612137 0.2078125 0.0272647317502 0.05
0 0.494283201407 0.26953125 0.0263852242744 0.0578125
0 0.380386983289 0.26171875 0.0307827616535 0.0421875
0 0.356640281442 0.56953125 0.0325417766051 0.0609375
0 0.269569041337 0.78671875 0.0307827616535 0.0640625
0 0.220316622691 0.87265625 0.0325417766051 0.0609375
0 0.194810905893 0.93203125 0.0325417766051 0.0671875
