3 0.7897977132805629 0.540625 0.036939313984168866 0.059375000000000004
0 0.7462620932277925 0.48281250000000003 0.032541776605101144 0.053125000000000006
0 0.7405452946350044 0.40078125000000003 0.03518029903254178 0.0546875
0 0.6974494283201408 0.31640625 0.0316622691292876 0.0546875
0 0.6675461741424803 0.27187500000000003 0.0316622691292876 0.05
0 0.5562884784520669 0.1234375 0.016710642040457344 0.065625
0 0.44415127528584 0.03359375 0.036939313984168866 0.0484375
0 0.8592788038698329 0.5640625 0.036939313984168866 0.059375000000000004
0 0.24406332453825857 0.26640625 0.03430079155672824 0.06406250000000001
4 0.08267370272647317 0.62109375 0.10026385224274406 0.1703125
