0 0.8051890941073 0.0125 0.02198768689533861 0.025
0 0.8214599824098505 0.07578125000000001 0.024626209322779244 0.0484375
0 0.7735268249780124 0.09765625 0.02198768689533861 0.051562500000000004
0 0.8025505716798593 0.134375 0.0237467018469657 0.05
0 0.7484608619173263 0.16875 0.026385224274406333 0.053125000000000006
0 0.6785400175901496 0.19921875 0.02550571679859279 0.0546875
0 0.6710642040457344 0.30546875 0.028144239226033423 0.060937500000000006
0 0.6279683377308708 0.31796875 0.026385224274406333 0.051562500000000004
0 0.6103781882145999 0.38125000000000003 0.028144239226033423 0.05625
0 0.4797713280562885 0.6976562500000001 0.032541776605101144 0.0671875
0 0.4683377308707124 0.83984375 0.03605980650835532 0.0734375
0 0.3970976253298153 0.9304687500000001 0.032541776605101144 0.0671875
0 0.036499560246262094 0.828125 0.04133685136323659 0.05625
0 0.018469656992084433 0.8656250000000001 0.036939313984168866 0.0625
