0 0.1521547933157432 0.784375 0.03342128408091469 0.059375000000000004
0 0.4529463500439754 0.759375 0.0316622691292876 0.059375000000000004
0 0.6341248900615656 0.6804687500000001 0.029903254177660512 0.0546875
0 0.6530343007915568 0.7093750000000001 0.030782761653474055 0.0625
0 0.5435356200527705 0.4375 0.026385224274406333 0.053125000000000006
0 0.6424802110817942 0.48125 0.02726473175021988 0.05
0 0.5967458223394899 0.34687500000000004 0.02550571679859279 0.043750000000000004
0 0.6464379947229552 0.25625000000000003 0.026385224274406333 0.043750000000000004
0 0.6701846965699209 0.21171875 0.026385224274406333 0.045312500000000006
0 0.7515391380826737 0.26484375 0.020228671943711522 0.035937500000000004
0 0.7321899736147758 0.29765625 0.02550571679859279 0.0421875
0 0.7053649956024627 0.35468750000000004 0.024626209322779244 0.043750000000000004
0 0.7106420404573439 0.134375 0.021108179419525065 0.034375
0 0.7981530343007915 0.16796875 0.020228671943711522 0.0390625
0 0.776165347405453 0.21015625000000002 0.020228671943711522 0.0390625
0 0.7519788918205805 0.0578125 0.022867194371152155 0.040625
