0 0.757695690413 0.68515625 0.0307827616535 0.0546875
0 0.776605101143 0.71171875 0.028144239226 0.0609375
0 0.721635883905 0.471875 0.0255057167986 0.05
0 0.755496921724 0.48515625 0.0246262093228 0.0484375
0 0.811785400176 0.3609375 0.0228671943712 0.04375
0 0.771767810026 0.21953125 0.023746701847 0.0421875
0 0.749780123131 0.2609375 0.0255057167986 0.04375
0 0.704045734389 0.3484375 0.023746701847 0.046875
0 0.835532102023 0.303125 0.0228671943712 0.046875
0 0.851802990325 0.2703125 0.0219876868953 0.0375
0 0.809146877748 0.14296875 0.0193491644679 0.0359375
0 0.846086191733 0.06640625 0.0211081794195 0.0359375
0 0.89489885664 0.1765625 0.0202286719437 0.040625
0 0.876429199648 0.21953125 0.0184696569921 0.0390625
0 0.656112576957 0.43828125 0.0246262093228 0.0484375
0 0.282761653474 0.78046875 0.0325417766051 0.0578125
0 0.0290237467018 0.7671875 0.0334212840809 0.03125
