0 0.06904133685136324 0.36328125 0.030782761653474055 0.045312500000000006
0 0.03342128408091469 0.5390625 0.036939313984168866 0.05
0 0.202726473175022 0.6703125000000001 0.03781882145998241 0.059375000000000004
4 0.13280562884784522 0.64375 0.09146877748460862 0.12812500000000002
0 0.2088830255057168 0.33203125 0.03430079155672824 0.045312500000000006
0 0.19393139841688656 0.36250000000000004 0.032541776605101144 0.053125000000000006
0 0.40633245382585753 0.6820312500000001 0.040457343887423045 0.0484375
0 0.45558487247141605 0.7093750000000001 0.029903254177660512 0.06875
0 0.4700967458223395 0.53671875 0.02726473175021988 0.0546875
0 0.49032541776605104 0.4859375 0.02726473175021988 0.053125000000000006
0 0.5149516270888302 0.51796875 0.02726473175021988 0.0546875
0 0.5294635004397538 0.415625 0.026385224274406333 0.053125000000000006
0 0.5932277924362357 0.3453125 0.02726473175021988 0.05625
0 0.5958663148636764 0.2328125 0.02726473175021988 0.05625
