0 0.2510993843447669 0.028125 0.016710642040457344 0.028125
0 0.23306948109058928 0.05 0.01934916446789798 0.037500000000000006
0 0.31618293755496923 0.017968750000000002 0.020228671943711522 0.029687500000000002
0 0.30299032541776605 0.34687500000000004 0.018469656992084433 0.028125
0 0.3117854001759015 0.3609375 0.02198768689533861 0.040625
0 0.49032541776605104 0.014843750000000001 0.013192612137203167 0.0234375
0 0.4626209322779244 0.13359375 0.01934916446789798 0.035937500000000004
0 0.41116974494283204 0.26484375 0.020228671943711522 0.0390625
0 0.5123131046613897 0.20703125 0.016710642040457344 0.0328125
0 0.0043975373790677225 0.5867187500000001 0.008795074758135445 0.0484375
0 0.11521547933157432 0.6625000000000001 0.0158311345646438 0.053125000000000006
0 0.13544415127528583 0.67578125 0.01759014951627089 0.051562500000000004
0 0.15567282321899736 0.68671875 0.01934916446789798 0.0546875
0 0.17634124890061567 0.70078125 0.016710642040457344 0.0546875
0 0.20140721196130168 0.7132812500000001 0.028144239226033423 0.0484375
0 0.05321020228671944 0.7921875 0.03605980650835532 0.0625
0 0.07475813544415127 0.8054687500000001 0.0316622691292876 0.06406250000000001
0 0.13016710642040458 0.84375 0.026385224274406333 0.0625
0 0.45382585751978893 0.8734375000000001 0.03518029903254178 0.046875
0 0.5035180299032542 0.8984375 0.03605980650835532 0.040625
0 0.5501319261213721 0.92734375 0.0395778364116095 0.045312500000000006
0 0.6015831134564644 0.95859375 0.03869832893579596 0.0484375
