0 0.359718557608 0.4140625 0.0299032541777 0.059375
0 0.226473175022 0.7421875 0.03781882146 0.059375
0 0.735708003518 0.28828125 0.0290237467018 0.0484375
0 0.833333333333 0.45703125 0.0360598065084 0.0484375
0 0.849164467898 0.4875 0.0343007915567 0.05625
0 0.861477572559 0.2546875 0.0307827616535 0.05
0 0.762093227792 0.17734375 0.0290237467018 0.0546875
0 0.827176781003 0.09375 0.0307827616535 0.046875
0 0.945030782762 0.13359375 0.0325417766051 0.0453125
0 0.981970096746 0.0765625 0.0307827616535 0.046875
0 0.892260334213 0.015625 0.0360598065084 0.03125
0 0.135883905013 0.33359375 0.0307827616535 0.0296875
0 0.584872471416 0.88359375 0.0351802990325 0.0828125
0 0.646877748461 0.9109375 0.0307827616535 0.0625
0 0.671943711522 0.9671875 0.0316622691293 0.0625
