0 0.337291116974 0.55625 0.0272647317502 0.03125
0 0.0448548812665 0.2640625 0.0351802990325 0.021875
0 0.042656112577 0.2875 0.0360598065084 0.025
0 0.0369393139842 0.31640625 0.0369393139842 0.0296875
0 0.0386983289358 0.36640625 0.0369393139842 0.0234375
0 0.03781882146 0.390625 0.0369393139842 0.028125
0 0.0321020228672 0.421875 0.0413368513632 0.028125
0 0.0299032541777 0.4484375 0.0457343887423 0.028125
0 0.0914687774846 0.38671875 0.0386983289358 0.0265625
0 0.0923482849604 0.4125 0.0316622691293 0.025
0 0.0927880386983 0.4375 0.0325417766051 0.025
2 0.0875109938434 0.4640625 0.0395778364116 0.028125
0 0.182937554969 0.446875 0.0246262093228 0.025
0 0.562884784521 0.56328125 0.0316622691293 0.0484375
0 0.484608619173 0.92109375 0.0316622691293 0.0640625
0 0.756816182938 0.78125 0.0413368513632 0.06875
0 0.926121372032 0.9390625 0.0369393139842 0.059375
0 0.88654353562 0.9734375 0.0386983289358 0.05
0 0.963500439754 0.97578125 0.0413368513632 0.0453125
0 0.882145998241 0.2546875 0.0228671943712 0.046875
0 0.978452066843 0.28984375 0.0219876868953 0.0421875
0 0.991204925242 0.46640625 0.0158311345646 0.0515625
0 0.919964819701 0.17109375 0.0228671943712 0.0421875
0 0.956464379947 0.0875 0.023746701847 0.04375
0 0.974054529464 0.0484375 0.0255057167986 0.04375
