0 0.7937554969217239 0.0054687500000000005 0.018469656992084433 0.010937500000000001
0 0.8175021987686896 0.047656250000000004 0.0237467018469657 0.0484375
0 0.7713280562884784 0.0703125 0.024626209322779244 0.053125000000000006
0 0.7990325417766051 0.10625000000000001 0.02550571679859279 0.05
0 0.7453825857519789 0.140625 0.02550571679859279 0.053125000000000006
0 0.6745822339489886 0.171875 0.024626209322779244 0.053125000000000006
0 0.6908531222515392 0.21015625000000002 0.02726473175021988 0.0578125
0 0.6253298153034301 0.2890625 0.026385224274406333 0.05
0 0.6068601583113457 0.35234375 0.028144239226033423 0.0546875
0 0.47713280562884786 0.6640625 0.030782761653474055 0.0625
0 0.49780123131046616 0.72265625 0.03342128408091469 0.0703125
0 0.39489885664028146 0.890625 0.0316622691292876 0.065625
0 0.3496042216358839 0.97265625 0.03605980650835532 0.051562500000000004
0 0.03781882145998241 0.790625 0.040457343887423045 0.053125000000000006
0 0.01978891820580475 0.82734375 0.03781882145998241 0.060937500000000006
