0 0.437554969217 0.81953125 0.0325417766051 0.0703125
0 0.481970096746 0.80703125 0.0334212840809 0.0703125
0 0.456024626209 0.47734375 0.0325417766051 0.0421875
0 0.574758135444 0.48203125 0.0290237467018 0.0578125
0 0.593227792436 0.415625 0.0255057167986 0.05625
0 0.646437994723 0.2890625 0.0263852242744 0.05625
0 0.724274406332 0.2375 0.0255057167986 0.053125
0 0.774406332454 0.21484375 0.0255057167986 0.0515625
0 0.763852242744 0.13046875 0.0272647317502 0.0546875
0 0.795514511873 0.153125 0.0272647317502 0.053125
0 0.828935795954 0.03828125 0.0255057167986 0.0484375
