0 0.786719437115 0.37734375 0.0325417766051 0.0546875
0 0.806508355321 0.40390625 0.0316622691293 0.0609375
0 0.635004397537 0.31953125 0.028144239226 0.0515625
0 0.750219876869 0.02578125 0.028144239226 0.0515625
0 0.694810905893 0.121875 0.028144239226 0.053125
0 0.796394019349 0.17109375 0.0272647317502 0.0484375
0 0.866314863676 0.03515625 0.0263852242744 0.0484375
0 0.647317502199 0.8734375 0.0334212840809 0.05625
0 0.676341248901 0.9234375 0.0334212840809 0.059375
0 0.582233948989 0.86328125 0.0404573438874 0.0734375
0 0.317502198769 0.4625 0.0316622691293 0.05625
0 0.0839929639402 0.44609375 0.0307827616535 0.0328125
0 0.211961301671 0.83046875 0.0369393139842 0.0640625
