0 0.0373790677221 0.78203125 0.0395778364116 0.0546875
0 0.0197889182058 0.81953125 0.03781882146 0.0609375
0 0.345646437995 0.96796875 0.0334212840809 0.0609375
0 0.394019349164 0.88203125 0.0316622691293 0.0671875
0 0.475373790677 0.65625 0.0325417766051 0.065625
0 0.528144239226 0.63359375 0.0307827616535 0.0640625
0 0.605980650836 0.346875 0.028144239226 0.05625
0 0.623570800352 0.2828125 0.0246262093228 0.053125
0 0.673262972735 0.1671875 0.023746701847 0.053125
0 0.711521547933 0.14375 0.0263852242744 0.05625
0 0.743183817062 0.1375 0.0263852242744 0.053125
0 0.768689533861 0.06640625 0.0246262093228 0.0515625
0 0.795954265611 0.103125 0.0246262093228 0.05
0 0.815303430079 0.0453125 0.0246262093228 0.05
0 0.788038698329 0.00859375 0.0193491644679 0.0171875
