0 0.7708883025505717 0.36796875 0.030782761653474055 0.0546875
0 0.7902374670184696 0.39140625 0.030782761653474055 0.060937500000000006
0 0.7752858399296394 0.1625 0.02550571679859279 0.05
0 0.671943711521548 0.11875000000000001 0.028144239226033423 0.05625
0 0.839929639401935 0.026562500000000003 0.029903254177660512 0.05
0 0.7255936675461742 0.0234375 0.026385224274406333 0.046875
0 0.5426561125769569 0.47500000000000003 0.026385224274406333 0.05625
0 0.3038698328935796 0.48203125 0.032541776605101144 0.0546875
0 0.20448548812664907 0.8562500000000001 0.03605980650835532 0.065625
0 0.5778364116094987 0.86640625 0.040457343887423045 0.0703125
0 0.6420404573438875 0.87265625 0.03342128408091469 0.0546875
0 0.6723834652594547 0.921875 0.03430079155672824 0.0625
0 0.06596306068601583 0.47890625000000003 0.0316622691292876 0.029687500000000002
