0 0.702726473175022 0.05234375 0.022867194371152155 0.045312500000000006
0 0.6873350923482849 0.11093750000000001 0.02550571679859279 0.053125000000000006
0 0.5708003518029904 0.3875 0.028144239226033423 0.059375000000000004
0 0.5004397537379068 0.58203125 0.026385224274406333 0.0578125
0 0.4907651715039578 0.72421875 0.026385224274406333 0.06406250000000001
0 0.45866314863676344 0.6625000000000001 0.029023746701846966 0.059375000000000004
0 0.43755496921723835 0.71484375 0.029023746701846966 0.060937500000000006
0 0.386103781882146 0.87890625 0.03518029903254178 0.0546875
0 0.20844327176781002 0.9796875 0.029903254177660512 0.037500000000000006
0 0.2062445030782762 0.82734375 0.0395778364116095 0.0546875
4 0.08487247141600704 0.83984375 0.09762532981530343 0.1328125
0 0.16754617414248021 0.5015625 0.03605980650835532 0.05
0 0.1521547933157432 0.53359375 0.03342128408091469 0.0546875
0 0.0237467018469657 0.53671875 0.03342128408091469 0.0484375
