0 0.0158311345646 0.428125 0.0316622691293 0.046875
0 0.141160949868 0.4265625 0.0343007915567 0.05625
0 0.156992084433 0.39609375 0.0360598065084 0.0515625
0 0.220316622691 0.5578125 0.0307827616535 0.0625
0 0.213720316623 0.85390625 0.0369393139842 0.0609375
4 0.14291996482 0.7890625 0.0993843447669 0.11875
0 0.452506596306 0.7328125 0.0307827616535 0.06875
0 0.423482849604 0.6078125 0.0272647317502 0.059375
0 0.445030782762 0.55703125 0.028144239226 0.0546875
0 0.486367634125 0.48046875 0.0299032541777 0.0546875
0 0.555408970976 0.2921875 0.0290237467018 0.05625
0 0.672823218997 0.025 0.0246262093228 0.05
