0 0.781882145998 0.16328125 0.0211081794195 0.0390625
0 0.760334212841 0.20859375 0.0202286719437 0.0359375
0 0.734388742304 0.26015625 0.0211081794195 0.0421875
0 0.714599824099 0.2953125 0.0255057167986 0.04375
0 0.685136323659 0.3515625 0.0228671943712 0.040625
0 0.653474054529 0.2109375 0.0263852242744 0.046875
0 0.628847845207 0.25390625 0.0246262093228 0.0453125
0 0.693931398417 0.134375 0.0211081794195 0.0375
0 0.737906772208 0.0546875 0.0228671943712 0.040625
0 0.578276165347 0.34921875 0.0272647317502 0.0484375
0 0.525065963061 0.4359375 0.0263852242744 0.053125
0 0.623570800352 0.48203125 0.0246262093228 0.0484375
0 0.614335971856 0.68125 0.0307827616535 0.05625
0 0.633245382586 0.70859375 0.0299032541777 0.0609375
0 0.36983289358 0.87109375 0.0360598065084 0.0609375
0 0.129727352682 0.7859375 0.0325417766051 0.059375
