0 0.9388742304309587 0.178125 0.020228671943711522 0.037500000000000006
0 0.920844327176781 0.21875 0.01759014951627089 0.040625
0 0.8970976253298153 0.27265625 0.01934916446789798 0.0390625
0 0.8161829375549693 0.21953125 0.024626209322779244 0.045312500000000006
0 0.7950747581354441 0.26171875 0.024626209322779244 0.0421875
0 0.8825857519788919 0.30546875 0.02198768689533861 0.0421875
0 0.8579595426561126 0.36250000000000004 0.0237467018469657 0.046875
0 0.8104661389621812 0.39140625 0.0237467018469657 0.045312500000000006
0 0.7528583992963941 0.35000000000000003 0.022867194371152155 0.043750000000000004
0 0.7058047493403694 0.43828125 0.02550571679859279 0.051562500000000004
0 0.8056288478452067 0.48671875000000003 0.024626209322779244 0.0484375
0 0.88830255057168 0.06875 0.022867194371152155 0.037500000000000006
0 0.851363236587511 0.1453125 0.01759014951627089 0.034375
0 0.33948988566402816 0.78125 0.03342128408091469 0.059375000000000004
0 0.08883025505716799 0.7679687500000001 0.03342128408091469 0.0328125
0 0.8100263852242744 0.68515625 0.029903254177660512 0.0546875
0 0.8311345646437995 0.7109375 0.028144239226033423 0.059375000000000004
