0 0.6882145998240985 0.025 0.0237467018469657 0.05
0 0.7141600703605981 0.05859375 0.024626209322779244 0.051562500000000004
0 0.6926121372031663 0.1171875 0.02550571679859279 0.05
0 0.5664028144239226 0.184375 0.024626209322779244 0.05625
0 0.5127528583992964 0.30312500000000003 0.026385224274406333 0.053125000000000006
0 0.49296394019349166 0.36562500000000003 0.02726473175021988 0.05625
0 0.5518909410729992 0.36250000000000004 0.02550571679859279 0.05
0 0.37642919964819704 0.36015625 0.0316622691292876 0.0421875
0 0.35224274406332456 0.68125 0.032541776605101144 0.0625
0 0.26297273526824977 0.909375 0.0316622691292876 0.06875
0 0.21503957783641162 0.98203125 0.029023746701846966 0.0328125
