0 0.374670184697 0.08125 0.0334212840809 0.040625
0 0.581354441513 0.10234375 0.0263852242744 0.0578125
0 0.376429199648 0.22265625 0.0316622691293 0.0421875
0 0.453386103782 0.73984375 0.023746701847 0.0640625
0 0.436675461741 0.803125 0.0290237467018 0.0625
0 0.397537379068 0.9015625 0.028144239226 0.06875
0 0.899736147757 0.6390625 0.0386983289358 0.046875
0 0.98328935796 0.7171875 0.0316622691293 0.046875
0 0.912489006157 0.8390625 0.0343007915567 0.034375
0 0.776605101143 0.87578125 0.0404573438874 0.0515625
0 0.767810026385 0.91796875 0.0422163588391 0.0515625
