0 0.19656992084432717 0.14453125 0.018469656992084433 0.0390625
0 0.16270888302550574 0.23593750000000002 0.0158311345646438 0.040625
0 0.13720316622691295 0.40156250000000004 0.0158311345646438 0.046875
0 0.03430079155672824 0.5671875000000001 0.021108179419525065 0.043750000000000004
0 0.05145118733509235 0.57265625 0.018469656992084433 0.0484375
0 0.32409850483729113 0.9617187500000001 0.03781882145998241 0.0328125
0 0.37642919964819704 0.94140625 0.036939313984168866 0.0328125
0 0.4278803869832894 0.92890625 0.03781882145998241 0.035937500000000004
0 0.48021108179419525 0.915625 0.036939313984168866 0.040625
0 0.5263852242744064 0.9359375000000001 0.0395778364116095 0.034375
2 0.9331574318381707 0.89453125 0.04925241864555849 0.045312500000000006
