0 0.418645558487 0.02890625 0.0228671943712 0.0296875
0 0.390061565523 0.140625 0.0184696569921 0.0375
0 0.451187335092 0.17734375 0.0105540897098 0.0328125
0 0.343887423043 0.2796875 0.0193491644679 0.040625
0 0.167546174142 0.065625 0.0202286719437 0.034375
0 0.148197009675 0.09140625 0.0202286719437 0.0421875
0 0.234388742304 0.0453125 0.0184696569921 0.03125
0 0.237906772208 0.38359375 0.0167106420405 0.0421875
0 0.248460861917 0.3984375 0.0219876868953 0.04375
0 0.0598065083553 0.740625 0.0193491644679 0.053125
0 0.0804749340369 0.74765625 0.0202286719437 0.0546875
0 0.103781882146 0.759375 0.0211081794195 0.059375
0 0.125329815303 0.76796875 0.0184696569921 0.0578125
0 0.152594547054 0.7765625 0.0307827616535 0.05
0 0.00967458223395 0.8875 0.0193491644679 0.06875
0 0.0246262093228 0.8984375 0.0334212840809 0.071875
0 0.0875109938434 0.9265625 0.0272647317502 0.065625
0 0.421284080915 0.884375 0.0351802990325 0.040625
0 0.473614775726 0.8984375 0.0360598065084 0.0375
0 0.521547933157 0.915625 0.0386983289358 0.0375
0 0.57343887423 0.9375 0.0386983289358 0.040625
0 0.614335971856 0.97890625 0.0395778364116 0.0359375
