0 0.9714160070360599 0.06171875 0.018469656992084433 0.0328125
0 0.9547053649956025 0.09531250000000001 0.018469656992084433 0.034375
0 0.9353562005277045 0.14609375 0.020228671943711522 0.0328125
0 0.9204045734388743 0.17421875 0.02198768689533861 0.035937500000000004
0 0.9010554089709762 0.22109375 0.0237467018469657 0.035937500000000004
0 0.8540017590149517 0.3296875 0.024626209322779244 0.040625
0 0.7598944591029024 0.29609375 0.022867194371152155 0.045312500000000006
0 0.7999120492524187 0.22109375 0.0237467018469657 0.0421875
0 0.837730870712401 0.14140625 0.0237467018469657 0.0421875
0 0.855321020228672 0.10390625 0.02198768689533861 0.045312500000000006
0 0.8856640281442393 0.040625 0.01759014951627089 0.034375
0 0.8671943711521548 0.49296875 0.028144239226033423 0.0484375
0 0.8865435356200528 0.51328125 0.026385224274406333 0.0546875
0 0.4762532981530343 0.65390625 0.032541776605101144 0.0484375
0 0.40281442392260336 0.496875 0.03342128408091469 0.053125000000000006
0 0.7810026385224275 0.946875 0.036939313984168866 0.05625
0 0.6877748460861918 0.9140625 0.036939313984168866 0.059375000000000004
0 0.8144239226033422 0.9796875 0.036939313984168866 0.037500000000000006
0 0.341688654353562 0.940625 0.03430079155672824 0.0625
0 0.20976253298153036 0.5945312500000001 0.02726473175021988 0.029687500000000002
0 0.05936675461741425 0.49062500000000003 0.030782761653474055 0.028125
