0 0.67018469657 0.01328125 0.0193491644679 0.0265625
0 0.626209322779 0.10625 0.0228671943712 0.05
0 0.609058927001 0.16484375 0.0272647317502 0.0546875
0 0.638082673703 0.16796875 0.0272647317502 0.0578125
0 0.484608619173 0.44921875 0.0316622691293 0.0578125
0 0.408091468777 0.653125 0.0299032541777 0.059375
0 0.362796833773 0.73203125 0.0307827616535 0.0578125
0 0.339489885664 0.790625 0.0299032541777 0.0625
0 0.134564643799 0.9640625 0.0369393139842 0.046875
0 0.0690413368514 0.5625 0.03781882146 0.053125
0 0.0523306948109 0.5953125 0.0360598065084 0.05625
4 0.0118733509235 0.9484375 0.023746701847 0.06875
