0 0.311785400176 0.525 0.0272647317502 0.034375
0 0.0686015831135 0.36171875 0.0386983289358 0.0296875
0 0.0699208443272 0.384375 0.0307827616535 0.025
0 0.0694810905893 0.40859375 0.0334212840809 0.0265625
2 0.0655233069481 0.434375 0.0413368513632 0.025
0 0.157871591909 0.4171875 0.023746701847 0.025
0 0.0228671943712 0.2640625 0.0351802990325 0.03125
0 0.0162708883026 0.290625 0.0325417766051 0.025
0 0.0175901495163 0.33828125 0.0351802990325 0.0234375
0 0.0171503957784 0.3640625 0.0343007915567 0.028125
0 0.0149516270888 0.39296875 0.0299032541777 0.0265625
0 0.0158311345646 0.42109375 0.0316622691293 0.0296875
0 0.541776605101 0.53984375 0.0316622691293 0.0515625
0 0.641160949868 0.6203125 0.0386983289358 0.059375
0 0.454705364996 0.87890625 0.0316622691293 0.0640625
0 0.822339489886 0.89453125 0.0404573438874 0.0578125
0 0.889182058047 0.89140625 0.0369393139842 0.0546875
0 0.925241864556 0.93828125 0.0386983289358 0.0578125
0 0.986367634125 0.45 0.0255057167986 0.053125
0 0.965259454705 0.42734375 0.0290237467018 0.0546875
0 0.948988566403 0.25625 0.0228671943712 0.04375
0 0.851363236588 0.221875 0.0246262093228 0.05
0 0.891380826737 0.14140625 0.0219876868953 0.0421875
0 0.929639401935 0.059375 0.0246262093228 0.0375
0 0.991204925242 0.14453125 0.0158311345646 0.0390625
0 0.946789797713 0.0203125 0.023746701847 0.040625
