4 0.7845206684256817 0.56640625 0.079155672823219 0.1328125
0 0.8927000879507476 0.30000000000000004 0.028144239226033423 0.05
0 0.9903254177660511 0.3671875 0.01759014951627089 0.053125000000000006
0 0.9907651715039578 0.1421875 0.016710642040457344 0.037500000000000006
0 0.9876868953386104 0.56875 0.022867194371152155 0.053125000000000006
2 0.4766930518909411 0.46796875000000004 0.03342128408091469 0.0703125
0 0.5 0.58828125 0.029023746701846966 0.0578125
0 0.4067722075637643 0.9031250000000001 0.03781882145998241 0.05625
0 0.2928759894459103 0.49453125000000003 0.029903254177660512 0.029687500000000002
0 0.3214599824098505 0.20078125000000002 0.02198768689533861 0.045312500000000006
2 0.05013192612137203 0.3359375 0.04221635883905013 0.037500000000000006
0 0.06112576956904134 0.25859375 0.0395778364116095 0.0234375
0 0.06112576956904134 0.28125 0.032541776605101144 0.025
0 0.05760773966578716 0.309375 0.032541776605101144 0.025
0 0.1442392260334213 0.33984375 0.024626209322779244 0.026562500000000003
0 0.026385224274406333 0.1171875 0.036939313984168866 0.025
0 0.021108179419525065 0.140625 0.036939313984168866 0.025
0 0.016270888302550572 0.16953125000000002 0.032541776605101144 0.026562500000000003
0 0.0158311345646438 0.22109375 0.0316622691292876 0.0234375
0 0.014072119613016711 0.24765625000000002 0.028144239226033423 0.026562500000000003
0 0.010993843447669306 0.27890625 0.02198768689533861 0.026562500000000003
0 0.00967458223394899 0.30859375 0.01934916446789798 0.0234375
