0 0.3465259454705365 0.6796875 0.03518029903254178 0.065625
0 0.1851363236587511 0.29765625 0.030782761653474055 0.029687500000000002
3 0.6767810026385225 0.42421875000000003 0.020228671943711522 0.0671875
0 0.7110817941952506 0.30078125 0.02726473175021988 0.060937500000000006
0 0.7792436235708003 0.30546875 0.03869832893579596 0.0421875
0 0.8056288478452067 0.17734375000000002 0.029903254177660512 0.0578125
0 0.9142480211081795 0.17578125 0.03605980650835532 0.060937500000000006
0 0.9335971855760774 0.203125 0.03430079155672824 0.0625
0 0.7752858399296394 0.6890625 0.032541776605101144 0.05625
0 0.8047493403693932 0.7351562500000001 0.03342128408091469 0.0578125
0 0.8487247141600704 0.8226562500000001 0.036939313984168866 0.0578125
