4 0.7660510114335972 0.46796875000000004 0.07036059806508356 0.1015625
0 0.87467018469657 0.3046875 0.0237467018469657 0.037500000000000006
0 0.9881266490765171 0.18828125 0.02198768689533861 0.0328125
0 0.9678979771328057 0.209375 0.02550571679859279 0.03125
0 0.959542656112577 0.36640625000000004 0.024626209322779244 0.035937500000000004
0 0.9854881266490766 0.3359375 0.020228671943711522 0.028125
0 0.5101143359718557 0.33984375 0.021108179419525065 0.0421875
0 0.5378188214599824 0.44296875 0.02198768689533861 0.045312500000000006
0 0.43975373790677225 0.6328125 0.03342128408091469 0.040625
0 0.37423043095866315 0.33828125000000003 0.0237467018469657 0.026562500000000003
0 0.21503957783641162 0.15546875000000002 0.029023746701846966 0.0234375
0 0.2106420404573439 0.16875 0.02726473175021988 0.025
0 0.21020228671943714 0.18671875000000002 0.024626209322779244 0.026562500000000003
0 0.19920844327176782 0.065625 0.02726473175021988 0.018750000000000003
0 0.10729991204925242 0.12812500000000002 0.026385224274406333 0.025
0 0.09278803869832894 0.1625 0.0237467018469657 0.021875000000000002
0 0.13368513632365875 0.053125000000000006 0.028144239226033423 0.028125
0 0.14160070360598065 0.037500000000000006 0.026385224274406333 0.025
2 0.1455584872471416 0.01953125 0.030782761653474055 0.0328125
2 0.15303430079155675 0.01171875 0.022867194371152155 0.0234375
0 0.19393139841688656 0.07968750000000001 0.02726473175021988 0.018750000000000003
0 0.1868953386103782 0.096875 0.02726473175021988 0.025
0 0.1820580474934037 0.1265625 0.026385224274406333 0.025
0 0.17678100263852242 0.14140625 0.029903254177660512 0.0234375
0 0.17018469656992086 0.15859375 0.030782761653474055 0.0234375
0 0.1649076517150396 0.17421875 0.029023746701846966 0.0171875
0 0.05408970976253298 0.13125 0.02198768689533861 0.021875000000000002
0 0.06508355321020229 0.1171875 0.026385224274406333 0.018750000000000003
0 0.0681618293755497 0.09921875000000001 0.0237467018469657 0.0203125
0 0.07739665787159192 0.06953125 0.026385224274406333 0.0203125
0 0.09102902374670185 0.040625 0.0237467018469657 0.025
0 0.10378188214599825 0.013281250000000001 0.022867194371152155 0.0171875
0 0.09806508355321021 0.028125 0.02550571679859279 0.021875000000000002
0 0.10817941952506596 0.00390625 0.026385224274406333 0.0078125
0 0.029023746701846966 0.029687500000000002 0.028144239226033423 0.021875000000000002
0 0.01934916446789798 0.04453125 0.024626209322779244 0.0203125
0 0.014511873350923483 0.05859375 0.02726473175021988 0.0234375
0 0.009234828496042216 0.07109375 0.018469656992084433 0.0234375
0 0.007036059806508356 0.0859375 0.014072119613016711 0.021875000000000002
0 0.03430079155672824 0.0140625 0.024626209322779244 0.018750000000000003
0 0.0395778364116095 0.00390625 0.024626209322779244 0.0078125
0 0.9529463500439754 0.5 0.030782761653474055 0.037500000000000006
0 0.9687774846086192 0.5203125000000001 0.02726473175021988 0.037500000000000006
0 0.8175021987686896 0.8210937500000001 0.029023746701846966 0.0546875
0 0.8443271767810027 0.87265625 0.0316622691292876 0.0578125
0 0.886103781882146 0.96875 0.032541776605101144 0.059375000000000004
0 0.801231310466139 0.97421875 0.0316622691292876 0.0484375
4 0.2379067722075638 0.84296875 0.10642040457343888 0.1234375
