0 0.242744063325 0.98203125 0.0351802990325 0.0328125
0 0.29419525066 0.97890625 0.0325417766051 0.0390625
0 0.345206684257 0.925 0.03781882146 0.0625
0 0.397537379068 0.91328125 0.0351802990325 0.0546875
0 0.437115215479 0.8546875 0.0351802990325 0.059375
4 0.467458223395 0.74296875 0.0870712401055 0.1421875
0 0.486807387863 0.77734375 0.0343007915567 0.0546875
0 0.529023746702 0.6578125 0.0343007915567 0.04375
0 0.555408970976 0.66953125 0.0325417766051 0.0515625
0 0.448988566403 0.21796875 0.0219876868953 0.0484375
0 0.55672823219 0.3703125 0.0263852242744 0.05
0 0.647317502199 0.45859375 0.028144239226 0.0484375
3 0.728671943712 0.325 0.0325417766051 0.053125
0 0.755496921724 0.578125 0.0351802990325 0.053125
0 0.815743183817 0.6078125 0.03781882146 0.053125
0 0.762972735268 0.17890625 0.0219876868953 0.0359375
0 0.760334212841 0.225 0.0255057167986 0.04375
2 0.732189973615 0.26640625 0.0343007915567 0.0671875
0 0.758575197889 0.28046875 0.0219876868953 0.0421875
3 0.795954265611 0.2234375 0.0263852242744 0.046875
0 0.855760773967 0.0953125 0.0246262093228 0.0375
0 0.849164467898 0.06328125 0.0184696569921 0.0359375
0 0.828496042216 0.08984375 0.0228671943712 0.0359375
3 0.876868953386 0.03984375 0.0211081794195 0.0359375
0 0.294635004398 0.06015625 0.0211081794195 0.0421875
