2 0.39973614775725597 0.4078125 0.03430079155672824 0.0625
0 0.42656112576956906 0.51484375 0.028144239226033423 0.051562500000000004
0 0.2379067722075638 0.18515625000000002 0.0237467018469657 0.0421875
0 0.27616534740545295 0.27578125000000003 0.028144239226033423 0.0484375
0 0.2594547053649956 0.540625 0.029903254177660512 0.03125
0 0.014072119613016711 0.34687500000000004 0.028144239226033423 0.028125
0 0.012313104661389622 0.375 0.024626209322779244 0.028125
0 0.011433597185576077 0.4 0.022867194371152155 0.021875000000000002
2 0.011433597185576077 0.43281250000000004 0.022867194371152155 0.028125
0 0.09762532981530343 0.41640625000000003 0.021108179419525065 0.026562500000000003
0 0.39973614775725597 0.92890625 0.03605980650835532 0.06406250000000001
4 0.7541776605101144 0.5078125 0.07299912049252419 0.146875
0 0.8421284080914688 0.22812500000000002 0.0237467018469657 0.05
0 0.9533861037818822 0.46406250000000004 0.029903254177660512 0.053125000000000006
0 0.9731750219876869 0.48984375 0.029023746701846966 0.0578125
0 0.9309586631486368 0.046875 0.02550571679859279 0.046875
0 0.9437115215479333 0.2734375 0.026385224274406333 0.046875
0 0.9630606860158312 0.225 0.022867194371152155 0.046875
0 0.9511873350923483 0.0125 0.02550571679859279 0.025
0 0.9916446789797714 0.146875 0.014951627088830256 0.043750000000000004
0 0.851363236587511 0.9625 0.03518029903254178 0.05625
