0 0.35356200527704484 0.3203125 0.021108179419525065 0.06875
0 0.1996481970096746 0.25234375000000003 0.04221635883905013 0.0328125
0 0.2009674582233949 0.29375 0.04133685136323659 0.03125
0 0.08443271767810026 0.4421875 0.03869832893579596 0.034375
0 0.27352682497801234 0.43984375000000003 0.036939313984168866 0.029687500000000002
0 0.13940193491644678 0.625 0.04133685136323659 0.034375
0 0.040457343887423045 0.62890625 0.04221635883905013 0.035937500000000004
0 0.8051890941073 0.7054687500000001 0.0395778364116095 0.029687500000000002
0 0.5145118733509235 0.07421875 0.0158311345646438 0.06406250000000001
0 0.5171503957783642 0.140625 0.01759014951627089 0.065625
