4 0.799472295515 0.5921875 0.0844327176781 0.13125
2 0.344327176781 0.1734375 0.0307827616535 0.065625
0 0.303430079156 0.48984375 0.028144239226 0.0296875
0 0.227792436236 0.0109375 0.0228671943712 0.021875
0 0.351363236588 0.2578125 0.023746701847 0.046875
0 0.0479331574318 0.0953125 0.0360598065084 0.025
0 0.0430958663149 0.121875 0.0369393139842 0.025
0 0.0343007915567 0.14765625 0.0369393139842 0.0265625
0 0.0321020228672 0.2 0.03781882146 0.025
0 0.0285839929639 0.22734375 0.0395778364116 0.0265625
0 0.0202286719437 0.25859375 0.0404573438874 0.0234375
0 0.0193491644679 0.2875 0.0386983289358 0.025
0 0.0804749340369 0.2390625 0.0413368513632 0.025
0 0.0791556728232 0.2640625 0.0316622691293 0.025
0 0.0760773966579 0.29140625 0.0325417766051 0.0234375
2 0.0672823218997 0.31796875 0.0413368513632 0.0328125
0 0.164028144239 0.3265625 0.0290237467018 0.028125
0 0.408970976253 0.9125 0.0404573438874 0.0625
0 0.916446789798 0.33046875 0.0299032541777 0.0546875
