0 0.504837291117 0.509375 0.0369393139842 0.04375
0 0.546613896218 0.446875 0.0360598065084 0.034375
0 0.601143359719 0.63046875 0.03781882146 0.0359375
0 0.418645558487 0.45390625 0.0404573438874 0.0296875
0 0.355321020229 0.459375 0.0404573438874 0.03125
0 0.315303430079 0.45703125 0.0343007915567 0.0328125
0 0.249780123131 0.46015625 0.0316622691293 0.0265625
0 0.195250659631 0.46015625 0.0386983289358 0.0328125
0 0.250659630607 0.646875 0.0351802990325 0.028125
0 0.34872471416 0.63984375 0.0413368513632 0.0296875
0 0.401934916447 0.6359375 0.0369393139842 0.034375
0 0.143799472296 0.65078125 0.0360598065084 0.0265625
0 0.0347405452946 0.01796875 0.0202286719437 0.0359375
0 0.973175021988 0.10390625 0.0167106420405 0.0640625
0 0.974494283201 0.1703125 0.0158311345646 0.0625
0 0.722955145119 0.15625 0.0158311345646 0.071875
0 0.669305189094 0.26171875 0.028144239226 0.0328125
0 0.668865435356 0.3078125 0.0307827616535 0.03125
0 0.81310466139 0.3421875 0.0202286719437 0.06875
0 0.77528583993 0.596875 0.0395778364116 0.034375
0 0.980650835532 0.0140625 0.0211081794195 0.028125
