0 0.41908531222515394 0.0203125 0.018469656992084433 0.040625
0 0.41600703605980655 0.078125 0.01759014951627089 0.0625
0 0.2458223394898857 0.2265625 0.0237467018469657 0.06875
0 0.10158311345646438 0.13203125000000002 0.04133685136323659 0.029687500000000002
0 0.10026385224274406 0.17500000000000002 0.040457343887423045 0.037500000000000006
0 0.16314863676341249 0.33125000000000004 0.03605980650835532 0.028125
3 0.01759014951627089 0.36015625 0.03518029903254178 0.026562500000000003
0 0.024626209322779244 0.4890625 0.040457343887423045 0.03125
0 0.6653474054529463 0.690625 0.04133685136323659 0.034375
4 0.9261213720316623 0.6953125 0.11785400175901496 0.065625
