4 0.798592788039 0.58671875 0.0844327176781 0.1390625
0 0.915567282322 0.3265625 0.0299032541777 0.046875
2 0.376868953386 0.23359375 0.0307827616535 0.0671875
0 0.264291996482 0.0703125 0.0255057167986 0.05
0 0.260334212841 0.01796875 0.0246262093228 0.0359375
0 0.304309586631 0.4828125 0.028144239226 0.03125
0 0.0492524186456 0.090625 0.0351802990325 0.025
0 0.0444151275286 0.11484375 0.0360598065084 0.0265625
0 0.0360598065084 0.14140625 0.0386983289358 0.0296875
0 0.032981530343 0.19453125 0.0360598065084 0.0265625
0 0.0277044854881 0.221875 0.03781882146 0.028125
0 0.0211081794195 0.2515625 0.0404573438874 0.028125
0 0.0197889182058 0.28203125 0.0395778364116 0.0265625
0 0.0804749340369 0.2328125 0.0395778364116 0.028125
0 0.0791556728232 0.259375 0.0334212840809 0.028125
0 0.0769569041337 0.28515625 0.0343007915567 0.0234375
2 0.0690413368514 0.3109375 0.0413368513632 0.0375
0 0.161389621812 0.3203125 0.0219876868953 0.028125
0 0.410290237467 0.90078125 0.0395778364116 0.0671875
