0 0.282321899736 0.85546875 0.0369393139842 0.0484375
4 0.462620932278 0.5859375 0.07563764292 0.109375
0 0.515391380827 0.5234375 0.0246262093228 0.0375
0 0.538258575198 0.5328125 0.028144239226 0.040625
0 0.504397537379 0.3 0.0255057167986 0.034375
0 0.538698328936 0.3484375 0.0202286719437 0.040625
2 0.690853122252 0.2265625 0.0290237467018 0.053125
3 0.725593667546 0.21953125 0.0299032541777 0.0421875
0 0.635444151275 0.37578125 0.023746701847 0.0328125
0 0.599384344767 0.35390625 0.0272647317502 0.0328125
0 0.604221635884 0.39453125 0.0246262093228 0.0421875
0 0.708443271768 0.48671875 0.0255057167986 0.0390625
0 0.763412489006 0.4796875 0.0299032541777 0.0375
3 0.813544415128 0.05625 0.0211081794195 0.028125
0 0.766930518909 0.1671875 0.0193491644679 0.025
0 0.717238346526 0.165625 0.0202286719437 0.028125
3 0.819700967458 0.10234375 0.0193491644679 0.0328125
0 0.790677220756 0.07421875 0.0175901495163 0.0296875
0 0.772647317502 0.0953125 0.0184696569921 0.028125
0 0.311785400176 0.07421875 0.0167106420405 0.0328125
0 0.368073878628 0.10390625 0.0167106420405 0.0328125
0 0.379067722076 0.08671875 0.0175901495163 0.0296875
3 0.845206684257 0.00859375 0.0123131046614 0.0171875
0 0.978452066843 0.70625 0.0395778364116 0.05625
0 0.151715039578 0.98828125 0.0272647317502 0.0203125
