2 0.36499560246262097 0.33359375 0.03518029903254178 0.0671875
0 0.21943711521547934 0.11796875000000001 0.0237467018469657 0.045312500000000006
0 0.2405452946350044 0.19296875000000002 0.02726473175021988 0.045312500000000006
0 0.2673702726473175 0.53046875 0.028144239226033423 0.029687500000000002
0 0.10905892700087952 0.4 0.026385224274406333 0.03125
0 0.01978891820580475 0.328125 0.0395778364116095 0.028125
0 0.018909410729991204 0.35703125 0.032541776605101144 0.026562500000000003
0 0.01715039577836412 0.38359375 0.03430079155672824 0.0234375
2 0.016710642040457344 0.41171875 0.03342128408091469 0.0328125
0 0.38698328935795956 0.43515625 0.028144239226033423 0.051562500000000004
0 0.4036939313984169 0.921875 0.03342128408091469 0.0625
4 0.7620932277924363 0.5164062500000001 0.07299912049252419 0.15156250000000002
0 0.8531222515391381 0.9710937500000001 0.036939313984168866 0.0546875
0 0.9626209322779244 0.48515625 0.032541776605101144 0.0546875
0 0.9837291116974495 0.50625 0.029023746701846966 0.059375000000000004
0 0.855321020228672 0.24140625000000002 0.02726473175021988 0.0484375
0 0.9573438874230431 0.2890625 0.02550571679859279 0.046875
0 0.9793315743183818 0.240625 0.02198768689533861 0.040625
0 0.9714160070360599 0.022656250000000003 0.029023746701846966 0.045312500000000006
0 0.949868073878628 0.065625 0.026385224274406333 0.043750000000000004
