0 0.790677220756 0.8859375 0.0211081794195 0.071875
0 0.710642040457 0.07890625 0.0175901495163 0.0640625
0 0.713280562885 0.146875 0.0158311345646 0.0625
0 0.550131926121 0.32265625 0.0202286719437 0.0703125
0 0.455145118734 0.13984375 0.0131926121372 0.0671875
0 0.397977132806 0.24765625 0.0395778364116 0.0296875
0 0.398416886544 0.29296875 0.0404573438874 0.0328125
0 0.435356200528 0.465625 0.0351802990325 0.053125
0 0.0461741424802 0.4515625 0.03781882146 0.025
0 0.0879507475814 0.4515625 0.0386983289358 0.028125
0 0.150835532102 0.44453125 0.0413368513632 0.0296875
0 0.281002638522 0.43515625 0.03781882146 0.0296875
0 0.257695690413 0.6109375 0.0404573438874 0.040625
0 0.335532102023 0.621875 0.03781882146 0.034375
0 0.0804749340369 0.63203125 0.0448548812665 0.0328125
0 0.133685136324 0.6296875 0.0422163588391 0.03125
0 0.989006156552 0.71328125 0.0202286719437 0.0296875
