0 0.5070360598065083 0.5171875 0.02550571679859279 0.059375000000000004
2 0.5857519788918206 0.64453125 0.0316622691292876 0.0734375
0 0.33992963940193494 0.03671875 0.02198768689533861 0.0546875
0 0.3328935795954266 0.44921875 0.029023746701846966 0.029687500000000002
0 0.13148636763412488 0.1703125 0.03781882145998241 0.03125
0 0.1284080914687775 0.19296875000000002 0.029903254177660512 0.029687500000000002
0 0.12489006156552332 0.21875 0.0316622691292876 0.025
2 0.11521547933157432 0.24453125 0.03869832893579596 0.0421875
0 0.022427440633245383 0.010937500000000001 0.0395778364116095 0.021875000000000002
0 0.1077396657871592 0.025781250000000002 0.03430079155672824 0.026562500000000003
0 0.10202286719437116 0.046875 0.03518029903254178 0.028125
0 0.09322779243623572 0.0734375 0.03518029903254178 0.028125
0 0.08663148636763413 0.12578125 0.03430079155672824 0.029687500000000002
0 0.08047493403693932 0.14921875 0.03430079155672824 0.026562500000000003
0 0.07211961301671065 0.17734375000000002 0.03869832893579596 0.029687500000000002
0 0.0681618293755497 0.20625000000000002 0.0395778364116095 0.03125
0 0.6037818821459983 0.790625 0.030782761653474055 0.059375000000000004
0 0.41424802110817943 0.88203125 0.03869832893579596 0.051562500000000004
4 0.8192612137203167 0.6390625000000001 0.08883025505716799 0.125
0 0.9533861037818822 0.40078125000000003 0.029903254177660512 0.0484375
