0 0.290237467018 0.46015625 0.0334212840809 0.0609375
4 0.129287598945 0.81640625 0.0967458223395 0.1671875
0 0.127528583993 0.084375 0.0334212840809 0.034375
0 0.609938434477 0.21796875 0.03781882146 0.0515625
0 0.667106420405 0.12890625 0.0307827616535 0.0578125
0 0.715479331574 0.46484375 0.0325417766051 0.0546875
0 0.744503078276 0.51171875 0.0325417766051 0.0578125
0 0.728671943712 0.58046875 0.0343007915567 0.0578125
0 0.785839929639 0.5953125 0.0343007915567 0.05625
3 0.8109058927 0.7 0.0386983289358 0.059375
0 0.907211961302 0.7625 0.03781882146 0.059375
