0 0.11257695690413369 0.50625 0.024626209322779244 0.03125
0 0.016710642040457344 0.46015625000000004 0.03342128408091469 0.035937500000000004
0 0.0158311345646438 0.4921875 0.0316622691292876 0.03125
0 0.01759014951627089 0.52109375 0.03518029903254178 0.0328125
2 0.01934916446789798 0.5546875 0.03869832893579596 0.040625
0 0.29243623570800353 0.58828125 0.029023746701846966 0.0390625
4 0.5008795074758136 0.45 0.08531222515391382 0.109375
0 0.5250659630606861 0.53125 0.03518029903254178 0.046875
0 0.5184696569920845 0.578125 0.032541776605101144 0.05
0 0.9160070360598066 0.8367187500000001 0.0395778364116095 0.051562500000000004
0 0.9542656112576957 0.8765625 0.04221635883905013 0.05
0 0.8452066842568162 0.1046875 0.024626209322779244 0.05
0 0.9630606860158312 0.07187500000000001 0.021108179419525065 0.05
0 0.9503078276165348 0.12421875 0.02550571679859279 0.0484375
0 0.9736147757255937 0.3171875 0.029903254177660512 0.059375000000000004
0 0.9907651715039578 0.33437500000000003 0.016710642040457344 0.059375000000000004
