0 0.233509234828 0.4375 0.0360598065084 0.03125
0 0.312225153914 0.3171875 0.0211081794195 0.06875
0 0.158751099384 0.25078125 0.0430958663149 0.0359375
0 0.160070360598 0.29375 0.0422163588391 0.028125
0 0.0444151275286 0.44140625 0.0395778364116 0.0359375
0 0.0998240985048 0.62421875 0.0448548812665 0.0359375
0 0.0105540897098 0.6265625 0.0211081794195 0.03125
0 0.473175021988 0.06875 0.014072119613 0.065625
0 0.474934036939 0.1375 0.014072119613 0.0625
0 0.763852242744 0.6984375 0.0395778364116 0.028125
4 0.978012313105 0.65078125 0.0422163588391 0.0453125
