0 0.75417766051 0.25546875 0.03781882146 0.0359375
0 0.677220756376 0.35546875 0.0228671943712 0.0640625
3 0.667106420405 0.46484375 0.0255057167986 0.0703125
0 0.795954265611 0.13515625 0.0316622691293 0.0609375
0 0.336851363237 0.6390625 0.0351802990325 0.065625
4 0.192612137203 0.95859375 0.0650835532102 0.0796875
0 0.174582233949 0.259375 0.0325417766051 0.034375
0 0.763852242744 0.64609375 0.0325417766051 0.0546875
0 0.793315743184 0.69296875 0.0334212840809 0.0546875
0 0.836851363237 0.78125 0.0360598065084 0.05625
0 0.903693931398 0.134375 0.0360598065084 0.059375
0 0.923482849604 0.1609375 0.0334212840809 0.065625
