0 0.663588390501 0.0796875 0.0167106420405 0.065625
0 0.665347405453 0.1453125 0.0149516270888 0.0625
0 0.503957783641 0.325 0.0211081794195 0.06875
0 0.406332453826 0.1453125 0.00879507475814 0.071875
0 0.351363236588 0.25390625 0.0395778364116 0.0359375
0 0.352242744063 0.29453125 0.0413368513632 0.0328125
0 0.41380826737 0.44609375 0.03781882146 0.0328125
0 0.236147757256 0.44140625 0.03781882146 0.0328125
0 0.290677220756 0.62578125 0.0413368513632 0.0296875
0 0.19964819701 0.62578125 0.0404573438874 0.0328125
0 0.107739665787 0.45078125 0.0413368513632 0.0328125
0 0.0439753737907 0.45859375 0.0404573438874 0.0328125
0 0.0879507475814 0.63515625 0.0404573438874 0.0328125
0 0.0369393139842 0.640625 0.0457343887423 0.034375
0 0.0109938434477 0.45546875 0.0219876868953 0.0265625
0 0.74582233949 0.94375 0.0158311345646 0.075
0 0.95382585752 0.71171875 0.0430958663149 0.0328125
