0 0.7669305189094108 0.1640625 0.0158311345646438 0.06875
0 0.7198768689533861 0.2671875 0.018469656992084433 0.028125
0 0.7203166226912929 0.3125 0.0158311345646438 0.03125
0 0.8592788038698329 0.34375 0.021108179419525065 0.06875
0 0.8566402814423923 0.58515625 0.036939313984168866 0.035937500000000004
0 0.6455584872471416 0.6375000000000001 0.036939313984168866 0.03125
0 0.523306948109059 0.51328125 0.036939313984168866 0.029687500000000002
0 0.5910290237467019 0.45156250000000003 0.036939313984168866 0.03125
0 0.46306068601583117 0.45546875000000003 0.03781882145998241 0.0328125
0 0.4463500439753738 0.640625 0.03781882145998241 0.03125
0 0.39533861037818824 0.6429687500000001 0.04309586631486368 0.029687500000000002
0 0.24186455584872474 0.46406250000000004 0.03869832893579596 0.028125
0 0.2955145118733509 0.46406250000000004 0.0316622691292876 0.028125
0 0.36015831134564646 0.46015625000000004 0.03605980650835532 0.029687500000000002
0 0.401495162708883 0.46406250000000004 0.03781882145998241 0.028125
0 0.08223394898856641 0.0203125 0.020228671943711522 0.040625
0 0.1899736147757256 0.6515625 0.03869832893579596 0.028125
0 0.29683377308707126 0.6492187500000001 0.03430079155672824 0.029687500000000002
