0 0.4815303430079156 0.51875 0.029023746701846966 0.059375000000000004
0 0.5057167985927881 0.44453125000000004 0.036939313984168866 0.029687500000000002
0 0.5593667546174143 0.628125 0.03869832893579596 0.028125
0 0.7031662269129287 0.59765625 0.03781882145998241 0.026562500000000003
0 0.7739665787159191 0.33437500000000003 0.01934916446789798 0.06875
0 0.9397537379067723 0.010937500000000001 0.016710642040457344 0.021875000000000002
0 0.9335971855760774 0.09843750000000001 0.016710642040457344 0.0625
0 0.9349164467897978 0.16562500000000002 0.014072119613016711 0.059375000000000004
0 0.681618293755497 0.153125 0.01759014951627089 0.06875
0 0.15391380826737028 0.45625000000000004 0.040457343887423045 0.028125
0 0.20712401055408972 0.45625000000000004 0.032541776605101144 0.028125
0 0.27308707124010556 0.45234375000000004 0.03605980650835532 0.026562500000000003
0 0.3135444151275286 0.45390625 0.0395778364116095 0.029687500000000002
0 0.3768689533861038 0.44765625000000003 0.0395778364116095 0.029687500000000002
0 0.3597185576077397 0.634375 0.036939313984168866 0.03125
0 0.20932277924362358 0.6429687500000001 0.03518029903254178 0.029687500000000002
0 0.3060686015831135 0.634375 0.04397537379067722 0.03125
0 0.0998240985048373 0.6484375 0.03605980650835532 0.028125
0 0.6244503078276166 0.2609375 0.03869832893579596 0.03125
0 0.623570800351803 0.30390625000000004 0.03869832893579596 0.029687500000000002
