3 0.715479331574 0.4765625 0.0343007915567 0.065625
0 0.755057167986 0.45703125 0.0325417766051 0.0546875
0 0.664907651715 0.34375 0.0228671943712 0.0625
0 0.78364116095 0.50078125 0.0316622691293 0.0609375
0 0.826737027265 0.58515625 0.0351802990325 0.0578125
0 0.946789797713 0.75234375 0.03781882146 0.0640625
4 0.170624450308 0.8078125 0.0967458223395 0.175
0 0.330255057168 0.44921875 0.0343007915567 0.0609375
0 0.698768689534 0.1125 0.0325417766051 0.059375
0 0.167546174142 0.071875 0.0307827616535 0.0375
