0 0.2990325417766051 0.17890625000000002 0.01934916446789798 0.035937500000000004
0 0.2880386983289358 0.04609375 0.016710642040457344 0.0328125
0 0.2884784520668426 0.01015625 0.0158311345646438 0.0203125
0 0.4094107299912049 0.26328125 0.020228671943711522 0.0421875
0 0.5505716798592788 0.46718750000000003 0.029903254177660512 0.040625
0 0.43931398416886547 0.9640625 0.03430079155672824 0.053125000000000006
0 0.48680738786279687 0.88671875 0.032541776605101144 0.051562500000000004
4 0.4674582233948989 0.8515625 0.0870712401055409 0.14375000000000002
0 0.5294635004397538 0.7671875 0.03342128408091469 0.053125000000000006
0 0.5576077396657871 0.7796875000000001 0.0316622691292876 0.05
0 0.8280562884784521 0.7820312500000001 0.03605980650835532 0.0578125
0 0.8210202286719438 0.7156250000000001 0.03781882145998241 0.05
0 0.7005277044854882 0.63984375 0.029023746701846966 0.0484375
0 0.9621811785400176 0.025 0.021108179419525065 0.034375
0 0.9397537379067723 0.051562500000000004 0.018469656992084433 0.028125
3 0.9089709762532981 0.09296875 0.02550571679859279 0.035937500000000004
3 0.8680738786279684 0.15937500000000002 0.01934916446789798 0.034375
0 0.8434476693051891 0.184375 0.021108179419525065 0.037500000000000006
0 0.8575197889182058 0.203125 0.028144239226033423 0.034375
0 0.8218997361477572 0.20859375000000002 0.020228671943711522 0.0390625
0 0.7603342128408092 0.29140625000000003 0.02198768689533861 0.035937500000000004
3 0.7924362357080036 0.33671875 0.026385224274406333 0.051562500000000004
0 0.7590149516270889 0.33515625000000004 0.021108179419525065 0.0390625
0 0.756816182937555 0.38984375000000004 0.020228671943711522 0.035937500000000004
3 0.7255936675461742 0.43125 0.0316622691292876 0.05625
2 0.7308707124010554 0.37890625 0.036939313984168866 0.06406250000000001
