0 0.372911169745 0.14296875 0.0158311345646 0.0328125
0 0.35708003518 0.15078125 0.0158311345646 0.0328125
0 0.316622691293 0.14140625 0.0175901495163 0.0328125
0 0.496921723835 0.3453125 0.0228671943712 0.0375
0 0.532541776605 0.39296875 0.0202286719437 0.0359375
0 0.583113456464 0.42421875 0.0246262093228 0.0359375
0 0.628408091469 0.4484375 0.0255057167986 0.034375
0 0.661389621812 0.46484375 0.0228671943712 0.0359375
0 0.726473175022 0.5640625 0.0299032541777 0.0375
0 0.762972735268 0.53515625 0.0290237467018 0.0359375
0 0.714599824099 0.2265625 0.0184696569921 0.028125
2 0.688654353562 0.2875 0.0299032541777 0.053125
3 0.73526824978 0.2671875 0.028144239226 0.040625
0 0.776165347405 0.21484375 0.0184696569921 0.0296875
3 0.828056288478 0.15234375 0.0202286719437 0.0328125
0 0.787598944591 0.140625 0.0167106420405 0.03125
0 0.768689533861 0.159375 0.0175901495163 0.03125
3 0.808707124011 0.1234375 0.0184696569921 0.028125
3 0.844327176781 0.071875 0.014072119613 0.025
0 0.860158311346 0.05703125 0.0123131046614 0.0234375
0 0.872471416007 0.0421875 0.0158311345646 0.021875
0 0.892260334213 0.02109375 0.0184696569921 0.0265625
0 0.934036939314 0.0203125 0.0211081794195 0.028125
0 0.908091468777 0.00703125 0.0149516270888 0.0140625
0 0.539138082674 0.58671875 0.0263852242744 0.0421875
0 0.515391380827 0.578125 0.0263852242744 0.040625
4 0.461301671064 0.63828125 0.0729991204925 0.1140625
0 0.223394898857 0.96875 0.0404573438874 0.053125
0 0.979771328056 0.76015625 0.0386983289358 0.0546875
