0 0.7387862796833773 0.23828125 0.024626209322779244 0.0328125
0 0.7449428320140722 0.26406250000000003 0.022867194371152155 0.040625
3 0.7748460861917327 0.2703125 0.022867194371152155 0.040625
0 0.737467018469657 0.32421875 0.02198768689533861 0.035937500000000004
2 0.7115215479331575 0.3140625 0.0316622691292876 0.0625
0 0.5905892700087951 0.49609375 0.02726473175021988 0.045312500000000006
0 0.5241864555848725 0.659375 0.029903254177660512 0.043750000000000004
0 0.5496921723834652 0.6703125000000001 0.029903254177660512 0.043750000000000004
0 0.4758135444151276 0.6726562500000001 0.029903254177660512 0.0484375
4 0.46613896218117856 0.7367187500000001 0.079155672823219 0.1296875
0 0.301231310466139 0.9578125000000001 0.0395778364116095 0.05
0 0.41688654353562005 0.86875 0.0316622691292876 0.05
0 0.48197009674582236 0.7718750000000001 0.029903254177660512 0.053125000000000006
0 0.32365875109938436 0.9789062500000001 0.03518029903254178 0.0390625
0 0.7941952506596306 0.7828125 0.03518029903254178 0.065625
0 0.7959542656112577 0.609375 0.0316622691292876 0.043750000000000004
0 0.9837291116974495 0.9859375 0.030782761653474055 0.025
0 0.8922603342128409 0.08281250000000001 0.018469656992084433 0.034375
3 0.8795074758135445 0.05625 0.01759014951627089 0.028125
0 0.8179419525065963 0.13828125 0.01934916446789798 0.035937500000000004
0 0.7985927880386984 0.16171875000000002 0.021108179419525065 0.0390625
3 0.841688654353562 0.11406250000000001 0.021108179419525065 0.028125
3 0.7084432717678101 0.3609375 0.03430079155672824 0.05
0 0.9098504837291117 0.01953125 0.018469656992084433 0.0234375
0 0.8966578715919086 0.03828125 0.016710642040457344 0.0234375
0 0.33773087071240104 0.05390625 0.0158311345646438 0.026562500000000003
0 0.38522427440633245 0.11328125 0.014072119613016711 0.026562500000000003
0 0.306948109058927 0.13515625 0.0158311345646438 0.0328125
0 0.4718557607739666 0.2625 0.018469656992084433 0.034375
0 0.46437994722955145 0.290625 0.024626209322779244 0.040625
