4 0.467018469657 0.865625 0.0844327176781 0.140625
0 0.418645558487 0.88046875 0.0351802990325 0.0609375
0 0.486807387863 0.9015625 0.0325417766051 0.05625
0 0.528144239226 0.78046875 0.0307827616535 0.0515625
0 0.554969217238 0.79453125 0.0351802990325 0.0515625
0 0.694810905893 0.73984375 0.0263852242744 0.0515625
3 0.720756376429 0.44921875 0.0343007915567 0.0546875
2 0.72471416007 0.39765625 0.0351802990325 0.0640625
0 0.751099384345 0.40703125 0.0193491644679 0.0390625
0 0.75417766051 0.3546875 0.0219876868953 0.040625
0 0.754617414248 0.31484375 0.0228671943712 0.0328125
3 0.787159190853 0.35390625 0.0246262093228 0.0453125
0 0.834212840809 0.2046875 0.0202286719437 0.03125
0 0.813984168865 0.23046875 0.0202286719437 0.0328125
0 0.967018469657 0.02734375 0.0131926121372 0.0234375
0 0.949868073879 0.05 0.0211081794195 0.03125
0 0.927440633245 0.0796875 0.0184696569921 0.028125
0 0.914248021108 0.09765625 0.0149516270888 0.0234375
3 0.894459102902 0.12109375 0.0193491644679 0.0265625
3 0.858839050132 0.184375 0.0202286719437 0.034375
0 0.884784520668 0.1828125 0.0228671943712 0.034375
0 0.49780123131 0.41640625 0.0263852242744 0.0421875
0 0.401934916447 0.23515625 0.0211081794195 0.0328125
0 0.280123131047 0.0125 0.0167106420405 0.025
0 0.275725593668 0.046875 0.0149516270888 0.0375
0 0.325417766051 0.07890625 0.0175901495163 0.0265625
0 0.301671064204 0.20390625 0.0193491644679 0.0359375
0 0.432277924362 0.97890625 0.0395778364116 0.0390625
0 0.813984168865 0.7265625 0.0395778364116 0.059375
