0 0.255057167986 0.71484375 0.0299032541777 0.0453125
4 0.402814423923 0.45625 0.0914687774846 0.078125
0 0.477132805629 0.54140625 0.0360598065084 0.0390625
0 0.476693051891 0.5921875 0.0334212840809 0.0375
0 0.884344766931 0.64453125 0.03781882146 0.0390625
0 0.923922603342 0.66484375 0.0360598065084 0.0421875
0 0.983729111697 0.7109375 0.0307827616535 0.040625
0 0.487686895339 0.95625 0.0272647317502 0.084375
0 0.714160070361 0.009375 0.0175901495163 0.01875
0 0.862357080035 0.1375 0.0219876868953 0.059375
0 0.886103781882 0.146875 0.0202286719437 0.0625
