0 0.2801231310466139 0.08984375 0.03430079155672824 0.06406250000000001
0 0.5883905013192613 0.69921875 0.029903254177660512 0.06406250000000001
0 0.4758135444151276 0.8421875000000001 0.03518029903254178 0.065625
0 0.4437115215479332 0.82734375 0.03605980650835532 0.0703125
4 0.3737906772207564 0.9304687500000001 0.0949868073878628 0.13593750000000002
0 0.395778364116095 0.9703125 0.036939313984168866 0.05625
2 0.7119613016710642 0.28359375000000003 0.048372911169744945 0.08281250000000001
0 0.8047493403693932 0.06328125 0.04397537379067722 0.06406250000000001
0 0.7638522427440634 0.12187500000000001 0.030782761653474055 0.05625
3 0.8056288478452067 0.20078125000000002 0.03518029903254178 0.0703125
0 0.8654353562005277 0.19609375 0.03342128408091469 0.06406250000000001
0 0.8333333333333334 0.33515625000000004 0.044854881266490766 0.06406250000000001
0 0.7572559366754618 0.19921875 0.03518029903254178 0.0671875
3 0.7005277044854882 0.36640625000000004 0.048372911169744945 0.07968750000000001
0 0.747141600703606 0.290625 0.029023746701846966 0.0625
0 0.8905013192612138 0.9382812500000001 0.04133685136323659 0.0390625
0 0.7664907651715039 0.77734375 0.0395778364116095 0.0703125
