2 0.433597185576 0.2265625 0.0228671943712 0.075
2 0.627088830255 0.5625 0.0334212840809 0.034375
0 0.0826737027265 0.49453125 0.0404573438874 0.0328125
0 0.1890941073 0.43125 0.0404573438874 0.0375
0 0.244942832014 0.46171875 0.0413368513632 0.0421875
0 0.221635883905 0.5 0.0422163588391 0.040625
0 0.385224274406 0.3921875 0.0228671943712 0.078125
0 0.413368513632 0.37734375 0.0193491644679 0.0640625
0 0.576517150396 0.5421875 0.0413368513632 0.04375
0 0.608619173263 0.4890625 0.0404573438874 0.0375
0 0.672823218997 0.5875 0.0369393139842 0.040625
0 0.726473175022 0.60625 0.0422163588391 0.040625
0 0.792875989446 0.63671875 0.0448548812665 0.0453125
0 0.860598065084 0.67109375 0.0430958663149 0.0421875
0 0.857519788918 0.071875 0.0334212840809 0.06875
0 0.885224274406 0.0859375 0.0184696569921 0.046875
0 0.386103781882 0.1375 0.0228671943712 0.06875
