0 0.4916446789797714 0.87109375 0.026385224274406333 0.060937500000000006
0 0.5228671943711521 0.775 0.029023746701846966 0.07187500000000001
0 0.5215479331574319 0.58046875 0.026385224274406333 0.06406250000000001
0 0.548372911169745 0.51015625 0.030782761653474055 0.0671875
0 0.5897097625329816 0.56015625 0.029023746701846966 0.0703125
0 0.6284080914687775 0.45937500000000003 0.02726473175021988 0.059375000000000004
0 0.5941072999120492 0.37031250000000004 0.02726473175021988 0.0625
0 0.6169744942832014 0.309375 0.02550571679859279 0.0625
2 0.530782761653474 0.8656250000000001 0.03430079155672824 0.084375
2 0.5558487247141601 0.6843750000000001 0.028144239226033423 0.06875
3 0.6503957783641161 0.24531250000000002 0.030782761653474055 0.06875
3 0.6956904133685137 0.0703125 0.024626209322779244 0.053125000000000006
0 0.7185576077396658 0.017968750000000002 0.022867194371152155 0.035937500000000004
