2 0.249340369393 0.80390625 0.0290237467018 0.0484375
4 0.120052770449 0.3890625 0.0993843447669 0.059375
0 0.0408970976253 0.2390625 0.0360598065084 0.025
0 0.0391380826737 0.38046875 0.03781882146 0.0265625
0 0.108179419525 0.353125 0.0369393139842 0.025
0 0.110817941953 0.44453125 0.0386983289358 0.0359375
0 0.186015831135 0.3640625 0.0343007915567 0.03125
0 0.215919085312 0.39453125 0.03781882146 0.0328125
0 0.266051011434 0.371875 0.0343007915567 0.03125
0 0.268249780123 0.4046875 0.0334212840809 0.028125
0 0.16182937555 0.25078125 0.0351802990325 0.0328125
0 0.204045734389 0.2546875 0.0334212840809 0.03125
0 0.266490765172 0.26171875 0.0351802990325 0.0328125
0 0.373350923483 0.38515625 0.0307827616535 0.0296875
0 0.41600703606 0.39453125 0.0369393139842 0.0296875
0 0.416886543536 0.42734375 0.0369393139842 0.0328125
0 0.474934036939 0.4 0.0351802990325 0.03125
0 0.46218117854 0.43203125 0.03781882146 0.0265625
0 0.513192612137 0.4265625 0.0360598065084 0.0375
0 0.604221635884 0.5796875 0.0175901495163 0.0625
0 0.765611257696 0.365625 0.03781882146 0.034375
0 0.820580474934 0.44765625 0.0369393139842 0.0296875
0 0.68689533861 0.9046875 0.0175901495163 0.075
