3 0.5105540897097626 0.47890625000000003 0.030782761653474055 0.0765625
3 0.5633245382585752 0.2984375 0.02198768689533861 0.05625
2 0.3830255057167986 0.9085937500000001 0.032541776605101144 0.0703125
2 0.4041336851363237 0.9515625000000001 0.030782761653474055 0.07187500000000001
2 0.6745822339489886 0.26171875 0.0316622691292876 0.0703125
0 0.370712401055409 0.84140625 0.032541776605101144 0.0765625
0 0.40281442392260336 0.76484375 0.03342128408091469 0.07968750000000001
0 0.4432717678100264 0.8148437500000001 0.029903254177660512 0.0765625
0 0.47405452946350046 0.7406250000000001 0.0316622691292876 0.0625
0 0.4529463500439754 0.6125 0.028144239226033423 0.065625
0 0.47757255936675463 0.546875 0.028144239226033423 0.065625
0 0.5892700087950747 0.234375 0.022867194371152155 0.059375000000000004
0 0.6077396657871592 0.1796875 0.029903254177660512 0.065625
0 0.6398416886543536 0.1 0.02726473175021988 0.07187500000000001
0 0.6635883905013193 0.03515625 0.0237467018469657 0.0484375
0 0.7497801231310467 0.20703125 0.02726473175021988 0.0546875
0 0.7779243623570801 0.14921875 0.02550571679859279 0.0546875
0 0.7968337730870713 0.09296875 0.022867194371152155 0.051562500000000004
0 0.8786279683377309 0.11640625 0.01759014951627089 0.0421875
0 0.8979771328056289 0.10703125000000001 0.01759014951627089 0.0390625
