0 0.4467897977132806 0.76328125 0.01759014951627089 0.0578125
0 0.45866314863676344 0.7015625000000001 0.0237467018469657 0.0625
0 0.4797713280562885 0.6117187500000001 0.020228671943711522 0.0703125
0 0.494283201407212 0.5437500000000001 0.01759014951627089 0.053125000000000006
0 0.5391380826737028 0.3296875 0.01934916446789798 0.053125000000000006
0 0.5496921723834652 0.27734375 0.0158311345646438 0.0484375
0 0.5602462620932278 0.22734375 0.01759014951627089 0.0484375
0 0.5738786279683378 0.15234375 0.013192612137203167 0.045312500000000006
0 0.58311345646438 0.11015625000000001 0.014072119613016711 0.0421875
0 0.6389621811785401 0.16171875000000002 0.018469656992084433 0.0421875
0 0.6011433597185576 0.018750000000000003 0.018469656992084433 0.037500000000000006
0 0.6499560246262094 0.34687500000000004 0.01934916446789798 0.043750000000000004
0 0.6257695690413368 0.53828125 0.014951627088830256 0.045312500000000006
0 0.6165347405452947 0.596875 0.01759014951627089 0.05
0 0.5989445910290238 0.665625 0.021108179419525065 0.05625
0 0.7181178540017591 0.515625 0.0237467018469657 0.040625
0 0.7040457343887423 0.53359375 0.02198768689533861 0.0390625
0 0.6926121372031663 0.5476562500000001 0.020228671943711522 0.0390625
3 0.42963940193491645 0.8421875000000001 0.02198768689533861 0.0625
3 0.5923482849604222 0.049218750000000006 0.016710642040457344 0.0421875
0 0.0474934036939314 0.11796875000000001 0.026385224274406333 0.026562500000000003
0 0.05760773966578716 0.09843750000000001 0.029023746701846966 0.028125
0 0.07255936675461742 0.08125 0.0237467018469657 0.028125
