0 0.352682497801 0.92421875 0.0175901495163 0.0578125
0 0.356200527704 0.85703125 0.014072119613 0.0671875
0 0.361917326297 0.75078125 0.0149516270888 0.0734375
0 0.364116094987 0.675 0.0158311345646 0.053125
0 0.372911169745 0.446875 0.0123131046614 0.05
0 0.373350923483 0.39296875 0.0114335971856 0.0484375
0 0.377308707124 0.34140625 0.0123131046614 0.0515625
0 0.377748460862 0.265625 0.0114335971856 0.04375
0 0.377748460862 0.221875 0.0167106420405 0.046875
0 0.379507475814 0.13046875 0.0114335971856 0.0421875
0 0.385224274406 0.05 0.0105540897098 0.0375
0 0.439313984169 0.09921875 0.0131926121372 0.0359375
0 0.484168865435 0.41484375 0.0131926121372 0.0484375
0 0.492084432718 0.60390625 0.0184696569921 0.0453125
0 0.492524186456 0.66171875 0.014072119613 0.0515625
0 0.490325417766 0.7390625 0.0167106420405 0.0625
0 0.571240105541 0.53671875 0.0219876868953 0.0296875
0 0.560246262093 0.55859375 0.0246262093228 0.0328125
0 0.553210202287 0.5796875 0.0228671943712 0.03125
3 0.376429199648 0.16171875 0.0123131046614 0.0390625
