3 0.5 0.6296875000000001 0.03605980650835532 0.065625
3 0.5804749340369394 0.4765625 0.029903254177660512 0.053125000000000006
2 0.8777484608619174 0.19687500000000002 0.036939313984168866 0.0625
0 0.3034300791556728 0.9187500000000001 0.036939313984168866 0.06875
0 0.3452066842568162 0.8601562500000001 0.0395778364116095 0.06406250000000001
0 0.3768689533861038 0.93671875 0.03781882145998241 0.0734375
0 0.4199648197009675 0.8765625 0.03605980650835532 0.059375000000000004
0 0.4195250659630607 0.7367187500000001 0.03518029903254178 0.060937500000000006
0 0.45514511873350927 0.6820312500000001 0.03605980650835532 0.0578125
0 0.6165347405452947 0.4265625 0.028144239226033423 0.053125000000000006
0 0.644678979771328 0.38046875 0.03518029903254178 0.060937500000000006
0 0.6899736147757256 0.3125 0.03430079155672824 0.059375000000000004
0 0.7242744063324539 0.25859375 0.029023746701846966 0.0484375
0 0.7840809146877749 0.48046875 0.032541776605101144 0.0546875
0 0.8245382585751979 0.43515625 0.029023746701846966 0.0484375
0 0.851363236587511 0.3875 0.028144239226033423 0.05
0 0.9120492524186457 0.46640625 0.0158311345646438 0.0546875
0 0.9296394019349165 0.4625 0.014072119613016711 0.059375000000000004
0 0.9445910290237467 0.21640625000000002 0.03342128408091469 0.0578125
0 0.8372911169744943 0.07890625000000001 0.0316622691292876 0.051562500000000004
0 0.8663148636763413 0.032031250000000004 0.028144239226033423 0.0484375
0 0.9714160070360599 0.16875 0.030782761653474055 0.053125000000000006
0 0.9485488126649076 0.45937500000000003 0.018469656992084433 0.05625
