0 0.602462620932 0.878125 0.0263852242744 0.08125
0 0.58399296394 0.79140625 0.028144239226 0.0765625
0 0.472295514512 0.7078125 0.0246262093228 0.065625
0 0.422603342128 0.4875 0.0202286719437 0.046875
0 0.411169744943 0.3171875 0.0219876868953 0.05
0 0.383465259455 0.190625 0.0228671943712 0.05625
0 0.343007915567 0.134375 0.0211081794195 0.05625
0 0.0523306948109 0.6625 0.0413368513632 0.04375
0 0.0408970976253 0.63203125 0.0430958663149 0.0421875
0 0.158751099384 0.5625 0.0360598065084 0.04375
0 0.215919085312 0.56328125 0.0430958663149 0.0453125
0 0.209322779244 0.53203125 0.0386983289358 0.0453125
0 0.215479331574 0.453125 0.0369393139842 0.040625
0 0.270008795075 0.4921875 0.0351802990325 0.04375
0 0.267370272647 0.53203125 0.0386983289358 0.0484375
0 0.315743183817 0.48515625 0.0386983289358 0.0328125
0 0.529903254178 0.2609375 0.0343007915567 0.040625
