0 0.449868073879 0.94921875 0.0307827616535 0.0703125
0 0.452946350044 0.7453125 0.028144239226 0.06875
0 0.48109058927 0.67109375 0.0316622691293 0.0734375
0 0.523746701847 0.72265625 0.0290237467018 0.0734375
0 0.551451187335 0.65078125 0.0263852242744 0.0640625
0 0.52946350044 0.5265625 0.0263852242744 0.0625
0 0.553649956025 0.46328125 0.0272647317502 0.0671875
0 0.65963060686 0.15703125 0.0211081794195 0.0546875
0 0.68073878628 0.10390625 0.0246262093228 0.0640625
0 0.711521547933 0.02890625 0.0299032541777 0.0578125
2 0.484608619173 0.8546875 0.0299032541777 0.06875
2 0.53562005277 0.6109375 0.0299032541777 0.071875
2 0.628847845207 0.528125 0.0316622691293 0.075
3 0.586631486368 0.39765625 0.0316622691293 0.0734375
0 0.82145998241 0.13203125 0.028144239226 0.0609375
0 0.850043975374 0.071875 0.023746701847 0.053125
0 0.86763412489 0.02265625 0.0202286719437 0.0453125
3 0.637203166227 0.21796875 0.023746701847 0.0515625
