0 0.37906772207563766 0.878125 0.0158311345646438 0.0625
0 0.3830255057167986 0.8093750000000001 0.018469656992084433 0.0625
0 0.395778364116095 0.70703125 0.01759014951627089 0.0703125
0 0.40105540897097625 0.6335937500000001 0.014072119613016711 0.051562500000000004
0 0.41908531222515394 0.40468750000000003 0.014951627088830256 0.053125000000000006
0 0.4226033421284081 0.35078125000000004 0.011433597185576077 0.051562500000000004
0 0.42700087950747584 0.30234375 0.013192612137203167 0.0484375
0 0.4322779243623571 0.22578125000000002 0.014951627088830256 0.045312500000000006
0 0.43491644678979774 0.18359375 0.013192612137203167 0.045312500000000006
0 0.4419525065963061 0.08750000000000001 0.011433597185576077 0.037500000000000006
0 0.5 0.13828125 0.013192612137203167 0.045312500000000006
0 0.5294635004397538 0.3875 0.014072119613016711 0.05
0 0.5299032541776605 0.57734375 0.014951627088830256 0.0484375
0 0.5277044854881267 0.6359375 0.012313104661389622 0.05
0 0.5215479331574319 0.7171875000000001 0.021108179419525065 0.065625
0 0.5901495162708883 0.5625 0.01934916446789798 0.03125
0 0.6002638522427441 0.5437500000000001 0.020228671943711522 0.03125
0 0.6103781882145999 0.5203125000000001 0.01934916446789798 0.03125
3 0.3698328935795954 0.9632812500000001 0.020228671943711522 0.060937500000000006
3 0.4357959542656113 0.1203125 0.014951627088830256 0.037500000000000006
0 0.4516270888302551 0.013281250000000001 0.014951627088830256 0.026562500000000003
