0 0.3896218117854002 0.9671875000000001 0.036939313984168866 0.0625
0 0.42480211081794195 0.909375 0.03518029903254178 0.065625
0 0.5074758135444152 0.90390625 0.03342128408091469 0.06406250000000001
0 0.5795954265611258 0.6234375000000001 0.024626209322779244 0.053125000000000006
0 0.6037818821459983 0.5765625 0.029023746701846966 0.059375000000000004
0 0.6451187335092349 0.51171875 0.032541776605101144 0.06406250000000001
0 0.7458223394898857 0.6640625 0.029903254177660512 0.0625
0 0.6767810026385225 0.45625000000000004 0.02726473175021988 0.053125000000000006
0 0.7814423922603343 0.6117187500000001 0.0237467018469657 0.0546875
0 0.8047493403693932 0.5593750000000001 0.024626209322779244 0.05
0 0.8685136323658752 0.6257812500000001 0.020228671943711522 0.0421875
0 0.8852242744063324 0.61875 0.018469656992084433 0.043750000000000004
0 0.8834652594547054 0.3921875 0.029023746701846966 0.053125000000000006
0 0.8434476693051891 0.3453125 0.028144239226033423 0.05
0 0.7739665787159191 0.28125 0.028144239226033423 0.05
0 0.7994722955145119 0.23750000000000002 0.026385224274406333 0.05
0 0.8254177660510115 0.19375 0.02726473175021988 0.046875
0 0.8583992963940194 0.1296875 0.024626209322779244 0.05
0 0.8786279683377309 0.09296875 0.024626209322779244 0.045312500000000006
3 0.9085312225153914 0.0328125 0.026385224274406333 0.043750000000000004
3 0.5448548812664908 0.6804687500000001 0.029023746701846966 0.051562500000000004
3 0.4683377308707124 0.8500000000000001 0.0395778364116095 0.07500000000000001
