0 0.6640281442392261 0.9242187500000001 0.01934916446789798 0.0765625
0 0.6556728232189974 0.8289062500000001 0.016710642040457344 0.0703125
0 0.6820580474934037 0.6843750000000001 0.016710642040457344 0.07500000000000001
0 0.6394019349164468 0.6484375 0.021108179419525065 0.078125
2 0.6490765171503958 0.7406250000000001 0.01759014951627089 0.0625
0 0.5259454705364995 0.05234375 0.021108179419525065 0.0734375
0 0.5549692172383466 0.07187500000000001 0.021108179419525065 0.06875
0 0.13896218117854003 0.36640625000000004 0.040457343887423045 0.026562500000000003
0 0.3065083553210202 0.38671875 0.03781882145998241 0.035937500000000004
0 0.4067722075637643 0.38125000000000003 0.03605980650835532 0.037500000000000006
0 0.608179419525066 0.3828125 0.04309586631486368 0.037500000000000006
0 0.6693051890941073 0.30625 0.040457343887423045 0.040625
0 0.9063324538258576 0.29765625 0.04309586631486368 0.0390625
4 0.12752858399296393 0.45390625 0.10378188214599825 0.060937500000000006
2 0.963500439753738 0.20859375000000002 0.05013192612137203 0.045312500000000006
0 0.9854881266490766 0.15625 0.02726473175021988 0.037500000000000006
0 0.015391380826737027 0.37890625 0.030782761653474055 0.029687500000000002
