0 0.011433597185576077 0.3125 0.01934916446789798 0.0625
0 0.33421284080914687 0.65234375 0.03869832893579596 0.045312500000000006
0 0.40281442392260336 0.6273437500000001 0.04221635883905013 0.0390625
0 0.47449428320140724 0.5890625 0.03605980650835532 0.037500000000000006
0 0.5167106420404574 0.5765625 0.03430079155672824 0.040625
0 0.503957783641161 0.67734375 0.03869832893579596 0.045312500000000006
0 0.7273526824978013 0.484375 0.03342128408091469 0.040625
0 0.7660510114335972 0.46640625 0.040457343887423045 0.045312500000000006
0 0.8258575197889182 0.446875 0.04221635883905013 0.043750000000000004
0 0.8733509234828496 0.4265625 0.03518029903254178 0.03125
0 0.7453825857519789 0.5765625 0.03781882145998241 0.037500000000000006
0 0.9234828496042217 0.56015625 0.04221635883905013 0.0421875
3 0.5668425681618294 0.565625 0.04309586631486368 0.040625
3 0.6802990325417766 0.5 0.03605980650835532 0.040625
0 0.870712401055409 0.6742187500000001 0.040457343887423045 0.035937500000000004
0 0.9239226033421285 0.66953125 0.03605980650835532 0.035937500000000004
0 0.9648197009674583 0.64609375 0.03518029903254178 0.0390625
