0 0.5804749340369394 0.9710937500000001 0.0158311345646438 0.0546875
0 0.731750219876869 0.46953125 0.03518029903254178 0.029687500000000002
0 0.5861917326297273 0.3875 0.018469656992084433 0.053125000000000006
0 0.6042216358839051 0.09453125000000001 0.014072119613016711 0.0390625
0 0.6046613896218118 0.21484375 0.013192612137203167 0.0421875
0 0.07080035180299032 0.5734375 0.04309586631486368 0.025
0 0.17985927880386984 0.5171875 0.0395778364116095 0.03125
0 0.2326297273526825 0.52109375 0.03430079155672824 0.026562500000000003
0 0.23175021987686897 0.49296875 0.03605980650835532 0.029687500000000002
0 0.3403693931398417 0.50234375 0.03342128408091469 0.026562500000000003
0 0.3847845206684257 0.53671875 0.03781882145998241 0.035937500000000004
0 0.4331574318381706 0.54453125 0.03605980650835532 0.026562500000000003
0 0.484608619173263 0.53359375 0.03518029903254178 0.035937500000000004
0 0.44415127528584 0.5109375 0.036939313984168866 0.028125
0 0.38434476693051894 0.5078125 0.03518029903254178 0.028125
0 0.27792436235708007 0.43828125 0.03342128408091469 0.026562500000000003
0 0.23306948109058928 0.38125000000000003 0.036939313984168866 0.03125
0 0.16754617414248021 0.37812500000000004 0.03430079155672824 0.025
0 0.12401055408970976 0.37421875000000004 0.03518029903254178 0.029687500000000002
0 0.09146877748460862 0.47890625000000003 0.03518029903254178 0.026562500000000003
4 0.08003518029903255 0.5140625 0.10378188214599825 0.05625
0 0.15567282321899736 0.04453125 0.01759014951627089 0.045312500000000006
0 0.12445030782761654 0.03828125 0.014951627088830256 0.0421875
0 0.3531222515391381 0.0171875 0.02726473175021988 0.03125
0 0.34476693051890944 0.0421875 0.028144239226033423 0.034375
