0 0.809586631486 0.38984375 0.0343007915567 0.0546875
0 0.850043975374 0.23359375 0.0307827616535 0.0546875
0 0.936675461741 0.278125 0.0404573438874 0.053125
0 0.906332453826 0.02109375 0.03781882146 0.0421875
3 0.908970976253 0.15078125 0.0413368513632 0.0734375
0 0.861917326297 0.14765625 0.0369393139842 0.0671875
2 0.817941952507 0.22890625 0.0492524186456 0.0890625
3 0.807827616535 0.3109375 0.0483729111697 0.084375
0 0.870272647318 0.0671875 0.0325417766051 0.059375
0 0.876429199648 0.715625 0.0307827616535 0.059375
0 0.960422163588 0.86796875 0.0422163588391 0.0484375
0 0.581794195251 0.79140625 0.0360598065084 0.0703125
0 0.551451187335 0.77421875 0.0316622691293 0.0609375
4 0.485927880387 0.88515625 0.0888302550572 0.1484375
0 0.505716798593 0.91484375 0.0334212840809 0.0609375
0 0.458223394899 0.9828125 0.0316622691293 0.03125
0 0.470976253298 0.165625 0.0307827616535 0.053125
