0 0.590589270009 0.834375 0.0272647317502 0.075
0 0.570360598065 0.75078125 0.0272647317502 0.0703125
0 0.498680738786 0.8453125 0.028144239226 0.075
0 0.428759894459 0.57109375 0.023746701847 0.0671875
0 0.406332453826 0.36796875 0.0211081794195 0.0515625
0 0.379067722076 0.378125 0.0193491644679 0.04375
0 0.0325417766051 0.66796875 0.0422163588391 0.0484375
0 0.0215479331574 0.63671875 0.0430958663149 0.0453125
0 0.138082673703 0.55859375 0.0369393139842 0.0453125
0 0.188654353562 0.525 0.0395778364116 0.04375
0 0.198328935796 0.553125 0.0448548812665 0.046875
0 0.246701846966 0.52265625 0.0360598065084 0.0484375
0 0.249780123131 0.47734375 0.0386983289358 0.0421875
0 0.295074758135 0.4703125 0.0395778364116 0.034375
0 0.228232189974 0.41171875 0.0343007915567 0.0484375
0 0.372911169745 0.24453125 0.0211081794195 0.0484375
0 0.299912049252 0.06875 0.0193491644679 0.046875
0 0.504837291117 0.2296875 0.0334212840809 0.040625
0 0.637642919965 0.978125 0.0246262093228 0.040625
