0 0.5813544415127528 0.9226562500000001 0.024626209322779244 0.0703125
0 0.6455584872471416 0.8203125 0.024626209322779244 0.07187500000000001
0 0.616094986807388 0.7523437500000001 0.02550571679859279 0.0765625
0 0.5017590149516271 0.38515625000000003 0.04133685136323659 0.045312500000000006
0 0.7361477572559367 0.47578125000000004 0.03869832893579596 0.0421875
0 0.6033421284080915 0.3765625 0.03869832893579596 0.040625
0 0.6992084432717678 0.17109375000000002 0.026385224274406333 0.0703125
0 0.7216358839050132 0.078125 0.0237467018469657 0.06875
0 0.679419525065963 0.1265625 0.02726473175021988 0.07187500000000001
0 0.07695690413368514 0.039843750000000004 0.03605980650835532 0.0484375
0 0.29507475813544415 0.11015625000000001 0.03781882145998241 0.0484375
0 0.5070360598065083 0.3046875 0.03605980650835532 0.043750000000000004
0 0.8087071240105541 0.59375 0.04309586631486368 0.046875
2 0.6002638522427441 0.83984375 0.02198768689533861 0.06406250000000001
0 0.8790677220756377 0.44453125000000004 0.04133685136323659 0.0484375
4 0.3386103781882146 0.21875 0.09674582233948989 0.09375
0 0.567722075637643 0.9875 0.020228671943711522 0.021875000000000002
0 0.17018469656992086 0.015625 0.03430079155672824 0.03125
