4 0.2423043095866315 0.26484375 0.0870712401055409 0.08281250000000001
0 0.12181178540017591 0.06015625 0.030782761653474055 0.0328125
0 0.15435356200527706 0.0765625 0.030782761653474055 0.034375
0 0.1899736147757256 0.09609375 0.0316622691292876 0.0328125
0 0.17150395778364116 0.22812500000000002 0.03342128408091469 0.037500000000000006
0 0.20448548812664907 0.21250000000000002 0.032541776605101144 0.03125
0 0.29463500439753737 0.14921875 0.0316622691292876 0.035937500000000004
0 0.33509234828496043 0.16796875 0.0316622691292876 0.035937500000000004
0 0.39226033421284084 0.19921875 0.03342128408091469 0.0390625
0 0.30518909410729994 0.2625 0.03342128408091469 0.037500000000000006
0 0.3276165347405453 0.30546875 0.03605980650835532 0.0390625
0 0.37730870712401055 0.30390625000000004 0.0316622691292876 0.035937500000000004
0 0.37467018469656993 0.33437500000000003 0.0316622691292876 0.03125
0 0.474934036939314 0.35859375000000004 0.029903254177660512 0.035937500000000004
0 0.5145118733509235 0.3828125 0.03342128408091469 0.037500000000000006
0 0.5118733509234829 0.41250000000000003 0.03518029903254178 0.040625
0 0.5716798592788039 0.41015625 0.03518029903254178 0.035937500000000004
0 0.5558487247141601 0.43593750000000003 0.036939313984168866 0.034375
0 0.6072999120492525 0.45 0.03430079155672824 0.040625
0 0.7110817941952506 0.42031250000000003 0.020228671943711522 0.059375000000000004
0 0.8715919085312226 0.49609375 0.040457343887423045 0.0421875
0 0.8715919085312226 0.58046875 0.036939313984168866 0.0421875
0 0.09234828496042216 0.0421875 0.028144239226033423 0.03125
0 0.02726473175021988 0.059375000000000004 0.029903254177660512 0.03125
0 0.04001759014951627 0.01640625 0.02726473175021988 0.0328125
2 0.3087071240105541 0.70234375 0.024626209322779244 0.0484375
3 0.04221635883905013 0.8382812500000001 0.03518029903254178 0.0578125
0 0.22735268249780125 0.31484375000000003 0.032541776605101144 0.0390625
0 0.08751099384344767 0.23046875 0.03430079155672824 0.035937500000000004
0 0.9080914687774847 0.8796875000000001 0.0237467018469657 0.046875
