0 0.5413368513632366 0.5515625000000001 0.03430079155672824 0.0625
0 0.5703605980650835 0.565625 0.03430079155672824 0.05625
0 0.6103781882145999 0.28828125 0.0316622691292876 0.051562500000000004
0 0.6543535620052771 0.28984375 0.03869832893579596 0.045312500000000006
3 0.7739665787159191 0.13515625 0.04397537379067722 0.0703125
0 0.8122251539138083 0.07265625 0.02726473175021988 0.051562500000000004
2 0.7814423922603343 0.06328125 0.04309586631486368 0.08281250000000001
0 0.8931398416886543 0.10390625 0.03430079155672824 0.051562500000000004
3 0.8588390501319262 0.017968750000000002 0.030782761653474055 0.035937500000000004
0 0.8157431838170625 0.015625 0.029023746701846966 0.03125
0 0.8575197889182058 0.49453125000000003 0.03869832893579596 0.06406250000000001
0 0.9256816182937555 0.60078125 0.03430079155672824 0.06406250000000001
0 0.4969217238346526 0.68515625 0.03342128408091469 0.0578125
4 0.47757255936675463 0.6468750000000001 0.08619173262972736 0.140625
0 0.4481090589270009 0.7671875 0.03605980650835532 0.0625
0 0.3544415127528584 0.83984375 0.040457343887423045 0.0546875
0 0.40589270008795075 0.82578125 0.03605980650835532 0.0578125
0 0.23614775725593667 0.98828125 0.029023746701846966 0.0203125
0 0.3043095866314864 0.9031250000000001 0.03869832893579596 0.05625
0 0.9234828496042217 0.8046875 0.03518029903254178 0.065625
