0 0.416446789798 0.96328125 0.0325417766051 0.0703125
0 0.419525065963 0.7625 0.0299032541777 0.06875
0 0.450307827617 0.6828125 0.0316622691293 0.071875
0 0.490325417766 0.740625 0.0290237467018 0.075
0 0.498680738786 0.540625 0.028144239226 0.0625
0 0.521987686895 0.478125 0.0255057167986 0.0625
0 0.63236587511 0.16953125 0.0211081794195 0.0546875
0 0.651715039578 0.1171875 0.0246262093228 0.0625
0 0.683377308707 0.040625 0.0263852242744 0.065625
0 0.79199648197 0.14765625 0.0272647317502 0.0578125
0 0.82145998241 0.08828125 0.0263852242744 0.0546875
0 0.839050131926 0.03515625 0.0228671943712 0.0484375
2 0.638082673703 0.425 0.0307827616535 0.071875
2 0.474494283201 0.7046875 0.0290237467018 0.071875
2 0.450747581354 0.87265625 0.0290237467018 0.0734375
3 0.557167985928 0.41328125 0.0307827616535 0.0734375
0 0.520668425682 0.6640625 0.028144239226 0.065625
3 0.606420404573 0.23359375 0.0255057167986 0.0546875
0 0.921723834653 0.05546875 0.0175901495163 0.0328125
0 0.937994722955 0.046875 0.0131926121372 0.034375
