0 0.492524186456 0.9515625 0.028144239226 0.065625
0 0.523746701847 0.8515625 0.0307827616535 0.075
0 0.52110817942 0.65546875 0.0272647317502 0.0734375
0 0.549692172383 0.58125 0.0334212840809 0.06875
0 0.591908531223 0.63203125 0.028144239226 0.0734375
0 0.62401055409 0.5453125 0.0272647317502 0.0625
0 0.595426561126 0.43984375 0.0263852242744 0.0609375
0 0.618293755497 0.37578125 0.0228671943712 0.0640625
0 0.722075637643 0.07578125 0.0193491644679 0.0515625
0 0.740545294635 0.02734375 0.0228671943712 0.0546875
2 0.744942832014 0.11875 0.0299032541777 0.06875
2 0.562445030783 0.85234375 0.0343007915567 0.0828125
2 0.555848724714 0.7609375 0.0299032541777 0.06875
3 0.65127528584 0.31171875 0.0307827616535 0.0734375
0 0.879507475814 0.05390625 0.0246262093228 0.0578125
3 0.697009674582 0.13515625 0.0202286719437 0.0546875
