3 0.523306948109 0.55546875 0.0404573438874 0.0546875
3 0.619613016711 0.43671875 0.0325417766051 0.0453125
0 0.305189094107 0.75234375 0.0386983289358 0.0546875
0 0.370272647318 0.69375 0.0422163588391 0.053125
0 0.433597185576 0.621875 0.0369393139842 0.046875
0 0.475373790677 0.5875 0.0360598065084 0.05
0 0.414248021108 0.75703125 0.0404573438874 0.0578125
0 0.617414248021 0.553125 0.0369393139842 0.046875
0 0.660949868074 0.4 0.0290237467018 0.0375
0 0.693491644679 0.36953125 0.0360598065084 0.0484375
0 0.747581354442 0.3234375 0.0369393139842 0.053125
0 0.788918205805 0.284375 0.028144239226 0.040625
0 0.920844327177 0.31796875 0.0369393139842 0.0484375
0 0.821899736148 0.51875 0.03781882146 0.05
0 0.868513632366 0.48671875 0.0343007915567 0.0421875
0 0.902374670185 0.4515625 0.0316622691293 0.053125
0 0.955145118734 0.54453125 0.0175901495163 0.0453125
0 0.973175021988 0.54453125 0.0149516270888 0.0484375
0 0.927000879507 0.15078125 0.0351802990325 0.0453125
0 0.96218117854 0.11640625 0.0334212840809 0.0421875
0 0.991204925242 0.09140625 0.0158311345646 0.0421875
