0 0.6226912928759895 0.89609375 0.036939313984168866 0.0578125
0 0.58311345646438 0.846875 0.03518029903254178 0.053125000000000006
0 0.5026385224274407 0.74609375 0.03605980650835532 0.060937500000000006
0 0.46350043975373795 0.69296875 0.036939313984168866 0.0546875
0 0.35092348284960423 0.67109375 0.03342128408091469 0.051562500000000004
0 0.3891820580474934 0.790625 0.03781882145998241 0.0625
0 0.2515391380826737 0.6742187500000001 0.036939313984168866 0.0578125
0 0.29243623570800353 0.59921875 0.03605980650835532 0.051562500000000004
0 0.22295514511873352 0.5765625 0.03605980650835532 0.053125000000000006
0 0.10817941952506596 0.4234375 0.0316622691292876 0.05
0 0.06464379947229552 0.48203125 0.02550571679859279 0.060937500000000006
0 0.02330694810905893 0.31171875000000004 0.02550571679859279 0.0390625
0 0.26253298153034305 0.27421875 0.029023746701846966 0.0578125
0 0.044854881266490766 0.8625 0.04221635883905013 0.078125
0 0.08575197889182058 0.7820312500000001 0.03430079155672824 0.0734375
0 0.123570800351803 0.6859375000000001 0.0395778364116095 0.059375000000000004
0 0.07783641160949868 0.73828125 0.03781882145998241 0.0671875
0 0.024626209322779244 0.84296875 0.03869832893579596 0.0703125
2 0.03430079155672824 0.21953125 0.029903254177660512 0.045312500000000006
2 0.15611257695690414 0.42812500000000003 0.030782761653474055 0.043750000000000004
3 0.49472295514511877 0.9281250000000001 0.04661389621811786 0.07187500000000001
3 0.6640281442392261 0.9640625 0.04397537379067722 0.065625
