0 0.0554089709763 0.828125 0.0404573438874 0.034375
0 0.07563764292 0.89375 0.0422163588391 0.0375
0 0.18073878628 0.89921875 0.0395778364116 0.0421875
0 0.438874230431 0.075 0.0158311345646 0.053125
0 0.442832014072 0.13203125 0.0131926121372 0.0515625
0 0.459542656113 0.3234375 0.0167106420405 0.059375
0 0.523306948109 0.440625 0.0175901495163 0.0625
0 0.502638522427 0.51015625 0.0184696569921 0.0671875
0 0.530343007916 0.5296875 0.0211081794195 0.065625
0 0.646437994723 0.75625 0.0386983289358 0.040625
0 0.749780123131 0.68046875 0.03781882146 0.0359375
0 0.820580474934 0.77109375 0.0439753737907 0.0421875
2 0.817941952507 0.6953125 0.0457343887423 0.04375
