0 0.0791556728232 0.9515625 0.0474934036939 0.046875
0 0.154793315743 0.96875 0.0457343887423 0.053125
0 0.164907651715 0.90546875 0.0413368513632 0.0484375
0 0.207563764292 0.9484375 0.0439753737907 0.05
0 0.284080914688 0.2609375 0.0211081794195 0.06875
0 0.549692172383 0.63125 0.0334212840809 0.0375
0 0.605540897098 0.59765625 0.0413368513632 0.0390625
0 0.738346525945 0.51953125 0.0413368513632 0.0421875
0 0.671943711522 0.4578125 0.0386983289358 0.040625
0 0.721635883905 0.43515625 0.0413368513632 0.0421875
0 0.809146877748 0.38125 0.0386983289358 0.04375
0 0.851363236588 0.36171875 0.0404573438874 0.0421875
2 0.662708883026 0.56875 0.0395778364116 0.046875
2 0.359718557608 0.590625 0.0299032541777 0.078125
3 0.243183817062 0.86015625 0.0483729111697 0.0484375
3 0.903693931398 0.34921875 0.0448548812665 0.0453125
