0 0.884784520668 0.6375 0.0334212840809 0.034375
0 0.833773087071 0.62109375 0.0457343887423 0.0359375
0 0.772647317502 0.6046875 0.0395778364116 0.03125
0 0.734828496042 0.59296875 0.0307827616535 0.0265625
0 0.514072119613 0.540625 0.0360598065084 0.028125
0 0.471416007036 0.52734375 0.0386983289358 0.0359375
0 0.377748460862 0.51015625 0.0413368513632 0.0390625
0 0.328935795954 0.49296875 0.0404573438874 0.0328125
0 0.372911169745 0.60546875 0.0369393139842 0.0328125
0 0.308267370273 0.58515625 0.0413368513632 0.0359375
0 0.828056288478 0.871875 0.0413368513632 0.0375
0 0.879507475814 0.89921875 0.0369393139842 0.0328125
0 0.923922603342 0.91171875 0.0360598065084 0.0359375
2 0.028144239226 0.47734375 0.0422163588391 0.0390625
2 0.191292875989 0.56640625 0.03781882146 0.0359375
3 0.100263852243 0.59296875 0.0510114335972 0.0390625
3 0.563324538259 0.56640625 0.0413368513632 0.0359375
3 0.685576077397 0.57734375 0.0343007915567 0.0296875
0 0.00923482849604 0.5234375 0.0184696569921 0.0375
0 0.239226033421 0.20234375 0.0228671943712 0.0484375
