0 0.33641160949868076 0.34218750000000003 0.013192612137203167 0.03125
0 0.35708003518029907 0.34609375000000003 0.014072119613016711 0.029687500000000002
0 0.32585751978891825 0.2015625 0.013192612137203167 0.018750000000000003
0 0.3065083553210202 0.16875 0.011433597185576077 0.018750000000000003
0 0.5092348284960423 0.08359375000000001 0.010554089709762533 0.0171875
0 0.06596306068601583 0.030468750000000003 0.0158311345646438 0.0140625
0 0.2141600703605981 0.013281250000000001 0.0079155672823219 0.0171875
0 0.31838170624450307 0.37031250000000004 0.0158311345646438 0.028125
0 0.484608619173263 0.56015625 0.022867194371152155 0.035937500000000004
0 0.5140721196130167 0.596875 0.0237467018469657 0.034375
0 0.5422163588390502 0.6023437500000001 0.02198768689533861 0.035937500000000004
0 0.6851363236587511 0.51796875 0.029903254177660512 0.051562500000000004
0 0.7097625329815304 0.45546875000000003 0.01934916446789798 0.026562500000000003
3 0.7678100263852243 0.44921875 0.024626209322779244 0.035937500000000004
3 0.8548812664907652 0.34140625 0.01759014951627089 0.029687500000000002
0 0.8100263852242744 0.39296875000000003 0.0158311345646438 0.026562500000000003
0 0.7620932277924363 0.390625 0.018469656992084433 0.028125
0 0.7792436235708003 0.37265625 0.014072119613016711 0.029687500000000002
3 0.8311345646437995 0.30703125000000003 0.0158311345646438 0.0234375
0 0.8896218117854002 0.24531250000000002 0.011433597185576077 0.021875000000000002
0 0.8755496921723835 0.2609375 0.014951627088830256 0.021875000000000002
0 0.8575197889182058 0.27968750000000003 0.014072119613016711 0.018750000000000003
0 0.8438874230430959 0.2921875 0.011433597185576077 0.025
0 0.7647317502198769 0.7703125000000001 0.029023746701846966 0.040625
0 0.7541776605101144 0.8343750000000001 0.030782761653474055 0.043750000000000004
0 0.6974494283201408 0.7664062500000001 0.026385224274406333 0.0390625
0 0.7203166226912929 0.765625 0.024626209322779244 0.037500000000000006
0 0.5118733509234829 0.8171875000000001 0.026385224274406333 0.040625
0 0.5373790677220757 0.8265625000000001 0.028144239226033423 0.043750000000000004
4 0.44722955145118737 0.8953125000000001 0.07827616534740546 0.12187500000000001
0 0.6649076517150396 0.021875000000000002 0.010554089709762533 0.009375000000000001
0 0.6723834652594547 0.018750000000000003 0.00967458223394899 0.0125
0 0.6802990325417766 0.015625 0.00967458223394899 0.015625
0 0.9327176781002638 0.1953125 0.013192612137203167 0.018750000000000003
0 0.9547053649956025 0.17109375000000002 0.011433597185576077 0.0171875
0 0.9432717678100264 0.18281250000000002 0.011433597185576077 0.015625
0 0.9687774846086192 0.15234375 0.013192612137203167 0.0171875
0 0.9802110817941952 0.13984375000000002 0.011433597185576077 0.0171875
0 0.9903254177660511 0.17500000000000002 0.0158311345646438 0.021875000000000002
3 0.9898856640281443 0.12421875 0.011433597185576077 0.0171875
0 0.9956024626209323 0.11484375000000001 0.007036059806508356 0.0171875
0 0.9925241864555849 0.15156250000000002 0.013192612137203167 0.018750000000000003
3 0.7985927880386984 0.35781250000000003 0.01934916446789798 0.03125
