0 0.10202286719437116 0.11875000000000001 0.028144239226033423 0.03125
0 0.14028144239226034 0.1375 0.03605980650835532 0.03125
0 0.1284080914687775 0.27109375 0.036939313984168866 0.0328125
0 0.18073878627968337 0.26015625000000003 0.03430079155672824 0.0328125
0 0.18733509234828497 0.353125 0.036939313984168866 0.034375
0 0.2598944591029024 0.39687500000000003 0.030782761653474055 0.025
0 0.2660510114335972 0.2921875 0.032541776605101144 0.034375
0 0.2902374670184697 0.33046875000000003 0.03518029903254178 0.035937500000000004
0 0.3403693931398417 0.3203125 0.03518029903254178 0.037500000000000006
0 0.3390501319261214 0.35078125000000004 0.032541776605101144 0.0328125
0 0.2519788918205805 0.17578125 0.032541776605101144 0.035937500000000004
0 0.29155672823219 0.19296875000000002 0.032541776605101144 0.0328125
0 0.35092348284960423 0.21484375 0.03342128408091469 0.0328125
0 0.4410729991204925 0.36328125 0.030782761653474055 0.0328125
0 0.48197009674582236 0.38046875 0.03342128408091469 0.0328125
0 0.5395778364116095 0.4 0.03430079155672824 0.03125
0 0.47933157431838175 0.4109375 0.036939313984168866 0.037500000000000006
0 0.5237467018469657 0.43125 0.03605980650835532 0.03125
0 0.5760773966578716 0.43828125 0.03342128408091469 0.035937500000000004
0 0.6662269129287599 0.49921875000000004 0.020228671943711522 0.06406250000000001
0 0.8641160949868074 0.53671875 0.03430079155672824 0.035937500000000004
0 0.8364116094986808 0.44609375 0.03869832893579596 0.0390625
0 0.06772207563764292 0.10703125000000001 0.029903254177660512 0.0328125
0 0.03562005277044855 0.09296875 0.029023746701846966 0.029687500000000002
4 0.20140721196130168 0.29921875000000003 0.09146877748460862 0.07968750000000001
2 0.28715919085312225 0.73203125 0.02550571679859279 0.045312500000000006
3 0.020668425681618294 0.9109375000000001 0.03605980650835532 0.0625
0 0.7106420404573439 0.9656250000000001 0.022867194371152155 0.065625
