0 0.588390501319 0.57578125 0.0422163588391 0.0453125
0 0.625769569041 0.53359375 0.0395778364116 0.0484375
0 0.681178540018 0.64765625 0.0395778364116 0.0484375
0 0.731310466139 0.68671875 0.0395778364116 0.0453125
0 0.795074758135 0.7359375 0.0422163588391 0.053125
0 0.860598065084 0.78828125 0.0413368513632 0.0515625
0 0.911609498681 0.19921875 0.0360598065084 0.0640625
0 0.300791556728 0.91875 0.0263852242744 0.071875
0 0.446350043975 0.3640625 0.023746701847 0.065625
0 0.435356200528 0.28828125 0.028144239226 0.0703125
0 0.244503078276 0.43203125 0.0404573438874 0.0453125
0 0.272207563764 0.40078125 0.0395778364116 0.0453125
0 0.221635883905 0.3578125 0.0351802990325 0.04375
0 0.112576956904 0.38671875 0.0386983289358 0.0421875
2 0.477132805629 0.2234375 0.0290237467018 0.075
2 0.636763412489 0.61171875 0.0351802990325 0.0484375
0 0.937554969217 0.21875 0.0211081794195 0.04375
3 0.864995602463 0.05625 0.0290237467018 0.0375
0 0.875109938434 0.09140625 0.0299032541777 0.0390625
0 0.888302550572 0.121875 0.028144239226 0.0375
0 0.859718557608 0.02421875 0.0272647317502 0.0328125
0 0.438874230431 0.1328125 0.0263852242744 0.06875
