0 0.333333333333 0.925 0.0316622691293 0.071875
0 0.368953386104 0.84921875 0.03781882146 0.0703125
0 0.408531222515 0.9140625 0.0360598065084 0.078125
0 0.44327176781 0.8390625 0.0334212840809 0.065625
0 0.427880386983 0.7046875 0.0307827616535 0.06875
0 0.457343887423 0.640625 0.028144239226 0.0625
0 0.58619173263 0.3390625 0.0219876868953 0.05625
0 0.609938434477 0.2875 0.0290237467018 0.06875
0 0.645998240985 0.2078125 0.0307827616535 0.065625
0 0.672823218997 0.1453125 0.0228671943712 0.053125
0 0.752858399296 0.33828125 0.0334212840809 0.0609375
0 0.785839929639 0.28125 0.0290237467018 0.05625
0 0.807827616535 0.22890625 0.023746701847 0.0515625
0 0.888302550572 0.26953125 0.0211081794195 0.0578125
0 0.8781882146 0.034375 0.0290237467018 0.05625
2 0.765611257696 0.15390625 0.0290237467018 0.0671875
3 0.495602462621 0.57578125 0.0343007915567 0.0703125
3 0.557167985928 0.40078125 0.0272647317502 0.0546875
0 0.909410729991 0.2609375 0.0175901495163 0.046875
