0 0.06640281442392261 0.6875 0.04309586631486368 0.03125
0 0.16358839050131926 0.5796875 0.03869832893579596 0.03125
0 0.20404573438874232 0.6296875000000001 0.040457343887423045 0.03125
0 0.22251539138082674 0.58203125 0.040457343887423045 0.0328125
0 0.35532102022867196 0.5625 0.021108179419525065 0.078125
0 0.3777484608619173 0.43828125 0.020228671943711522 0.0671875
0 0.5571679859278804 0.51796875 0.04133685136323659 0.029687500000000002
0 0.5817941952506597 0.45078125 0.0395778364116095 0.026562500000000003
0 0.6561125769569042 0.51875 0.03869832893579596 0.03125
0 0.7093227792436236 0.5171875 0.0395778364116095 0.03125
0 0.7774846086191733 0.51875 0.04397537379067722 0.034375
0 0.8474054529463501 0.521875 0.04309586631486368 0.03125
2 0.608179419525066 0.51484375 0.032541776605101144 0.026562500000000003
2 0.37423043095866315 0.278125 0.018469656992084433 0.078125
0 0.9353562005277045 0.0140625 0.018469656992084433 0.028125
0 0.3153034300791557 0.20546875 0.020228671943711522 0.0671875
