0 0.127528583993 0.70625 0.0404573438874 0.04375
0 0.234828496042 0.67578125 0.0369393139842 0.0453125
0 0.257255936675 0.75234375 0.0413368513632 0.0515625
0 0.284960422164 0.71796875 0.0386983289358 0.0515625
0 0.457783641161 0.6765625 0.0219876868953 0.065625
0 0.60510114336 0.903125 0.0439753737907 0.05625
0 0.643799472296 0.85625 0.0422163588391 0.05
0 0.703166226913 0.9765625 0.0413368513632 0.04375
2 0.495162708883 0.521875 0.028144239226 0.071875
2 0.656992084433 0.94296875 0.0351802990325 0.0453125
0 0.485488126649 0.45703125 0.0263852242744 0.0671875
0 0.64907651715 0.21796875 0.0228671943712 0.0609375
0 0.532102022867 0.07578125 0.0211081794195 0.0609375
0 0.639401934916 0.10078125 0.0228671943712 0.0546875
0 0.36983289358 0.97109375 0.0255057167986 0.0546875
0 0.0136323658751 0.61328125 0.0272647317502 0.0390625
0 0.861037818821 0.05390625 0.0404573438874 0.0359375
0 0.857959542656 0.08671875 0.0272647317502 0.0328125
0 0.856640281442 0.11328125 0.0193491644679 0.0234375
3 0.846086191733 0.1703125 0.0299032541777 0.034375
0 0.955584872471 0.08828125 0.0360598065084 0.0390625
0 0.948109058927 0.140625 0.0351802990325 0.0375
0 0.845206684257 0.23203125 0.0263852242744 0.0265625
0 0.85708003518 0.34453125 0.0272647317502 0.0296875
3 0.862357080035 0.375 0.0272647317502 0.0375
0 0.876868953386 0.4109375 0.0299032541777 0.034375
0 0.890501319261 0.43984375 0.0272647317502 0.0421875
0 0.916886543536 0.5125 0.0343007915567 0.059375
0 0.9454705365 0.53203125 0.0228671943712 0.0546875
0 0.990325417766 0.1765625 0.0175901495163 0.034375
