2 0.645558487247 0.93984375 0.0211081794195 0.0703125
2 0.868073878628 0.4296875 0.0439753737907 0.04375
0 0.633245382586 0.8421875 0.0228671943712 0.08125
0 0.677660510114 0.88125 0.0219876868953 0.078125
0 0.758135444151 0.534375 0.0422163588391 0.0375
0 0.836851363237 0.403125 0.0360598065084 0.040625
0 0.65963060686 0.496875 0.0369393139842 0.040625
0 0.175021987687 0.60078125 0.0351802990325 0.0328125
0 0.100263852243 0.55078125 0.0369393139842 0.0328125
0 0.272647317502 0.60390625 0.0369393139842 0.0359375
0 0.474054529464 0.0453125 0.0175901495163 0.0625
0 0.540897097625 0.1734375 0.0193491644679 0.065625
0 0.519349164468 0.25 0.0167106420405 0.06875
0 0.546613896218 0.2703125 0.0202286719437 0.065625
4 0.0193491644679 0.65625 0.0386983289358 0.046875
