2 0.6459982409850484 0.50546875 0.029023746701846966 0.0578125
0 0.6688654353562006 0.44296875 0.018469656992084433 0.0328125
3 0.7392260334212841 0.41250000000000003 0.0237467018469657 0.034375
0 0.7810026385224275 0.3515625 0.0158311345646438 0.025
3 0.7546174142480211 0.33828125000000003 0.01934916446789798 0.026562500000000003
0 0.7361477572559367 0.35468750000000004 0.014072119613016711 0.03125
0 0.7203166226912929 0.37578125 0.0158311345646438 0.026562500000000003
3 0.8201407211961302 0.30078125 0.016710642040457344 0.0234375
0 0.8386103781882146 0.22187500000000002 0.011433597185576077 0.018750000000000003
0 0.8245382585751979 0.23828125 0.013192612137203167 0.0234375
0 0.809146877748461 0.2578125 0.012313104661389622 0.021875000000000002
0 0.7990325417766051 0.27109375 0.00967458223394899 0.0203125
3 0.7845206684256817 0.28750000000000003 0.0158311345646438 0.021875000000000002
0 0.8773087071240105 0.171875 0.013192612137203167 0.018750000000000003
0 0.8984168865435357 0.14765625000000002 0.011433597185576077 0.0203125
0 0.88830255057168 0.15859375 0.010554089709762533 0.0171875
0 0.9450307827616535 0.10859375 0.013192612137203167 0.0203125
0 0.9388742304309587 0.0890625 0.011433597185576077 0.015625
0 0.46174142480211083 0.08671875000000001 0.010554089709762533 0.0171875
0 0.28100263852242746 0.21250000000000002 0.013192612137203167 0.018750000000000003
0 0.31046613896218117 0.35078125000000004 0.0158311345646438 0.0328125
0 0.2884784520668426 0.34687500000000004 0.014072119613016711 0.028125
0 0.2757255936675462 0.38359375 0.016710642040457344 0.029687500000000002
0 0.45074758135444154 0.5625 0.02198768689533861 0.034375
0 0.4815303430079156 0.59765625 0.0237467018469657 0.035937500000000004
0 0.5017590149516271 0.59140625 0.0237467018469657 0.035937500000000004
0 0.484608619173263 0.8148437500000001 0.026385224274406333 0.0421875
0 0.509674582233949 0.8234375 0.02550571679859279 0.046875
4 0.4124890061565524 0.9109375000000001 0.08091468777484609 0.13125
0 0.6943711521547934 0.7507812500000001 0.02550571679859279 0.035937500000000004
0 0.6789797713280563 0.7640625000000001 0.029903254177660512 0.040625
0 0.7229551451187335 0.8109375000000001 0.03518029903254178 0.040625
2 0.9912049252418647 0.029687500000000002 0.010554089709762533 0.018750000000000003
2 0.9569041336851364 0.06953125 0.012313104661389622 0.0171875
0 0.613896218117854 0.015625 0.010554089709762533 0.0125
0 0.6288478452066842 0.009375000000000001 0.008795074758135445 0.0125
0 0.6204925241864556 0.0125 0.011433597185576077 0.0125
