2 0.814863676341 0.05625 0.0466138962181 0.0875
0 0.849604221636 0.0640625 0.0351802990325 0.05
3 0.802110817942 0.13984375 0.0439753737907 0.0734375
0 0.934476693052 0.10234375 0.0360598065084 0.0546875
0 0.755936675462 0.2890625 0.0395778364116 0.053125
0 0.547053649956 0.59921875 0.0351802990325 0.0609375
0 0.582233948989 0.61796875 0.0369393139842 0.0609375
4 0.483729111697 0.70625 0.0967458223395 0.146875
0 0.505716798593 0.74140625 0.0351802990325 0.0609375
0 0.454265611258 0.8265625 0.0325417766051 0.059375
0 0.415127528584 0.88515625 0.0316622691293 0.0546875
0 0.363676341249 0.89765625 0.0343007915567 0.0609375
0 0.311345646438 0.9578125 0.0386983289358 0.059375
0 0.874230430959 0.540625 0.0351802990325 0.065625
0 0.885224274406 0.78671875 0.0343007915567 0.0609375
0 0.948548812665 0.675 0.0430958663149 0.05625
