0 0.674582233949 0.36640625 0.0386983289358 0.0359375
0 0.671503957784 0.45625 0.0307827616535 0.05625
0 0.861037818821 0.5671875 0.0334212840809 0.05625
0 0.935795954266 0.68359375 0.0351802990325 0.0640625
3 0.867194371152 0.0671875 0.0369393139842 0.0625
0 0.824098504837 0.06640625 0.0316622691293 0.0578125
2 0.787159190853 0.13125 0.0439753737907 0.084375
0 0.818821459982 0.1390625 0.028144239226 0.053125
3 0.778803869833 0.1984375 0.0413368513632 0.065625
0 0.899736147757 0.17421875 0.0334212840809 0.0515625
0 0.823658751099 0.0125 0.0219876868953 0.025
0 0.544415127529 0.62890625 0.0351802990325 0.0578125
0 0.574758135444 0.640625 0.0343007915567 0.059375
0 0.499120492524 0.765625 0.0343007915567 0.0625
0 0.448988566403 0.8515625 0.0343007915567 0.0625
4 0.476693051891 0.7265625 0.0914687774846 0.15
0 0.408531222515 0.915625 0.0343007915567 0.059375
0 0.353562005277 0.9265625 0.0404573438874 0.0625
0 0.304749340369 0.9796875 0.0360598065084 0.0375
