0 0.53781882146 0.55390625 0.0307827616535 0.0640625
0 0.462620932278 0.82421875 0.0351802990325 0.0640625
0 0.492524186456 0.83984375 0.0351802990325 0.0640625
0 0.415567282322 0.96484375 0.0360598065084 0.0609375
4 0.393139841689 0.9265625 0.0967458223395 0.14375
0 0.787598944591 0.765625 0.0343007915567 0.059375
0 0.723834652595 0.90546875 0.028144239226 0.0578125
3 0.821899736148 0.19765625 0.0413368513632 0.0671875
0 0.854881266491 0.2359375 0.0334212840809 0.059375
0 0.854001759015 0.325 0.0369393139842 0.05625
0 0.764291996482 0.28515625 0.0334212840809 0.0546875
2 0.730430958663 0.27890625 0.0466138962181 0.0890625
3 0.719876868953 0.35703125 0.0466138962181 0.0765625
0 0.774846086192 0.19765625 0.0369393139842 0.0609375
0 0.823218997361 0.0609375 0.0351802990325 0.059375
0 0.784960422164 0.1125 0.0325417766051 0.05625
0 0.902814423923 0.93125 0.0448548812665 0.0375
0 0.263852242744 0.01484375 0.0211081794195 0.0296875
