0 0.9102902374670185 0.5125000000000001 0.03342128408091469 0.059375000000000004
0 0.9432717678100264 0.0859375 0.03781882145998241 0.034375
0 0.9371152154793316 0.13515625 0.03781882145998241 0.0328125
0 0.8676341248900616 0.4109375 0.029023746701846966 0.040625
0 0.9780123131046614 0.26015625000000003 0.04221635883905013 0.035937500000000004
0 0.9859278803869833 0.178125 0.026385224274406333 0.034375
0 0.6407211961301671 0.22109375 0.020228671943711522 0.060937500000000006
0 0.6459982409850484 0.035937500000000004 0.020228671943711522 0.053125000000000006
0 0.5219876868953386 0.08359375000000001 0.02198768689533861 0.06406250000000001
0 0.12005277044854881 0.71875 0.03781882145998241 0.043750000000000004
0 0.2299912049252419 0.68515625 0.03605980650835532 0.0421875
0 0.2796833773087071 0.7289062500000001 0.036939313984168866 0.0484375
0 0.2519788918205805 0.7625000000000001 0.0395778364116095 0.046875
0 0.4529463500439754 0.6820312500000001 0.022867194371152155 0.06406250000000001
0 0.6020228671943711 0.91171875 0.044854881266490766 0.051562500000000004
0 0.6398416886543536 0.86328125 0.04309586631486368 0.0484375
0 0.6996481970096746 0.9796875 0.0395778364116095 0.037500000000000006
2 0.6530343007915568 0.9476562500000001 0.03605980650835532 0.045312500000000006
2 0.4859278803869833 0.5390625 0.02726473175021988 0.07500000000000001
0 0.46130167106420406 0.5359375000000001 0.029023746701846966 0.07187500000000001
3 0.8535620052770448 0.37812500000000004 0.02726473175021988 0.040625
0 0.8509234828496043 0.34218750000000003 0.0237467018469657 0.03125
0 0.8372911169744943 0.23359375000000002 0.021108179419525065 0.029687500000000002
3 0.8394898856640282 0.17421875 0.0237467018469657 0.026562500000000003
0 0.8496042216358839 0.0546875 0.0316622691292876 0.034375
0 0.8469656992084433 0.08671875000000001 0.026385224274406333 0.0328125
0 0.8430079155672824 0.11484375000000001 0.0237467018469657 0.026562500000000003
0 0.4467897977132806 0.46015625000000004 0.022867194371152155 0.060937500000000006
