0 0.258135444151 0.81875 0.0395778364116 0.05
0 0.308267370273 0.7875 0.0395778364116 0.046875
0 0.304309586631 0.8921875 0.0439753737907 0.059375
0 0.363236587511 0.8515625 0.0351802990325 0.046875
0 0.39709762533 0.7109375 0.0360598065084 0.046875
0 0.441512752858 0.68125 0.0334212840809 0.05
0 0.642480211082 0.5234375 0.0272647317502 0.04375
0 0.676781002639 0.49375 0.03781882146 0.046875
0 0.733948988566 0.45625 0.03781882146 0.05
0 0.777044854881 0.425 0.0307827616535 0.046875
0 0.796833773087 0.675 0.0386983289358 0.053125
0 0.844766930519 0.65 0.0343007915567 0.05
0 0.880826737027 0.6140625 0.0325417766051 0.05
0 0.927000879507 0.7328125 0.0193491644679 0.0625
0 0.947229551451 0.73828125 0.0193491644679 0.0671875
0 0.965699208443 0.75234375 0.0228671943712 0.0671875
0 0.923482849604 0.30859375 0.0351802990325 0.0453125
0 0.960861917326 0.275 0.0360598065084 0.0375
2 0.202286719437 0.97734375 0.0439753737907 0.0421875
3 0.492084432718 0.6546875 0.0448548812665 0.05625
3 0.597625329815 0.55390625 0.0343007915567 0.0484375
