3 0.487247141601 0.73515625 0.0439753737907 0.0609375
3 0.584872471416 0.6046875 0.0316622691293 0.05
0 0.95998240985 0.2125 0.0343007915567 0.046875
0 0.923482849604 0.24609375 0.0334212840809 0.0484375
0 0.889621811785 0.2859375 0.03781882146 0.04375
0 0.754617414248 0.434375 0.028144239226 0.046875
0 0.714160070361 0.4765625 0.0369393139842 0.053125
0 0.65963060686 0.528125 0.0351802990325 0.05625
0 0.626209322779 0.565625 0.0316622691293 0.05
0 0.43491644679 0.771875 0.0360598065084 0.05625
0 0.395338610378 0.81484375 0.0360598065084 0.0484375
0 0.309586631486 0.915625 0.0439753737907 0.05625
0 0.261653474055 0.959375 0.0395778364116 0.05625
0 0.379507475814 0.95703125 0.0360598065084 0.0515625
0 0.790677220756 0.68203125 0.0386983289358 0.0546875
0 0.835532102023 0.65 0.0316622691293 0.05
0 0.86983289358 0.60703125 0.0299032541777 0.0546875
0 0.923482849604 0.71171875 0.0158311345646 0.0578125
0 0.940633245383 0.7171875 0.0184696569921 0.065625
0 0.96218117854 0.7203125 0.0193491644679 0.065625
0 0.983729111697 0.46328125 0.0307827616535 0.0515625
