0 0.636323658751 0.9140625 0.0219876868953 0.071875
0 0.538698328936 0.76015625 0.0149516270888 0.0453125
0 0.654353562005 0.3640625 0.0369393139842 0.034375
0 0.500439753738 0.271875 0.0158311345646 0.05
0 0.517590149516 0.21484375 0.0149516270888 0.0453125
0 0.504837291117 0.08671875 0.014072119613 0.0453125
0 0.103781882146 0.55625 0.0404573438874 0.028125
0 0.0290237467018 0.42265625 0.0351802990325 0.0296875
0 0.0765171503958 0.41484375 0.0386983289358 0.0265625
0 0.146877748461 0.40078125 0.0351802990325 0.0328125
0 0.156112576957 0.5140625 0.03781882146 0.028125
0 0.160070360598 0.54765625 0.0351802990325 0.0265625
0 0.247141600704 0.4390625 0.0334212840809 0.028125
0 0.270008795075 0.49921875 0.0334212840809 0.0265625
0 0.315303430079 0.4890625 0.0360598065084 0.025
0 0.318821459982 0.5203125 0.0360598065084 0.034375
0 0.36763412489 0.515625 0.0369393139842 0.03125
0 0.37598944591 0.4765625 0.0360598065084 0.028125
0 0.419085312225 0.49140625 0.0360598065084 0.0265625
0 0.0259454705365 0.0671875 0.0131926121372 0.05
0 0.00703605980651 0.64140625 0.014072119613 0.0265625
4 0.0263852242744 0.578125 0.0527704485488 0.05625
0 0.988566402814 0.26015625 0.0211081794195 0.0265625
0 0.64291996482 0.98203125 0.0175901495163 0.0328125
0 0.228671943712 0.01875 0.0316622691293 0.034375
