3 0.529903254178 0.5875 0.0430958663149 0.034375
3 0.649516270888 0.5625 0.0325417766051 0.028125
2 0.184696569921 0.69921875 0.0386983289358 0.0296875
2 0.0321020228672 0.659375 0.0395778364116 0.03125
0 0.0171503957784 0.7609375 0.0343007915567 0.03125
0 0.0145118733509 0.71015625 0.0290237467018 0.0296875
0 0.296394019349 0.6828125 0.0404573438874 0.03125
0 0.286719437115 0.58671875 0.0369393139842 0.0328125
0 0.336851363237 0.58828125 0.0386983289358 0.0296875
0 0.361917326297 0.684375 0.0360598065084 0.034375
0 0.432277924362 0.57890625 0.03781882146 0.0296875
0 0.478012313105 0.57890625 0.0343007915567 0.0328125
0 0.69744942832 0.56171875 0.0334212840809 0.0296875
0 0.736587510994 0.5609375 0.03781882146 0.034375
0 0.799912049252 0.5609375 0.0395778364116 0.028125
0 0.846965699208 0.55859375 0.0351802990325 0.0296875
0 0.815303430079 0.80859375 0.0386983289358 0.0328125
0 0.866754617414 0.82109375 0.0343007915567 0.0328125
0 0.908970976253 0.8171875 0.0325417766051 0.0375
0 0.930958663149 0.9515625 0.0307827616535 0.065625
0 0.949428320141 0.97109375 0.0290237467018 0.0546875
