0 0.790237467018 0.59453125 0.03781882146 0.0359375
0 0.675021987687 0.01796875 0.0149516270888 0.0359375
0 0.688654353562 0.1234375 0.014072119613 0.040625
0 0.68073878628 0.2421875 0.0158311345646 0.04375
0 0.656112576957 0.52421875 0.0228671943712 0.0578125
0 0.53562005277 0.609375 0.0351802990325 0.04375
0 0.48328935796 0.60859375 0.0360598065084 0.0328125
0 0.497361477573 0.57734375 0.0360598065084 0.0328125
0 0.438874230431 0.5625 0.0351802990325 0.0375
0 0.437554969217 0.59140625 0.0360598065084 0.0359375
0 0.39709762533 0.546875 0.0325417766051 0.034375
0 0.134564643799 0.56328125 0.0404573438874 0.0359375
0 0.240105540897 0.53046875 0.0369393139842 0.0359375
0 0.292875989446 0.5484375 0.0351802990325 0.028125
0 0.292436235708 0.51796875 0.0360598065084 0.0328125
0 0.293315743184 0.46015625 0.0325417766051 0.0296875
0 0.301231310466 0.4109375 0.0325417766051 0.03125
0 0.240545294635 0.3921875 0.0343007915567 0.03125
0 0.198768689534 0.38125 0.0316622691293 0.034375
0 0.178979771328 0.48359375 0.0343007915567 0.0328125
0 0.0721196130167 0.48828125 0.0369393139842 0.0296875
0 0.0246262093228 0.37890625 0.0351802990325 0.0328125
0 0.014072119613 0.33203125 0.028144239226 0.0265625
0 0.0448548812665 0.33671875 0.0299032541777 0.0296875
0 0.0857519788918 0.35234375 0.0343007915567 0.0296875
0 0.223834652595 0.0703125 0.0167106420405 0.04375
0 0.250219876869 0.07578125 0.0167106420405 0.0421875
4 0.149956024626 0.509375 0.094107299912 0.071875
0 0.439313984169 0.07578125 0.0219876868953 0.0328125
0 0.429199648197 0.09765625 0.0228671943712 0.0328125
