0 0.518469656992 0.6140625 0.0290237467018 0.05
0 0.585751978892 0.36015625 0.0334212840809 0.0578125
0 0.620492524186 0.30859375 0.0360598065084 0.0578125
0 0.656112576957 0.36796875 0.0351802990325 0.0640625
0 0.686015831135 0.1953125 0.0316622691293 0.05625
0 0.718997361478 0.14609375 0.0360598065084 0.0640625
0 0.559806508355 0.540625 0.0343007915567 0.0625
0 0.209322779244 0.5609375 0.0386983289358 0.065625
2 0.346525945471 0.74609375 0.0439753737907 0.0640625
2 0.602022867194 0.46953125 0.0360598065084 0.0609375
3 0.758575197889 0.09921875 0.0343007915567 0.0609375
0 0.881706244503 0.01640625 0.0290237467018 0.0328125
