0 0.3007915567282322 0.1609375 0.01759014951627089 0.037500000000000006
0 0.32629727352682497 0.1703125 0.01759014951627089 0.037500000000000006
0 0.34256816182937555 0.040625 0.014951627088830256 0.034375
0 0.3540017590149516 0.045312500000000006 0.014951627088830256 0.034375
0 0.5457343887423043 0.09921875000000001 0.0237467018469657 0.0203125
0 0.4832893579595427 0.053125000000000006 0.014951627088830256 0.03125
0 0.5567282321899737 0.0703125 0.026385224274406333 0.021875000000000002
0 0.18865435356200527 0.6296875000000001 0.03605980650835532 0.037500000000000006
0 0.24758135444151277 0.5632812500000001 0.032541776605101144 0.0328125
0 0.29155672823219 0.6125 0.03605980650835532 0.040625
0 0.33948988566402816 0.6375000000000001 0.03342128408091469 0.034375
0 0.34256816182937555 0.6046875 0.03430079155672824 0.037500000000000006
0 0.2990325417766051 0.52890625 0.03342128408091469 0.0328125
0 0.35576077396657874 0.49921875000000004 0.03430079155672824 0.0390625
0 0.2990325417766051 0.4765625 0.03342128408091469 0.028125
0 0.26033421284080915 0.45859375 0.03342128408091469 0.0328125
0 0.44063324538258575 0.6515625 0.03342128408091469 0.037500000000000006
0 0.480650835532102 0.6726562500000001 0.03430079155672824 0.035937500000000004
0 0.5395778364116095 0.6960937500000001 0.03605980650835532 0.035937500000000004
0 0.47933157431838175 0.7015625000000001 0.036939313984168866 0.043750000000000004
0 0.523306948109059 0.72578125 0.036939313984168866 0.035937500000000004
0 0.5773966578715919 0.7367187500000001 0.03430079155672824 0.0421875
0 0.716358839050132 0.7140625 0.02726473175021988 0.05625
0 0.841688654353562 0.7671875 0.040457343887423045 0.040625
0 0.7475813544415127 0.31953125000000004 0.0158311345646438 0.0328125
0 0.7638522427440634 0.21406250000000002 0.014951627088830256 0.034375
0 0.7313104661389622 0.22187500000000002 0.016710642040457344 0.040625
0 0.1345646437994723 0.54609375 0.03518029903254178 0.029687500000000002
0 0.15523306948109059 0.415625 0.030782761653474055 0.028125
0 0.11961301671064205 0.39921875 0.03342128408091469 0.029687500000000002
0 0.08795074758135445 0.38359375 0.029903254177660512 0.029687500000000002
0 0.05672823218997362 0.37031250000000004 0.029023746701846966 0.025
0 0.0474934036939314 0.41015625 0.03342128408091469 0.0328125
0 0.010554089709762533 0.3484375 0.021108179419525065 0.034375
4 0.2058047493403694 0.57578125 0.08970976253298153 0.07968750000000001
0 0.5681618293755497 0.00859375 0.021108179419525065 0.0171875
0 0.5061565523306948 0.19843750000000002 0.02198768689533861 0.03125
0 0.49340369393139843 0.21328125 0.01759014951627089 0.029687500000000002
