0 0.04397537379067722 0.759375 0.036939313984168866 0.06875
0 0.08531222515391382 0.69140625 0.036939313984168866 0.06406250000000001
0 0.10158311345646438 0.7125 0.0395778364116095 0.06875
0 0.14511873350923485 0.64609375 0.03342128408091469 0.0671875
0 0.1345646437994723 0.60078125 0.03518029903254178 0.06406250000000001
0 0.18117854001759015 0.5609375 0.036939313984168866 0.053125000000000006
0 0.6517150395778365 0.8367187500000001 0.03342128408091469 0.0578125
0 0.6143359718557608 0.77890625 0.03430079155672824 0.0578125
0 0.5527704485488127 0.6953125 0.03430079155672824 0.059375000000000004
0 0.5052770448548813 0.6171875 0.03430079155672824 0.05625
3 0.6895338610378189 0.91328125 0.04397537379067722 0.06406250000000001
0 0.3298153034300792 0.1765625 0.0316622691292876 0.05625
0 0.45822339489885666 0.051562500000000004 0.028144239226033423 0.046875
