0 0.6367634124890061 0.87890625 0.03518029903254178 0.07968750000000001
0 0.4648197009674582 0.96875 0.032541776605101144 0.059375000000000004
0 0.45514511873350927 0.65390625 0.032541776605101144 0.0765625
0 0.45558487247141605 0.56875 0.0316622691292876 0.06875
0 0.4252418645558487 0.571875 0.030782761653474055 0.06875
0 0.4591029023746702 0.48281250000000003 0.03342128408091469 0.07187500000000001
0 0.41380826737027265 0.478125 0.032541776605101144 0.06875
0 0.3883025505716799 0.47734375 0.032541776605101144 0.0703125
0 0.06376429199648197 0.553125 0.04661389621811786 0.05625
0 0.17941952506596306 0.45859375 0.03869832893579596 0.045312500000000006
0 0.193051890941073 0.3875 0.04309586631486368 0.0625
0 0.44766930518909415 0.06171875 0.036939313984168866 0.0546875
3 0.9736147757255937 0.39453125 0.021108179419525065 0.0734375
3 0.4832893579595427 0.64765625 0.030782761653474055 0.0703125
3 0.9828496042216359 0.6796875 0.032541776605101144 0.03125
