3 0.4621811785400176 0.66171875 0.03781882145998241 0.060937500000000006
3 0.5461741424802111 0.51953125 0.0316622691292876 0.045312500000000006
0 0.3781882145998241 0.753125 0.03518029903254178 0.059375000000000004
0 0.415127528583993 0.7054687500000001 0.03342128408091469 0.0546875
0 0.5835532102022868 0.47500000000000003 0.02726473175021988 0.043750000000000004
0 0.612137203166227 0.4390625 0.03342128408091469 0.05
0 0.6587510993843448 0.38125000000000003 0.03869832893579596 0.059375000000000004
0 0.6939313984168866 0.33359375 0.028144239226033423 0.045312500000000006
0 0.8065083553210203 0.18046875 0.0316622691292876 0.045312500000000006
0 0.8342128408091469 0.14140625 0.02550571679859279 0.0484375
0 0.8641160949868074 0.10390625 0.029023746701846966 0.0421875
0 0.9050131926121372 0.04453125 0.028144239226033423 0.045312500000000006
0 0.965259454705365 0.028125 0.030782761653474055 0.046875
0 0.7458223394898857 0.5515625000000001 0.0316622691292876 0.053125000000000006
0 0.7862796833773087 0.51015625 0.028144239226033423 0.0484375
0 0.8126649076517151 0.47109375000000003 0.024626209322779244 0.051562500000000004
0 0.870712401055409 0.54296875 0.01759014951627089 0.045312500000000006
0 0.88830255057168 0.5421875 0.0158311345646438 0.043750000000000004
0 0.9072119613016711 0.54140625 0.014951627088830256 0.045312500000000006
0 0.25285839929639403 0.91953125 0.0395778364116095 0.06406250000000001
0 0.9072119613016711 0.31875000000000003 0.030782761653474055 0.05
