3 0.471855760774 0.55390625 0.0360598065084 0.0546875
0 0.959102902375 0.846875 0.0343007915567 0.071875
0 0.985488126649 0.94765625 0.0272647317502 0.0734375
0 0.987247141601 0.79921875 0.023746701847 0.0671875
0 0.86983289358 0.28125 0.0369393139842 0.059375
0 0.912928759894 0.2265625 0.0369393139842 0.05625
0 0.947229551451 0.17890625 0.0351802990325 0.0546875
0 0.98328935796 0.1296875 0.0316622691293 0.05625
0 0.752858399296 0.4359375 0.0369393139842 0.059375
0 0.711521547933 0.49453125 0.0369393139842 0.0578125
0 0.647757255937 0.57421875 0.0395778364116 0.0578125
0 0.590589270009 0.278125 0.0413368513632 0.065625
0 0.679419525066 0.19765625 0.0395778364116 0.0578125
0 0.714160070361 0.14921875 0.0369393139842 0.0578125
0 0.374670184697 0.728125 0.0404573438874 0.059375
0 0.374230430959 0.68515625 0.03781882146 0.0546875
0 0.430518909411 0.6578125 0.0360598065084 0.059375
0 0.474934036939 0.60234375 0.0404573438874 0.0578125
0 0.42656112577 0.6046875 0.0369393139842 0.05625
0 0.151715039578 0.61796875 0.0325417766051 0.0671875
0 0.376429199648 0.5984375 0.0369393139842 0.059375
0 0.924802110818 0.66171875 0.0272647317502 0.0546875
0 0.901055408971 0.68515625 0.0272647317502 0.0578125
0 0.885224274406 0.71328125 0.023746701847 0.0453125
0 0.818381706245 0.83125 0.023746701847 0.04375
3 0.766051011434 0.9828125 0.0386983289358 0.03125
0 0.00967458223395 0.51875 0.0193491644679 0.075
