0 0.23175021987686897 0.95703125 0.04309586631486368 0.051562500000000004
0 0.29507475813544415 0.92890625 0.0395778364116095 0.045312500000000006
0 0.2598944591029024 0.890625 0.04309586631486368 0.046875
0 0.3781882145998241 0.7734375 0.03869832893579596 0.043750000000000004
0 0.5175901495162709 0.70078125 0.03605980650835532 0.0421875
0 0.5606860158311346 0.6828125 0.03781882145998241 0.040625
0 0.762532981530343 0.5828125000000001 0.0316622691292876 0.037500000000000006
0 0.7981530343007915 0.5640625 0.03781882145998241 0.037500000000000006
0 0.8540017590149517 0.54140625 0.040457343887423045 0.045312500000000006
0 0.8975373790677221 0.5203125000000001 0.030782761653474055 0.034375
0 0.909410729991205 0.76328125 0.036939313984168866 0.045312500000000006
0 0.9569041336851364 0.7546875000000001 0.03518029903254178 0.040625
3 0.6112576956904134 0.6726562500000001 0.04573438874230431 0.045312500000000006
3 0.7203166226912929 0.5984375000000001 0.0316622691292876 0.037500000000000006
0 0.0237467018469657 0.29765625 0.01934916446789798 0.060937500000000006
