0 0.437115215479 0.79765625 0.0193491644679 0.0546875
0 0.452946350044 0.740625 0.0246262093228 0.065625
0 0.473614775726 0.646875 0.023746701847 0.065625
0 0.490325417766 0.58125 0.0184696569921 0.05
0 0.536059806508 0.3703125 0.0184696569921 0.05
0 0.54617414248 0.32265625 0.0158311345646 0.0484375
0 0.558487247142 0.27421875 0.0175901495163 0.0453125
0 0.572559366755 0.20078125 0.0158311345646 0.0484375
0 0.580474934037 0.1609375 0.0158311345646 0.040625
0 0.598944591029 0.06953125 0.0158311345646 0.0359375
0 0.645998240985 0.396875 0.0167106420405 0.05
0 0.619173262973 0.58359375 0.014072119613 0.0484375
0 0.610378188215 0.64296875 0.0175901495163 0.0515625
0 0.59234828496 0.715625 0.023746701847 0.059375
0 0.685576077397 0.60234375 0.0202286719437 0.0390625
0 0.69964819701 0.584375 0.0202286719437 0.04375
0 0.713280562885 0.5703125 0.0193491644679 0.0375
3 0.418645558487 0.8765625 0.0228671943712 0.065625
3 0.590149516271 0.1015625 0.0158311345646 0.0375
0 0.644678979771 0.0125 0.0175901495163 0.025
