0 0.4529463500439754 0.97421875 0.026385224274406333 0.0484375
0 0.5430958663148637 0.7601562500000001 0.03781882145998241 0.0421875
0 0.5479331574318382 0.70703125 0.036939313984168866 0.0421875
0 0.5980650835532102 0.728125 0.03869832893579596 0.046875
0 0.6517150395778365 0.603125 0.03342128408091469 0.040625
0 0.6873350923482849 0.6625000000000001 0.032541776605101144 0.037500000000000006
0 0.7673702726473175 0.62421875 0.03430079155672824 0.0421875
0 0.7651715039577837 0.534375 0.029903254177660512 0.040625
0 0.7981530343007915 0.5140625 0.030782761653474055 0.040625
0 0.9569041336851364 0.41718750000000004 0.026385224274406333 0.03125
0 0.9837291116974495 0.4 0.030782761653474055 0.034375
2 0.7242744063324539 0.603125 0.04133685136323659 0.053125000000000006
3 0.8412489006156553 0.5007812500000001 0.03605980650835532 0.0390625
3 0.9230430958663149 0.43281250000000004 0.02726473175021988 0.03125
3 0.3452066842568162 0.38984375000000004 0.014951627088830256 0.0390625
0 0.33465259454705365 0.43046875 0.018469656992084433 0.0484375
0 0.23350923482849606 0.21250000000000002 0.013192612137203167 0.046875
0 0.26209322779243627 0.15625 0.014072119613016711 0.040625
0 0.28408091468777485 0.18125000000000002 0.014072119613016711 0.040625
0 0.3403693931398417 0.1421875 0.014072119613016711 0.037500000000000006
