0 0.24626209322779244 0.12812500000000002 0.01759014951627089 0.0625
0 0.3540017590149516 0.5140625 0.020228671943711522 0.053125000000000006
0 0.4173262972735268 0.77109375 0.02198768689533861 0.0734375
0 0.44591029023746703 0.78125 0.024626209322779244 0.07187500000000001
0 0.613896218117854 0.96640625 0.040457343887423045 0.0484375
0 0.6213720316622692 0.9046875000000001 0.04133685136323659 0.046875
0 0.6723834652594547 0.93671875 0.0395778364116095 0.045312500000000006
0 0.741424802110818 0.78125 0.040457343887423045 0.046875
0 0.8742304309586632 0.7125 0.036939313984168866 0.037500000000000006
0 0.9160070360598066 0.6921875000000001 0.03781882145998241 0.040625
3 0.9661389621811786 0.6828125 0.04309586631486368 0.05
0 0.48197009674582236 0.9710937500000001 0.022867194371152155 0.0546875
