0 0.20140721196130168 0.1265625 0.024626209322779244 0.05
0 0.2770448548812665 0.25703125 0.024626209322779244 0.045312500000000006
0 0.6644678979771328 0.9085937500000001 0.032541776605101144 0.0671875
0 0.7225153913808268 0.8734375000000001 0.032541776605101144 0.0625
0 0.7810026385224275 0.59609375 0.028144239226033423 0.0578125
0 0.8579595426561126 0.4453125 0.02726473175021988 0.053125000000000006
0 0.882145998240985 0.40156250000000004 0.026385224274406333 0.053125000000000006
0 0.9793315743183818 0.20390625 0.02198768689533861 0.0421875
3 0.9129287598944591 0.36250000000000004 0.028144239226033423 0.05625
3 0.9582233948988567 0.24296875 0.02198768689533861 0.0390625
0 0.1741424802110818 0.4234375 0.029903254177660512 0.0625
0 0.1693051890941073 0.01171875 0.020228671943711522 0.0234375
