0 0.585312225154 0.95546875 0.0343007915567 0.0859375
0 0.633245382586 0.96328125 0.0316622691293 0.0703125
0 0.372471416007 0.44609375 0.0272647317502 0.0671875
0 0.413368513632 0.484375 0.028144239226 0.065625
0 0.381706244503 0.37265625 0.0246262093228 0.0609375
0 0.292875989446 0.27734375 0.0263852242744 0.0609375
0 0.239226033421 0.08984375 0.0246262093228 0.0578125
0 0.223394898857 0.03515625 0.0246262093228 0.0546875
0 0.872471416007 0.44296875 0.0334212840809 0.0453125
0 0.818821459982 0.18515625 0.0369393139842 0.0453125
0 0.89489885664 0.13984375 0.0343007915567 0.0421875
