0 0.149956024626 0.95078125 0.0448548812665 0.0515625
0 0.213720316623 0.92265625 0.0422163588391 0.0453125
0 0.207124010554 0.86953125 0.0430958663149 0.0421875
0 0.300791556728 0.76796875 0.0404573438874 0.0453125
0 0.442832014072 0.6953125 0.0360598065084 0.0375
0 0.486807387863 0.67734375 0.0360598065084 0.0421875
0 0.690413368514 0.57421875 0.0316622691293 0.0390625
0 0.726473175022 0.55546875 0.0386983289358 0.0390625
0 0.783201407212 0.53359375 0.0395778364116 0.0421875
0 0.827616534741 0.5109375 0.0299032541777 0.034375
0 0.835532102023 0.75625 0.0404573438874 0.04375
0 0.883905013193 0.74375 0.0351802990325 0.040625
0 0.921723834653 0.72265625 0.0316622691293 0.0453125
0 0.963500439754 0.83828125 0.0149516270888 0.0484375
0 0.982849604222 0.84765625 0.0184696569921 0.0515625
0 0.974054529464 0.4375 0.0343007915567 0.034375
3 0.537379067722 0.6640625 0.0422163588391 0.040625
3 0.646877748461 0.59140625 0.0307827616535 0.0390625
