0 0.4753737906772208 0.4 0.013192612137203167 0.034375
0 0.43007915567282323 0.37812500000000004 0.010554089709762533 0.037500000000000006
0 0.4072119613016711 0.325 0.012313104661389622 0.037500000000000006
0 0.4102902374670185 0.10234375000000001 0.00967458223394899 0.026562500000000003
0 0.3733509234828496 0.1875 0.0079155672823219 0.03125
0 0.3799472295514512 0.7507812500000001 0.0158311345646438 0.0578125
0 0.7849604221635884 0.28750000000000003 0.013192612137203167 0.03125
0 0.8737906772207564 0.25546875 0.014951627088830256 0.029687500000000002
0 0.919085312225154 0.2390625 0.01759014951627089 0.03125
0 0.9700967458223395 0.22265625 0.01934916446789798 0.029687500000000002
