0 0.940193491644679 0.8289062500000001 0.040457343887423045 0.0703125
0 0.9621811785400176 0.8617187500000001 0.036939313984168866 0.060937500000000006
0 0.909410729991205 0.7093750000000001 0.036939313984168866 0.05
0 0.6785400175901496 0.41250000000000003 0.029023746701846966 0.07187500000000001
0 0.7132805628847846 0.28828125 0.028144239226033423 0.0765625
0 0.7339489885664029 0.20468750000000002 0.030782761653474055 0.07500000000000001
0 0.6046613896218118 0.057031250000000006 0.029023746701846966 0.0703125
0 0.5492524186455585 0.2015625 0.029023746701846966 0.07500000000000001
0 0.534740545294635 0.58984375 0.029903254177660512 0.0765625
0 0.5109938434476693 0.6765625000000001 0.028144239226033423 0.07187500000000001
0 0.494283201407212 0.63203125 0.026385224274406333 0.0703125
0 0.4489885664028144 0.66796875 0.030782761653474055 0.0734375
0 0.47097625329815307 0.74609375 0.030782761653474055 0.0734375
0 0.48240985048372914 0.784375 0.029023746701846966 0.07500000000000001
0 0.35708003518029907 0.9640625 0.040457343887423045 0.053125000000000006
0 0.10026385224274406 0.921875 0.03869832893579596 0.05
3 0.5189094107299912 0.54921875 0.028144239226033423 0.06406250000000001
0 0.94415127528584 0.24296875 0.03605980650835532 0.045312500000000006
0 0.9322779243623571 0.2890625 0.036939313984168866 0.043750000000000004
0 0.9261213720316623 0.32890625 0.028144239226033423 0.0328125
0 0.8979771328056289 0.4859375 0.0316622691292876 0.028125
0 0.9204045734388743 0.74765625 0.032541776605101144 0.045312500000000006
3 0.9001759014951628 0.6687500000000001 0.03781882145998241 0.05
