0 0.13368513632365875 0.6328125 0.03869832893579596 0.046875
0 0.17282321899736147 0.6703125000000001 0.0395778364116095 0.053125000000000006
0 0.20228671943711524 0.525 0.03869832893579596 0.053125000000000006
0 0.01934916446789798 0.35234375 0.03869832893579596 0.0546875
0 0.022427440633245383 0.29921875000000003 0.03430079155672824 0.0421875
0 0.3038698328935796 0.78828125 0.03781882145998241 0.045312500000000006
0 0.6693051890941073 0.61875 0.028144239226033423 0.07500000000000001
0 0.6811785400175902 0.65546875 0.02726473175021988 0.0734375
0 0.7106420404573439 0.5484375 0.028144239226033423 0.07187500000000001
0 0.6917326297273527 0.50546875 0.029023746701846966 0.0703125
0 0.7330694810905893 0.46171875 0.030782761653474055 0.0734375
0 0.87467018469657 0.2859375 0.030782761653474055 0.06875
3 0.7282321899736148 0.38203125000000004 0.028144239226033423 0.0671875
3 0.08970976253298153 0.578125 0.04573438874230431 0.059375000000000004
0 0.9278803869832895 0.0765625 0.026385224274406333 0.065625
0 0.9063324538258576 0.16171875000000002 0.02726473175021988 0.0671875
0 0.7467018469656992 0.078125 0.026385224274406333 0.07500000000000001
