4 0.6807387862796834 0.7585937500000001 0.07036059806508356 0.1796875
0 0.44722955145118737 0.026562500000000003 0.02550571679859279 0.053125000000000006
0 0.5488126649076518 0.17734375000000002 0.024626209322779244 0.06406250000000001
0 0.5219876868953386 0.2703125 0.0237467018469657 0.059375000000000004
0 0.563764291996482 0.3515625 0.024626209322779244 0.0625
0 0.5690413368513633 0.44843750000000004 0.026385224274406333 0.06875
0 0.5461741424802111 0.51484375 0.026385224274406333 0.0671875
0 0.5989445910290238 0.37343750000000003 0.024626209322779244 0.0625
0 0.8153034300791557 0.7484375000000001 0.04221635883905013 0.05
0 0.8698328935795955 0.7125 0.040457343887423045 0.046875
0 0.8188214599824098 0.690625 0.04221635883905013 0.046875
0 0.9265611257695691 0.55625 0.0395778364116095 0.046875
0 0.380386983289358 0.022656250000000003 0.02198768689533861 0.045312500000000006
