0 0.108179419525 0.50078125 0.0386983289358 0.0484375
0 0.108179419525 0.6734375 0.0386983289358 0.05
0 0.14907651715 0.7125 0.03781882146 0.053125
0 0.282321899736 0.8296875 0.0386983289358 0.04375
0 0.624890061566 0.5796875 0.0290237467018 0.071875
0 0.645998240985 0.65625 0.0307827616535 0.06875
0 0.657871591909 0.69453125 0.0299032541777 0.0703125
0 0.686455584872 0.58515625 0.0272647317502 0.0671875
0 0.667546174142 0.54453125 0.0299032541777 0.0671875
0 0.709322779244 0.5 0.0290237467018 0.071875
0 0.851802990325 0.32265625 0.0307827616535 0.0734375
0 0.884784520668 0.19765625 0.0263852242744 0.0703125
0 0.906772207564 0.11171875 0.0299032541777 0.0703125
3 0.698328935796 0.4421875 0.0299032541777 0.065625
2 0.0664028144239 0.61875 0.0483729111697 0.059375
0 0.722955145119 0.11171875 0.028144239226 0.0703125
