0 0.185136323659 0.18203125 0.03781882146 0.0484375
0 0.324978012313 0.1375 0.0395778364116 0.053125
0 0.47053649956 0.265625 0.0404573438874 0.053125
0 0.55892700088 0.05703125 0.0272647317502 0.0734375
0 0.547933157432 0.02890625 0.0316622691293 0.0578125
0 0.624450307828 0.34609375 0.0334212840809 0.0421875
0 0.633685136324 0.41171875 0.0360598065084 0.0515625
3 0.394019349164 0.51875 0.0158311345646 0.05625
0 0.0536499560246 0.0625 0.0404573438874 0.053125
0 0.0145118733509 0.025 0.0290237467018 0.04375
