0 0.668425681618 0.83671875 0.0228671943712 0.0703125
0 0.623131046614 0.5125 0.0167106420405 0.0625
0 0.652154793316 0.328125 0.0167106420405 0.05
0 0.660070360598 0.2765625 0.0149516270888 0.053125
0 0.690853122252 0.05390625 0.0149516270888 0.0390625
0 0.697889182058 0.01796875 0.0131926121372 0.0359375
0 0.0716798592788 0.61171875 0.03781882146 0.0421875
3 0.675901495163 0.2234375 0.0184696569921 0.053125
3 0.711961301671 0.175 0.0114335971856 0.0375
3 0.683817062445 0.09921875 0.0149516270888 0.0359375
