0 0.0373790677221 0.75078125 0.0430958663149 0.0359375
0 0.136763412489 0.6296875 0.0413368513632 0.03125
0 0.179419525066 0.67734375 0.0457343887423 0.0328125
0 0.197889182058 0.6265625 0.0404573438874 0.0375
0 0.278364116095 0.2375 0.0184696569921 0.06875
0 0.555408970976 0.45546875 0.0395778364116 0.0265625
0 0.534740545295 0.52421875 0.0422163588391 0.0328125
0 0.631926121372 0.515625 0.0360598065084 0.03125
0 0.589270008795 0.58046875 0.0369393139842 0.0328125
0 0.683817062445 0.509375 0.0395778364116 0.03125
0 0.750219876869 0.503125 0.0422163588391 0.03125
0 0.81926121372 0.4984375 0.0395778364116 0.03125
2 0.445030782762 0.5484375 0.0439753737907 0.05625
2 0.584432717678 0.51953125 0.0325417766051 0.0296875
