3 0.561565523307 0.51640625 0.0272647317502 0.0640625
0 0.645558487247 0.03046875 0.0263852242744 0.0609375
0 0.591908531223 0.16953125 0.0299032541777 0.0765625
0 0.721635883905 0.37890625 0.0290237467018 0.0734375
0 0.755496921724 0.253125 0.0246262093228 0.06875
0 0.776605101143 0.16796875 0.0263852242744 0.0703125
0 0.49164467898 0.6375 0.028144239226 0.075
0 0.513632365875 0.71484375 0.028144239226 0.0734375
0 0.524626209323 0.753125 0.0272647317502 0.071875
0 0.553210202287 0.64140625 0.0263852242744 0.0671875
0 0.576956904134 0.55546875 0.028144239226 0.0734375
0 0.536939313984 0.59921875 0.0290237467018 0.0671875
0 0.0171503957784 0.771875 0.0343007915567 0.053125
0 0.144239226033 0.8890625 0.0386983289358 0.05
0 0.982409850484 0.78671875 0.0334212840809 0.0640625
0 0.95382585752 0.6703125 0.0343007915567 0.046875
0 0.944591029024 0.45 0.0299032541777 0.025
0 0.975813544415 0.25 0.03781882146 0.046875
3 0.943711521548 0.63125 0.0351802990325 0.05
0 0.964819700967 0.7078125 0.0316622691293 0.046875
