0 0.42700087950747584 0.58203125 0.020228671943711522 0.0578125
0 0.46613896218117856 0.6609375000000001 0.022867194371152155 0.06875
0 0.5 0.70078125 0.0237467018469657 0.0703125
0 0.5430958663148637 0.91796875 0.0237467018469657 0.0765625
0 0.6899736147757256 0.9085937500000001 0.04309586631486368 0.0484375
0 0.683377308707124 0.9695312500000001 0.04397537379067722 0.0484375
0 0.7409850483729112 0.94140625 0.0395778364116095 0.045312500000000006
0 0.5153913808267371 0.9703125 0.022867194371152155 0.05625
0 0.8078276165347406 0.78828125 0.03781882145998241 0.045312500000000006
0 0.9406332453825857 0.71640625 0.0395778364116095 0.0390625
0 0.9793315743183818 0.6960937500000001 0.03781882145998241 0.0421875
0 0.30474934036939316 0.1328125 0.018469656992084433 0.059375000000000004
