0 0.190413368514 0.97109375 0.0430958663149 0.0484375
0 0.213280562885 0.89765625 0.0430958663149 0.0546875
0 0.269129287599 0.79921875 0.0404573438874 0.0453125
0 0.408091468777 0.703125 0.0369393139842 0.04375
0 0.450307827617 0.67421875 0.0369393139842 0.0390625
0 0.646877748461 0.53515625 0.0307827616535 0.0390625
0 0.682937554969 0.5109375 0.0360598065084 0.04375
0 0.737027264732 0.47734375 0.0386983289358 0.0453125
0 0.778364116095 0.4484375 0.0299032541777 0.034375
0 0.916886543536 0.34765625 0.0343007915567 0.0359375
0 0.952506596306 0.32109375 0.0334212840809 0.0359375
0 0.985048372911 0.29921875 0.028144239226 0.0359375
0 0.927000879507 0.746875 0.0175901495163 0.046875
0 0.9454705365 0.753125 0.0158311345646 0.05
0 0.966138962181 0.765625 0.0184696569921 0.05
0 0.798153034301 0.68828125 0.03781882146 0.0453125
0 0.846525945471 0.66796875 0.0307827616535 0.0421875
0 0.880386983289 0.64296875 0.0299032541777 0.0453125
3 0.500879507476 0.6546875 0.0430958663149 0.05
3 0.60510114336 0.55859375 0.0316622691293 0.0390625
