0 0.28671943711521547 0.95703125 0.04397537379067722 0.051562500000000004
0 0.34916446789797717 0.92890625 0.04221635883905013 0.045312500000000006
0 0.30518909410729994 0.89453125 0.04397537379067722 0.045312500000000006
0 0.43051890941073 0.7718750000000001 0.0395778364116095 0.040625
0 0.5690413368513633 0.70078125 0.03518029903254178 0.0421875
0 0.6116974494283202 0.6828125 0.03605980650835532 0.037500000000000006
0 0.8122251539138083 0.58203125 0.029023746701846966 0.035937500000000004
0 0.8469656992084433 0.565625 0.03518029903254178 0.040625
0 0.9014951627088831 0.54453125 0.040457343887423045 0.0421875
0 0.9445910290237467 0.51875 0.029903254177660512 0.03125
0 0.959542656112577 0.7671875 0.036939313984168866 0.043750000000000004
3 0.662269129287599 0.6726562500000001 0.04397537379067722 0.0484375
3 0.7678100263852243 0.6015625 0.0316622691292876 0.037500000000000006
0 0.07167985927880387 0.2421875 0.018469656992084433 0.053125000000000006
0 0.03825857519788919 0.246875 0.016710642040457344 0.05
