0 0.10422163588390501 0.31093750000000003 0.04309586631486368 0.05
0 0.1442392260334213 0.35000000000000003 0.040457343887423045 0.05
0 0.11037818821459983 0.14375000000000002 0.04133685136323659 0.05625
0 0.2647317502198769 0.2859375 0.040457343887423045 0.05625
0 0.2752858399296394 0.4703125 0.040457343887423045 0.053125000000000006
0 0.33201407211961304 0.27968750000000003 0.03430079155672824 0.046875
0 0.42656112576956906 0.43046875 0.03869832893579596 0.051562500000000004
0 0.6517150395778365 0.34375 0.028144239226033423 0.07187500000000001
0 0.6402814423922604 0.30546875 0.028144239226033423 0.0703125
0 0.6807387862796834 0.23515625 0.028144239226033423 0.0703125
0 0.6627088830255058 0.19296875000000002 0.029023746701846966 0.0703125
0 0.7040457343887423 0.14765625000000002 0.029023746701846966 0.0734375
3 0.06112576956904134 0.25703125 0.04661389621811786 0.060937500000000006
0 0.6204925241864556 0.22812500000000002 0.02726473175021988 0.065625
