0 0.961301671064204 0.06484375 0.040457343887423045 0.06406250000000001
0 0.679419525065963 0.48828125 0.0395778364116095 0.051562500000000004
0 0.7194371152154794 0.4578125 0.03342128408091469 0.043750000000000004
0 0.5312225153913809 0.35468750000000004 0.040457343887423045 0.053125000000000006
0 0.5092348284960423 0.0484375 0.028144239226033423 0.07187500000000001
0 0.3891820580474934 0.22812500000000002 0.0395778364116095 0.05
3 0.33333333333333337 0.36484375 0.024626209322779244 0.0578125
0 0.13852242744063326 0.17734375000000002 0.0395778364116095 0.0484375
0 0.4969217238346526 0.02421875 0.024626209322779244 0.0484375
0 0.014511873350923483 0.06328125 0.029023746701846966 0.0484375
0 0.9828496042216359 0.0921875 0.032541776605101144 0.05625
