0 0.288038698329 0.33046875 0.0184696569921 0.0140625
0 0.318821459982 0.32734375 0.0167106420405 0.0140625
0 0.312225153914 0.34375 0.0175901495163 0.0125
0 0.399296394019 0.45625 0.00879507475814 0.021875
0 0.35092348285 0.54921875 0.00879507475814 0.0265625
0 0.463940193492 0.740625 0.0149516270888 0.0375
0 0.408531222515 0.8359375 0.0149516270888 0.046875
0 0.438874230431 0.88984375 0.0158311345646 0.0421875
0 0.755496921724 0.60625 0.014072119613 0.028125
0 0.834652594547 0.5703125 0.014072119613 0.028125
0 0.873790677221 0.55 0.0167106420405 0.028125
0 0.917326297274 0.53125 0.0175901495163 0.025
0 0.939753737907 0.52421875 0.0149516270888 0.0234375
