3 0.5162708883025506 0.6585937500000001 0.04397537379067722 0.045312500000000006
3 0.6270888302550572 0.5859375 0.03342128408091469 0.034375
0 0.1279683377308707 0.946875 0.04309586631486368 0.05
0 0.19261213720316622 0.91953125 0.04221635883905013 0.0484375
0 0.20228671943711524 0.8601562500000001 0.04221635883905013 0.0484375
0 0.27880386983289357 0.76328125 0.03869832893579596 0.045312500000000006
0 0.4230430958663149 0.690625 0.036939313984168866 0.040625
0 0.4670184696569921 0.67109375 0.036939313984168866 0.0421875
0 0.6706244503078277 0.5671875000000001 0.030782761653474055 0.034375
0 0.706684256816183 0.55078125 0.03605980650835532 0.0390625
0 0.7651715039577837 0.5281250000000001 0.03869832893579596 0.043750000000000004
0 0.8082673702726474 0.50625 0.029903254177660512 0.03125
0 0.8144239226033422 0.74921875 0.03518029903254178 0.0421875
0 0.8627968337730871 0.7390625000000001 0.03342128408091469 0.037500000000000006
0 0.9006156552330695 0.71875 0.029903254177660512 0.043750000000000004
0 0.9428320140721197 0.8296875 0.021108179419525065 0.046875
0 0.9608619173262973 0.8453125 0.020228671943711522 0.05625
0 0.9815303430079156 0.85703125 0.01934916446789798 0.051562500000000004
0 0.9569041336851364 0.43359375 0.03518029903254178 0.0328125
