0 0.543535620053 0.96796875 0.0246262093228 0.0609375
0 0.542216358839 0.8703125 0.0255057167986 0.0625
0 0.489006156552 0.7078125 0.0193491644679 0.05
0 0.451187335092 0.6609375 0.0175901495163 0.053125
0 0.406332453826 0.75 0.0193491644679 0.059375
0 0.478012313105 0.396875 0.0149516270888 0.0375
0 0.407211961302 0.34140625 0.014072119613 0.0421875
0 0.411609498681 0.17890625 0.0105540897098 0.0265625
0 0.360598065084 0.2046875 0.0105540897098 0.028125
0 0.771328056288 0.24765625 0.014072119613 0.0296875
0 0.854881266491 0.20625 0.0158311345646 0.028125
0 0.89709762533 0.184375 0.0175901495163 0.028125
0 0.943711521548 0.1625 0.0193491644679 0.028125
0 0.966578715919 0.15390625 0.014072119613 0.0296875
