0 0.546613896218 0.921875 0.0202286719437 0.065625
0 0.429639401935 0.74296875 0.0167106420405 0.0546875
0 0.456024626209 0.4796875 0.0149516270888 0.04375
0 0.515391380827 0.39765625 0.014072119613 0.0328125
0 0.46218117854 0.26484375 0.00967458223395 0.0296875
0 0.441512752858 0.21015625 0.0105540897098 0.0328125
0 0.40765171504 0.1921875 0.00967458223395 0.03125
0 0.820580474934 0.28203125 0.0123131046614 0.0296875
0 0.908091468777 0.2484375 0.0149516270888 0.03125
0 0.95382585752 0.23125 0.0167106420405 0.028125
