3 0.776605101143 0.678125 0.0439753737907 0.046875
3 0.880826737027 0.603125 0.0343007915567 0.040625
0 0.153474054529 0.340625 0.0202286719437 0.053125
0 0.17018469657 0.1046875 0.0167106420405 0.053125
0 0.0769569041337 0.1203125 0.0167106420405 0.059375
0 0.412049252419 0.9609375 0.0413368513632 0.05
0 0.47273526825 0.93203125 0.0413368513632 0.0453125
0 0.423482849604 0.89921875 0.0413368513632 0.0453125
0 0.547933157432 0.77734375 0.0386983289358 0.0453125
0 0.685576077397 0.70703125 0.03781882146 0.0390625
0 0.72691292876 0.6875 0.0360598065084 0.0375
0 0.922163588391 0.58515625 0.0343007915567 0.0359375
0 0.956024626209 0.56796875 0.0386983289358 0.0359375
