3 0.426121372032 0.71953125 0.0202286719437 0.0578125
0 0.0694810905893 0.08203125 0.0422163588391 0.0484375
0 0.110378188215 0.11953125 0.0395778364116 0.0515625
0 0.241864555849 0.23984375 0.0404573438874 0.0515625
0 0.263852242744 0.090625 0.0404573438874 0.053125
0 0.411169744943 0.2125 0.0395778364116 0.0625
3 0.028144239226 0.02734375 0.0474934036939 0.0546875
0 0.536499560246 0.27109375 0.0334212840809 0.0484375
0 0.579155672823 0.36640625 0.03781882146 0.0515625
0 0.614335971856 0.11171875 0.0290237467018 0.0734375
0 0.604661389622 0.07578125 0.0290237467018 0.0734375
0 0.578715919085 0.01875 0.0263852242744 0.0375
0 0.642040457344 0.0203125 0.0228671943712 0.040625
