0 0.131486367634 0.12265625 0.0167106420405 0.0640625
0 0.217678100264 0.02890625 0.0149516270888 0.0484375
0 0.216798592788 0.39765625 0.0184696569921 0.0546875
0 0.332893579595 0.94921875 0.023746701847 0.0796875
0 0.477132805629 0.9625 0.0448548812665 0.053125
0 0.488126649077 0.903125 0.0422163588391 0.04375
0 0.536939313984 0.93359375 0.0413368513632 0.0484375
0 0.610378188215 0.78125 0.0369393139842 0.04375
0 0.746701846966 0.709375 0.0369393139842 0.04375
0 0.787159190853 0.690625 0.0386983289358 0.04375
3 0.836851363237 0.6796875 0.0448548812665 0.04375
3 0.938874230431 0.6046875 0.0307827616535 0.040625
0 0.98109058927 0.58671875 0.0307827616535 0.0359375
0 0.308267370273 0.9734375 0.023746701847 0.05
