0 0.157871591909 0.9203125 0.023746701847 0.071875
0 0.146437994723 0.80078125 0.0219876868953 0.0828125
0 0.313544415128 0.51953125 0.0430958663149 0.0296875
0 0.328056288478 0.4859375 0.0404573438874 0.028125
0 0.396657871592 0.48203125 0.0404573438874 0.0328125
0 0.35927880387 0.42109375 0.0448548812665 0.0328125
0 0.381266490765 0.525 0.0395778364116 0.034375
0 0.43491644679 0.5328125 0.0430958663149 0.034375
0 0.578276165347 0.70078125 0.0395778364116 0.0359375
0 0.656112576957 0.71484375 0.0404573438874 0.0296875
0 0.70800351803 0.71796875 0.0404573438874 0.0328125
0 0.854001759015 0.7296875 0.0404573438874 0.03125
0 0.904133685136 0.73671875 0.0404573438874 0.0328125
0 0.950747581354 0.73984375 0.0369393139842 0.0296875
0 0.919525065963 0.46328125 0.0430958663149 0.0328125
0 0.777924362357 0.4484375 0.03781882146 0.028125
0 0.735708003518 0.446875 0.0413368513632 0.034375
0 0.638522427441 0.4109375 0.0422163588391 0.03125
3 0.449868073879 0.49140625 0.0360598065084 0.0296875
