0 0.47405452946350046 0.7796875000000001 0.021108179419525065 0.08125
0 0.4956024626209323 0.7000000000000001 0.020228671943711522 0.07187500000000001
0 0.4687774846086192 0.6796875 0.01759014951627089 0.07500000000000001
0 0.46130167106420406 0.565625 0.018469656992084433 0.07187500000000001
0 0.48197009674582236 0.5828125000000001 0.01934916446789798 0.07187500000000001
0 0.5224274406332454 0.625 0.01934916446789798 0.07500000000000001
0 0.19613016710642042 0.37734375000000003 0.04397537379067722 0.0328125
0 0.287598944591029 0.38593750000000004 0.03518029903254178 0.028125
0 0.36147757255936674 0.31171875000000004 0.04221635883905013 0.051562500000000004
0 0.5839929639401935 0.2578125 0.036939313984168866 0.034375
0 0.7154793315743184 0.14765625000000002 0.03605980650835532 0.029687500000000002
0 0.8095866314863677 0.17890625000000002 0.0395778364116095 0.029687500000000002
0 0.8403693931398417 0.22109375 0.0395778364116095 0.035937500000000004
0 0.8447669305189095 0.12734375 0.03605980650835532 0.029687500000000002
0 0.8852242744063324 0.1234375 0.03430079155672824 0.034375
3 0.9318381706244504 0.125 0.04309586631486368 0.037500000000000006
3 0.5 0.796875 0.020228671943711522 0.078125
0 0.036499560246262094 0.9671875000000001 0.03430079155672824 0.0625
0 0.010554089709762533 0.9617187500000001 0.021108179419525065 0.0734375
