0 0.05892700087950748 0.30859375 0.026385224274406333 0.0390625
0 0.2880386983289358 0.5953125 0.032541776605101144 0.046875
0 0.44854881266490765 0.7468750000000001 0.03869832893579596 0.046875
0 0.46965699208443273 0.80625 0.0316622691292876 0.05
0 0.6693051890941073 0.71875 0.028144239226033423 0.0625
0 0.7409850483729112 0.18671875000000002 0.02198768689533861 0.0421875
0 0.7884784520668426 0.15703125 0.020228671943711522 0.0390625
0 0.8025505716798593 0.184375 0.018469656992084433 0.043750000000000004
0 0.8544415127528584 0.23750000000000002 0.020228671943711522 0.046875
0 0.9226033421284081 0.06484375 0.01759014951627089 0.0328125
3 0.7594547053649956 0.4453125 0.018469656992084433 0.043750000000000004
