0 0.0268249780123 0.89296875 0.0430958663149 0.0328125
0 0.133245382586 0.77578125 0.0413368513632 0.0359375
0 0.175461741425 0.82734375 0.0466138962181 0.0359375
0 0.194810905893 0.7734375 0.0430958663149 0.0375
0 0.538698328936 0.6921875 0.0413368513632 0.03125
0 0.561125769569 0.62421875 0.0386983289358 0.0296875
0 0.636763412489 0.6875 0.0386983289358 0.03125
0 0.689973614776 0.6859375 0.0413368513632 0.03125
0 0.757255936675 0.684375 0.0439753737907 0.034375
0 0.826297273527 0.684375 0.0413368513632 0.03125
0 0.703605980651 0.7390625 0.0386983289358 0.034375
2 0.588390501319 0.6859375 0.0351802990325 0.03125
2 0.51671064204 0.74375 0.0430958663149 0.040625
0 0.926121372032 0.17734375 0.0211081794195 0.0609375
0 0.885224274406 0.17109375 0.0202286719437 0.0578125
0 0.720756376429 0.1328125 0.0272647317502 0.06875
0 0.292875989446 0.3921875 0.0193491644679 0.071875
0 0.422603342128 0.03125 0.0149516270888 0.0625
0 0.686015831135 0.0828125 0.0175901495163 0.04375
0 0.668865435356 0.06640625 0.0219876868953 0.0515625
0 0.639401934916 0.01875 0.0228671943712 0.0375
3 0.649956024626 0.04140625 0.028144239226 0.0421875
0 0.897977132806 0.0078125 0.0369393139842 0.015625
0 0.748900615655 0.13828125 0.0202286719437 0.0546875
