0 0.04177660510114336 0.80390625 0.044854881266490766 0.035937500000000004
0 0.1345646437994723 0.6687500000000001 0.040457343887423045 0.034375
0 0.17985927880386984 0.7140625 0.04309586631486368 0.037500000000000006
0 0.19525065963060687 0.6585937500000001 0.04221635883905013 0.0421875
0 0.26209322779243627 0.259375 0.021108179419525065 0.07187500000000001
0 0.5343007915567283 0.58203125 0.03605980650835532 0.0328125
0 0.5294635004397538 0.52109375 0.040457343887423045 0.035937500000000004
0 0.5479331574318382 0.446875 0.036939313984168866 0.03125
0 0.6253298153034301 0.49843750000000003 0.036939313984168866 0.034375
0 0.6789797713280563 0.48671875000000003 0.03869832893579596 0.0390625
0 0.7440633245382586 0.47265625 0.04221635883905013 0.035937500000000004
0 0.8117854001759015 0.46015625000000004 0.040457343887423045 0.0328125
2 0.4116094986807388 0.53046875 0.04397537379067722 0.0578125
