0 0.184696569921 0.9546875 0.0439753737907 0.05
0 0.248900615655 0.9265625 0.0422163588391 0.046875
0 0.22691292876 0.88046875 0.0422163588391 0.0453125
0 0.333773087071 0.77265625 0.0395778364116 0.0453125
0 0.475373790677 0.69921875 0.0360598065084 0.0421875
0 0.518029903254 0.6796875 0.0351802990325 0.0375
0 0.722075637643 0.5765625 0.0299032541777 0.034375
0 0.756816182938 0.5609375 0.03781882146 0.040625
0 0.814423922603 0.5359375 0.0386983289358 0.040625
0 0.85708003518 0.51640625 0.0307827616535 0.0328125
0 0.866754617414 0.76015625 0.0343007915567 0.0421875
0 0.915127528584 0.74921875 0.0325417766051 0.0359375
0 0.952066842568 0.72734375 0.0290237467018 0.0390625
3 0.569481090589 0.66640625 0.0430958663149 0.0453125
3 0.678100263852 0.59609375 0.0334212840809 0.0359375
