0 0.09410729991204926 0.21875 0.04573438874230431 0.053125000000000006
0 0.13808267370272648 0.25859375 0.040457343887423045 0.051562500000000004
0 0.167985927880387 0.11328125 0.03869832893579596 0.0546875
0 0.32102022867194374 0.2484375 0.04221635883905013 0.053125000000000006
0 0.27044854881266495 0.37734375000000003 0.0395778364116095 0.0546875
0 0.4085312225153914 0.26406250000000003 0.032541776605101144 0.043750000000000004
0 0.4841688654353562 0.39609375 0.03781882145998241 0.051562500000000004
0 0.644678979771328 0.25 0.028144239226033423 0.07500000000000001
0 0.6341248900615656 0.21250000000000002 0.029903254177660512 0.07187500000000001
0 0.6741424802110818 0.14140625 0.02726473175021988 0.0734375
0 0.6556728232189974 0.1015625 0.02726473175021988 0.06875
0 0.6965699208443272 0.055468750000000004 0.028144239226033423 0.0765625
3 0.05321020228671944 0.16328125000000002 0.04661389621811786 0.0578125
0 0.6130167106420404 0.13515625 0.028144239226033423 0.0671875
