3 0.574758135444 0.35390625 0.0114335971856 0.0390625
0 0.945910290237 0.871875 0.0395778364116 0.034375
0 0.969217238347 0.79140625 0.0404573438874 0.0328125
0 0.826737027265 0.7671875 0.0386983289358 0.03125
0 0.700527704485 0.7875 0.0395778364116 0.03125
0 0.7436235708 0.84609375 0.0413368513632 0.0328125
0 0.68073878628 0.834375 0.0386983289358 0.034375
0 0.0628847845207 0.7984375 0.03781882146 0.034375
0 0.247141600704 0.81171875 0.0386983289358 0.0390625
0 0.361917326297 0.83125 0.0413368513632 0.034375
0 0.372911169745 0.86796875 0.0351802990325 0.0328125
0 0.551451187335 0.47890625 0.014072119613 0.0546875
0 0.514072119613 0.12421875 0.0131926121372 0.0390625
0 0.551011433597 0.07421875 0.0149516270888 0.0390625
0 0.569041336851 0.09375 0.0123131046614 0.0375
0 0.623570800352 0.1171875 0.0123131046614 0.040625
