0 0.7590149516270889 0.9375 0.026385224274406333 0.08125
0 0.7137203166226913 0.83203125 0.02550571679859279 0.0734375
0 0.7264731750219877 0.7640625000000001 0.028144239226033423 0.07187500000000001
0 0.8148636763412489 0.56484375 0.04133685136323659 0.051562500000000004
0 0.8698328935795955 0.5296875 0.03869832893579596 0.043750000000000004
0 0.8201407211961302 0.5085937500000001 0.0395778364116095 0.045312500000000006
0 0.9313984168865436 0.37031250000000004 0.03869832893579596 0.043750000000000004
0 0.36499560246262097 0.9515625000000001 0.04221635883905013 0.046875
0 0.41688654353562005 0.915625 0.03869832893579596 0.046875
0 0.5030782761653474 0.93359375 0.040457343887423045 0.0484375
0 0.5123131046613897 0.84765625 0.04309586631486368 0.0484375
2 0.4639401934916447 0.8890625000000001 0.03430079155672824 0.046875
4 0.6556728232189974 0.49375 0.06948109058927002 0.17500000000000002
0 0.579155672823219 0.4609375 0.02726473175021988 0.07187500000000001
0 0.5457343887423043 0.15703125 0.02550571679859279 0.0671875
0 0.5457343887423043 0.059375000000000004 0.02198768689533861 0.059375000000000004
0 0.5954265611257696 0.14375000000000002 0.026385224274406333 0.065625
