0 0.484608619173 0.309375 0.0386983289358 0.053125
0 0.623131046614 0.42421875 0.0413368513632 0.0515625
0 0.755057167986 0.5390625 0.0413368513632 0.053125
0 0.861917326297 0.565625 0.0334212840809 0.04375
0 0.134124890062 0.18828125 0.03781882146 0.0453125
0 0.174142480211 0.05234375 0.0369393139842 0.0453125
3 0.273966578716 0.25546875 0.0272647317502 0.0421875
0 0.498240985048 0.03828125 0.0272647317502 0.0765625
0 0.954265611258 0.028125 0.0422163588391 0.05625
0 0.979771328056 0.05703125 0.0299032541777 0.0640625
0 0.0127528583993 0.08828125 0.0255057167986 0.0390625
