0 0.7748460861917327 0.95234375 0.040457343887423045 0.060937500000000006
0 0.7352682497801232 0.9015625 0.03869832893579596 0.065625
0 0.5180299032541776 0.96796875 0.040457343887423045 0.060937500000000006
0 0.662269129287599 0.77265625 0.040457343887423045 0.06406250000000001
0 0.4489885664028144 0.6726562500000001 0.0395778364116095 0.06406250000000001
0 0.4340369393139842 0.5921875 0.03781882145998241 0.059375000000000004
0 0.40765171503957787 0.6171875 0.03781882145998241 0.05625
0 0.37642919964819704 0.5320312500000001 0.03869832893579596 0.060937500000000006
0 0.35268249780123134 0.546875 0.03869832893579596 0.05625
3 0.47449428320140724 0.6531250000000001 0.03605980650835532 0.05625
0 0.03737906772207564 0.8421875000000001 0.04133685136323659 0.07500000000000001
0 0.14160070360598065 0.66328125 0.03518029903254178 0.0578125
0 0.13720316622691295 0.6023437500000001 0.03869832893579596 0.0765625
0 0.3544415127528584 0.06328125 0.029903254177660512 0.06406250000000001
3 0.9415127528583993 0.38203125000000004 0.032541776605101144 0.0390625
0 0.9850483729111698 0.275 0.028144239226033423 0.043750000000000004
3 0.8799472295514512 0.1328125 0.02550571679859279 0.065625
