0 0.272647317502 0.9515625 0.0439753737907 0.05
0 0.285839929639 0.98125 0.0422163588391 0.034375
0 0.578276165347 0.76875 0.03781882146 0.04375
0 0.585751978892 0.71484375 0.0369393139842 0.0421875
0 0.635444151275 0.74453125 0.03781882146 0.0421875
0 0.69744942832 0.62890625 0.0351802990325 0.0359375
0 0.752418645558 0.68671875 0.0325417766051 0.0390625
0 0.843007915567 0.65859375 0.0360598065084 0.0359375
0 0.817062445031 0.57890625 0.0334212840809 0.0359375
0 0.852682497801 0.5671875 0.0325417766051 0.034375
3 0.897537379068 0.5578125 0.03781882146 0.040625
2 0.805189094107 0.62890625 0.0430958663149 0.0453125
3 0.402374670185 0.3671875 0.0131926121372 0.040625
0 0.394459102902 0.43515625 0.0184696569921 0.0546875
0 0.304309586631 0.1734375 0.0105540897098 0.05
0 0.332453825858 0.1125 0.0123131046614 0.040625
0 0.352682497801 0.1296875 0.014072119613 0.040625
0 0.410729991205 0.121875 0.0123131046614 0.04375
3 0.986807387863 0.5078125 0.0246262093228 0.034375
0 0.17018469657 0.98515625 0.03781882146 0.0265625
