2 0.5646437994722956 0.7937500000000001 0.04397537379067722 0.059375000000000004
2 0.6108179419525066 0.76171875 0.03430079155672824 0.0421875
0 0.8575197889182058 0.32343750000000004 0.03342128408091469 0.059375000000000004
0 0.5897097625329816 0.037500000000000006 0.020228671943711522 0.059375000000000004
0 0.39797713280562885 0.29375 0.02550571679859279 0.0625
0 0.756816182937555 0.9265625000000001 0.0395778364116095 0.046875
0 0.8408091468777485 0.93125 0.04221635883905013 0.053125000000000006
0 0.7730870712401056 0.878125 0.04397537379067722 0.05
0 0.7075637642919965 0.83125 0.04133685136323659 0.05
0 0.6556728232189974 0.7984375 0.03781882145998241 0.046875
0 0.5971855760773966 0.6828125 0.03869832893579596 0.046875
0 0.5615655233069481 0.7296875 0.04133685136323659 0.046875
0 0.20712401055408972 0.6046875 0.04309586631486368 0.046875
0 0.23966578715919087 0.57578125 0.04133685136323659 0.045312500000000006
0 0.18293755496921724 0.53359375 0.040457343887423045 0.045312500000000006
0 0.06992084432717678 0.57265625 0.04133685136323659 0.0421875
0 0.7845206684256817 0.0421875 0.029903254177660512 0.034375
0 0.9265611257695691 0.06328125 0.04133685136323659 0.0484375
0 0.7968337730870713 0.15546875000000002 0.03342128408091469 0.0328125
0 0.8183817062445031 0.22421875000000002 0.02726473175021988 0.0421875
0 0.8293755496921724 0.253125 0.029903254177660512 0.040625
0 0.8830255057167986 0.34218750000000003 0.026385224274406333 0.046875
3 0.8047493403693932 0.19296875000000002 0.029903254177660512 0.045312500000000006
