0 0.25769569041336854 0.4703125 0.04397537379067722 0.03125
0 0.4837291116974495 0.46953125 0.04925241864555849 0.029687500000000002
0 0.4494283201407212 0.546875 0.04397537379067722 0.034375
0 0.6182937554969218 0.47109375000000003 0.04221635883905013 0.0328125
0 0.7304309586631487 0.465625 0.044854881266490766 0.034375
2 0.7361477572559367 0.5265625 0.03518029903254178 0.034375
0 0.8197009674582234 0.5375 0.04573438874230431 0.03125
0 0.9854881266490766 0.4578125 0.02726473175021988 0.03125
0 0.014951627088830256 0.446875 0.029903254177660512 0.037500000000000006
0 0.032981530343007916 0.81015625 0.02726473175021988 0.0734375
