0 0.23394898856640284 0.9234375 0.03342128408091469 0.06875
0 0.2563764291996482 0.9453125 0.03781882145998241 0.07500000000000001
0 0.2977132805628848 0.85078125 0.03781882145998241 0.0671875
0 0.29727352682497804 0.7937500000000001 0.03518029903254178 0.07187500000000001
0 0.23482849604221637 0.76328125 0.024626209322779244 0.0734375
0 0.17282321899736147 0.22109375 0.03430079155672824 0.0578125
0 0.21328056288478453 0.39921875 0.032541776605101144 0.0546875
0 0.306948109058927 0.41328125000000004 0.03518029903254178 0.060937500000000006
0 0.3689533861037819 0.65 0.03430079155672824 0.0625
0 0.45074758135444154 0.7757812500000001 0.0395778364116095 0.06406250000000001
0 0.6609498680738787 0.884375 0.03781882145998241 0.059375000000000004
0 0.7022867194371153 0.953125 0.04133685136323659 0.06875
3 0.09146877748460862 0.1375 0.03342128408091469 0.05625
2 0.2453825857519789 0.5007812500000001 0.03869832893579596 0.060937500000000006
2 0.06596306068601583 0.03125 0.04397537379067722 0.0625
