0 0.3540017590149516 0.884375 0.018469656992084433 0.078125
0 0.3733509234828496 0.9265625000000001 0.018469656992084433 0.07500000000000001
0 0.018909410729991204 0.7562500000000001 0.03781882145998241 0.03125
0 0.07739665787159192 0.7507812500000001 0.04397537379067722 0.029687500000000002
0 0.11741424802110818 0.64375 0.04133685136323659 0.03125
0 0.2453825857519789 0.6921875000000001 0.04221635883905013 0.03125
0 0.2669305189094107 0.7375 0.04133685136323659 0.034375
0 0.5145118733509235 0.6351562500000001 0.036939313984168866 0.0328125
0 0.6037818821459983 0.5789062500000001 0.04309586631486368 0.029687500000000002
0 0.6534740545294635 0.52578125 0.03869832893579596 0.029687500000000002
0 0.7040457343887423 0.5320312500000001 0.04133685136323659 0.0328125
0 0.6763412489006156 0.58359375 0.04221635883905013 0.0390625
0 0.7981530343007915 0.52265625 0.0395778364116095 0.0328125
0 0.8438874230430959 0.5234375 0.04133685136323659 0.034375
2 0.503957783641161 0.58828125 0.05101143359718558 0.0390625
3 0.6059806508355321 0.6351562500000001 0.04397537379067722 0.035937500000000004
3 0.8948988566402815 0.53515625 0.044854881266490766 0.035937500000000004
0 0.6279683377308708 0.7664062500000001 0.04221635883905013 0.0390625
4 0.10729991204925242 0.7039062500000001 0.11433597185576078 0.0421875
3 0.39226033421284084 0.640625 0.052770448548812667 0.034375
