4 0.42656112577 0.596875 0.0914687774846 0.146875
0 0.209762532982 0.94609375 0.0307827616535 0.0734375
0 0.21855760774 0.83828125 0.023746701847 0.0640625
0 0.217678100264 0.7484375 0.0325417766051 0.065625
0 0.2436235708 0.7625 0.0351802990325 0.071875
0 0.269129287599 0.803125 0.0404573438874 0.075
0 0.28144239226 0.6734375 0.0351802990325 0.065625
0 0.28144239226 0.61796875 0.0369393139842 0.0671875
0 0.233069481091 0.43828125 0.0211081794195 0.0640625
0 0.335971855761 0.51640625 0.0369393139842 0.0609375
0 0.363236587511 0.3640625 0.0386983289358 0.065625
0 0.485048372911 0.54375 0.0360598065084 0.065625
0 0.527704485488 0.86015625 0.0351802990325 0.0671875
0 0.556288478452 0.821875 0.03781882146 0.0625
0 0.637203166227 0.7109375 0.0343007915567 0.05625
0 0.674142480211 0.77578125 0.0360598065084 0.0671875
0 0.643799472296 0.92421875 0.0369393139842 0.0609375
0 0.748021108179 0.88828125 0.0343007915567 0.0609375
0 0.782761653474 0.9421875 0.0351802990325 0.05625
0 0.173262972735 0.2734375 0.0334212840809 0.05625
0 0.208443271768 0.253125 0.0369393139842 0.065625
0 0.205364995602 0.18203125 0.0343007915567 0.0578125
0 0.135883905013 0.14609375 0.0343007915567 0.0578125
2 0.238346525945 0.16796875 0.0474934036939 0.0796875
3 0.302990325418 0.33515625 0.0395778364116 0.0640625
