3 0.2669305189094107 0.48125 0.03781882145998241 0.059375000000000004
2 0.20976253298153036 0.32578125 0.04661389621811786 0.0734375
3 0.07563764291996482 0.16875 0.04573438874230431 0.07187500000000001
0 0.051890941072999124 0.20078125000000002 0.03342128408091469 0.0546875
2 0.03825857519788919 0.2328125 0.04133685136323659 0.0625
0 0.17106420404573439 0.32578125 0.030782761653474055 0.051562500000000004
0 0.18909410729991205 0.42812500000000003 0.03342128408091469 0.05625
0 0.2106420404573439 0.5453125 0.030782761653474055 0.0625
0 0.2581354441512753 0.53515625 0.03781882145998241 0.060937500000000006
0 0.33333333333333337 0.51875 0.03869832893579596 0.0625
0 0.23526824978012315 0.7390625000000001 0.02198768689533861 0.07187500000000001
0 0.287598944591029 0.8406250000000001 0.040457343887423045 0.07187500000000001
0 0.2849604221635884 0.8968750000000001 0.040457343887423045 0.06875
0 0.3834652594547054 0.7914062500000001 0.036939313984168866 0.06406250000000001
0 0.21723834652594548 0.9710937500000001 0.036939313984168866 0.0546875
0 0.4577836411609499 0.70234375 0.03781882145998241 0.0671875
0 0.6517150395778365 0.93359375 0.03869832893579596 0.060937500000000006
4 0.4815303430079156 0.88828125 0.09586631486367635 0.15781250000000002
