0 0.030343007915567283 0.21406250000000002 0.04309586631486368 0.037500000000000006
0 0.08047493403693932 0.7875000000000001 0.04133685136323659 0.053125000000000006
0 0.1297273526824978 0.82421875 0.03430079155672824 0.0484375
0 0.25505716798592787 0.7921875 0.03869832893579596 0.05
0 0.30826737027264733 0.7296875 0.0395778364116095 0.053125000000000006
0 0.3518029903254178 0.81015625 0.04397537379067722 0.0546875
0 0.3575197889182058 0.6828125 0.03605980650835532 0.05
0 0.3434476693051891 0.63203125 0.03430079155672824 0.0484375
0 0.4727352682497801 0.6195312500000001 0.0395778364116095 0.0546875
0 0.5052770448548813 0.43515625 0.03430079155672824 0.0484375
0 0.5879507475813545 0.765625 0.02550571679859279 0.059375000000000004
0 0.6204925241864556 0.8625 0.029023746701846966 0.07187500000000001
0 0.7198768689533861 0.96015625 0.030782761653474055 0.0703125
0 0.8733509234828496 0.21328125 0.03342128408091469 0.0390625
0 0.34916446789797717 0.2109375 0.026385224274406333 0.06875
0 0.37730870712401055 0.18671875000000002 0.028144239226033423 0.06406250000000001
0 0.3386103781882146 0.05234375 0.026385224274406333 0.06406250000000001
2 0.5747581354441513 0.421875 0.04133685136323659 0.059375000000000004
3 0.40809146877748464 0.29609375 0.0316622691292876 0.0765625
2 0.6503957783641161 0.96015625 0.03430079155672824 0.0765625
0 0.013192612137203167 0.2921875 0.026385224274406333 0.03125
0 0.012752858399296395 0.33046875000000003 0.02550571679859279 0.035937500000000004
0 0.024186455584872472 0.17265625 0.030782761653474055 0.0328125
0 0.014511873350923483 0.853125 0.029023746701846966 0.05
