0 0.219876868953 0.9703125 0.0386983289358 0.05625
0 0.21855760774 0.828125 0.0325417766051 0.06875
0 0.289797713281 0.8390625 0.0395778364116 0.06875
0 0.286719437115 0.896875 0.0369393139842 0.06875
0 0.0853122251539 0.253125 0.0334212840809 0.05625
0 0.124450307828 0.246875 0.0325417766051 0.053125
0 0.293755496922 0.453125 0.0351802990325 0.059375
0 0.229551451187 0.49296875 0.0351802990325 0.0546875
0 0.298153034301 0.596875 0.0386983289358 0.065625
0 0.229551451187 0.60546875 0.0228671943712 0.0609375
0 0.422163588391 0.64609375 0.0369393139842 0.0671875
0 0.427440633245 0.85390625 0.0369393139842 0.0609375
0 0.654353562005 0.934375 0.0369393139842 0.059375
2 0.169305189094 0.25859375 0.0448548812665 0.0734375
2 0.084872471416 0.309375 0.0395778364116 0.0625
3 0.222075637643 0.40859375 0.03781882146 0.0609375
3 0.0351802990325 0.0984375 0.0439753737907 0.075
4 0.531662269129 0.9390625 0.0835532102023 0.11875
