0 0.0215479331574 0.18671875 0.0413368513632 0.0578125
0 0.0347405452946 0.26484375 0.03781882146 0.0515625
0 0.105980650836 0.340625 0.03781882146 0.053125
0 0.174142480211 0.41328125 0.0386983289358 0.0578125
0 0.356200527704 0.48515625 0.0351802990325 0.0484375
0 0.405013192612 0.64453125 0.0395778364116 0.0515625
0 0.42436235708 0.6140625 0.0395778364116 0.053125
0 0.48328935796 0.5671875 0.03781882146 0.053125
0 0.596745822339 0.68984375 0.0395778364116 0.0578125
0 0.638522427441 0.671875 0.0369393139842 0.053125
0 0.68073878628 0.7234375 0.0386983289358 0.059375
0 0.763412489006 0.80859375 0.0369393139842 0.0515625
0 0.801671064204 0.853125 0.03781882146 0.05
0 0.23526824978 0.9578125 0.023746701847 0.065625
0 0.223834652595 0.84765625 0.0290237467018 0.0671875
0 0.254617414248 0.84140625 0.0325417766051 0.0765625
0 0.282321899736 0.87265625 0.0334212840809 0.0828125
0 0.278803869833 0.68671875 0.0316622691293 0.0703125
0 0.282761653474 0.7421875 0.0307827616535 0.06875
0 0.543975373791 0.8515625 0.0395778364116 0.059375
3 0.842128408091 0.91484375 0.0430958663149 0.0640625
3 0.436235708004 0.578125 0.0422163588391 0.05625
2 0.367194371152 0.44296875 0.0501319261214 0.0671875
3 0.241864555849 0.36953125 0.0527704485488 0.0703125
4 0.244503078276 0.43515625 0.102022867194 0.1328125
