0 0.159190853122 0.54765625 0.0439753737907 0.0390625
0 0.254617414248 0.4734375 0.0413368513632 0.034375
2 0.448548812665 0.5359375 0.0404573438874 0.03125
0 0.496042216359 0.4703125 0.0422163588391 0.034375
0 0.536059806508 0.54296875 0.0430958663149 0.0328125
0 0.7563764292 0.4578125 0.0457343887423 0.03125
0 0.872471416007 0.46171875 0.0439753737907 0.0359375
0 0.938434476693 0.52578125 0.0404573438874 0.0296875
0 0.988126649077 0.4578125 0.0219876868953 0.03125
0 0.0316622691293 0.8109375 0.028144239226 0.075
