0 0.4639401934916447 0.96796875 0.03605980650835532 0.060937500000000006
0 0.5109938434476693 0.8921875 0.028144239226033423 0.05625
0 0.6182937554969218 0.75703125 0.029903254177660512 0.060937500000000006
0 0.7405452946350044 0.8210937500000001 0.029903254177660512 0.06406250000000001
0 0.6640281442392261 0.65390625 0.029903254177660512 0.0546875
0 0.563764291996482 0.49843750000000003 0.03518029903254178 0.0625
0 0.509674582233949 0.47109375000000003 0.030782761653474055 0.0578125
0 0.4432717678100264 0.4890625 0.03342128408091469 0.06875
0 0.47713280562884786 0.40078125000000003 0.030782761653474055 0.060937500000000006
0 0.49780123131046616 0.32265625000000003 0.0316622691292876 0.060937500000000006
0 0.43975373790677225 0.34765625 0.028144239226033423 0.0703125
0 0.3786279683377309 0.21171875 0.029023746701846966 0.0578125
0 0.39489885664028146 0.13593750000000002 0.03342128408091469 0.059375000000000004
0 0.4098504837291117 0.0578125 0.0316622691292876 0.05625
0 0.8104661389621812 0.35859375000000004 0.03605980650835532 0.060937500000000006
0 0.8992963940193492 0.16484375 0.03605980650835532 0.0546875
2 0.7031662269129287 0.80390625 0.04133685136323659 0.0734375
3 0.7330694810905893 0.47421875 0.0395778364116095 0.06406250000000001
0 0.2137203166226913 0.037500000000000006 0.029903254177660512 0.059375000000000004
