0 0.134564643799 0.94296875 0.028144239226 0.0703125
0 0.145558487247 0.83671875 0.0360598065084 0.0671875
0 0.162708883026 0.86328125 0.0404573438874 0.0703125
0 0.204925241865 0.7703125 0.0351802990325 0.065625
0 0.208443271768 0.71484375 0.0369393139842 0.0609375
0 0.452506596306 0.95859375 0.03781882146 0.0703125
0 0.500879507476 0.97109375 0.0413368513632 0.0546875
0 0.56508355321 0.8 0.0360598065084 0.059375
0 0.604221635884 0.8640625 0.0369393139842 0.065625
0 0.685136323659 0.9734375 0.0386983289358 0.05
