0 0.59454705365 0.965625 0.0246262093228 0.065625
0 0.582233948989 0.87734375 0.0228671943712 0.0765625
0 0.442392260334 0.88359375 0.0211081794195 0.0828125
0 0.0510114335972 0.6046875 0.0404573438874 0.0375
0 0.065963060686 0.55625 0.0457343887423 0.040625
0 0.212840809147 0.5484375 0.0316622691293 0.053125
0 0.255496921724 0.515625 0.0413368513632 0.040625
0 0.251978891821 0.47578125 0.03781882146 0.0390625
0 0.312225153914 0.484375 0.0369393139842 0.0375
0 0.330694810906 0.44453125 0.0404573438874 0.0421875
0 0.0233069481091 0.43046875 0.0430958663149 0.0421875
0 0.947669305189 0.0609375 0.0395778364116 0.040625
3 0.0105540897098 0.62421875 0.0211081794195 0.0328125
0 0.00703605980651 0.58046875 0.014072119613 0.0328125
