0 0.31794195250659635 0.7828125 0.020228671943711522 0.07187500000000001
0 0.4731750219876869 0.9703125 0.029903254177660512 0.05625
0 0.5941072999120492 0.5625 0.03430079155672824 0.053125000000000006
0 0.6759014951627089 0.6335937500000001 0.04133685136323659 0.0546875
0 0.6297273526824978 0.40234375 0.036939313984168866 0.0578125
0 0.6671064204045735 0.42812500000000003 0.04133685136323659 0.0625
0 0.6745822339489886 0.3609375 0.040457343887423045 0.053125000000000006
0 0.7532981530343008 0.2703125 0.03605980650835532 0.05625
0 0.7933157431838171 0.23046875 0.03518029903254178 0.051562500000000004
3 0.5576077396657871 0.5484375 0.05101143359718558 0.07500000000000001
2 0.8403693931398417 0.19375 0.04309586631486368 0.059375000000000004
2 0.6565523306948109 0.5007812500000001 0.044854881266490766 0.06406250000000001
2 0.5321020228671944 0.63046875 0.05452946350043976 0.0765625
0 0.6103781882145999 0.48281250000000003 0.040457343887423045 0.059375000000000004
0 0.49604221635883905 0.978125 0.021108179419525065 0.040625
0 0.247141600703606 0.9851562500000001 0.029903254177660512 0.026562500000000003
