0 0.18909410729991205 0.890625 0.03342128408091469 0.06875
0 0.22515391380826738 0.9500000000000001 0.03518029903254178 0.07187500000000001
0 0.24934036939313986 0.9640625 0.03781882145998241 0.06875
0 0.2902374670184697 0.8703125 0.03869832893579596 0.07187500000000001
0 0.29155672823219 0.8171875000000001 0.0395778364116095 0.07500000000000001
0 0.2405452946350044 0.6468750000000001 0.020228671943711522 0.06875
0 0.2739665787159191 0.53515625 0.03430079155672824 0.0578125
0 0.34432717678100266 0.64375 0.03605980650835532 0.0625
0 0.386103781882146 0.5640625 0.03869832893579596 0.0625
0 0.2519788918205805 0.37109375 0.03781882145998241 0.0546875
0 0.12620932277924363 0.29453125 0.03430079155672824 0.0578125
0 0.08135444151275287 0.14765625000000002 0.030782761653474055 0.051562500000000004
2 0.13148636763412488 0.171875 0.044854881266490766 0.078125
2 0.13500439753737908 0.36562500000000003 0.03781882145998241 0.0625
0 0.4731750219876869 0.89453125 0.03869832893579596 0.06406250000000001
0 0.6561125769569042 0.90546875 0.036939313984168866 0.060937500000000006
0 0.6961301671064204 0.96875 0.0395778364116095 0.059375000000000004
3 0.17546174142480211 0.3125 0.03781882145998241 0.0625
