0 0.156992084433 0.9296875 0.0343007915567 0.06875
0 0.232189973615 0.89765625 0.0334212840809 0.0734375
0 0.255057167986 0.91640625 0.0369393139842 0.0734375
0 0.295074758135 0.8234375 0.0343007915567 0.06875
0 0.293755496922 0.765625 0.0404573438874 0.071875
0 0.243183817062 0.66953125 0.0184696569921 0.0671875
0 0.321020228672 0.559375 0.0351802990325 0.059375
0 0.395338610378 0.6703125 0.0360598065084 0.0625
0 0.347405452946 0.45625 0.0369393139842 0.0625
0 0.210642040457 0.26484375 0.0360598065084 0.0578125
0 0.168865435356 0.3140625 0.0351802990325 0.05625
0 0.0413368513632 0.03203125 0.028144239226 0.0484375
2 0.094107299912 0.0625 0.0422163588391 0.071875
2 0.1890941073 0.39921875 0.0369393139842 0.0609375
3 0.131486367634 0.19375 0.0360598065084 0.05625
0 0.52110817942 0.9140625 0.03781882146 0.0625
0 0.658311345646 0.85625 0.03781882146 0.0625
0 0.696569920844 0.9234375 0.0386983289358 0.06875
0 0.280123131047 0.95625 0.0413368513632 0.075
0 0.229551451187 0.9765625 0.0246262093228 0.04375
