0 0.335971855761 0.77890625 0.0228671943712 0.0671875
0 0.501319261214 0.9734375 0.0334212840809 0.05
0 0.596745822339 0.54609375 0.0360598065084 0.0546875
0 0.607739665787 0.459375 0.0369393139842 0.0625
0 0.622251539138 0.3765625 0.03781882146 0.059375
0 0.664467897977 0.328125 0.0395778364116 0.059375
0 0.65963060686 0.3984375 0.0386983289358 0.0625
0 0.682497801231 0.59921875 0.0422163588391 0.0609375
0 0.73746701847 0.225 0.0360598065084 0.053125
0 0.774406332454 0.17578125 0.0360598065084 0.0578125
2 0.559806508355 0.5359375 0.0501319261214 0.08125
3 0.545734388742 0.6171875 0.0483729111697 0.075
3 0.817941952507 0.12890625 0.0404573438874 0.0671875
3 0.653913808267 0.47109375 0.0448548812665 0.0640625
0 0.525065963061 0.97734375 0.0246262093228 0.0421875
