0 0.550571679859 0.9625 0.0228671943712 0.071875
0 0.561125769569 0.85234375 0.0193491644679 0.0578125
0 0.0153913808267 0.5015625 0.0307827616535 0.0375
0 0.136323658751 0.34375 0.0404573438874 0.040625
0 0.0655233069481 0.25234375 0.03781882146 0.0359375
0 0.116534740545 0.26953125 0.0413368513632 0.0359375
0 0.187774846086 0.29375 0.0413368513632 0.0375
0 0.232629727353 0.4125 0.0395778364116 0.0375
0 0.27528583993 0.475 0.0369393139842 0.0375
0 0.377308707124 0.55546875 0.0439753737907 0.0453125
0 0.368513632366 0.60625 0.0439753737907 0.034375
0 0.418205804749 0.521875 0.0360598065084 0.0375
0 0.365435356201 0.5 0.03781882146 0.040625
0 0.414687774846 0.43984375 0.0325417766051 0.0359375
0 0.594986807388 0.0328125 0.0202286719437 0.065625
0 0.608619173263 0.15546875 0.0193491644679 0.0640625
0 0.581794195251 0.50625 0.03781882146 0.03125
0 0.843887423043 0.57734375 0.0413368513632 0.0421875
0 0.793755496922 0.68828125 0.03781882146 0.0390625
2 0.678100263852 0.571875 0.0439753737907 0.040625
3 0.593227792436 0.2859375 0.0219876868953 0.075
