0 0.01802990325417766 0.7640625000000001 0.03605980650835532 0.046875
0 0.02550571679859279 0.70859375 0.04573438874230431 0.0484375
0 0.1772207563764292 0.6515625 0.03605980650835532 0.053125000000000006
0 0.21108179419525067 0.56640625 0.03869832893579596 0.045312500000000006
0 0.21811785400175904 0.6039062500000001 0.04397537379067722 0.0484375
0 0.2717678100263852 0.5546875 0.03869832893579596 0.046875
0 0.28627968337730875 0.5078125 0.04133685136323659 0.046875
0 0.44283201407211964 0.90546875 0.02726473175021988 0.08281250000000001
0 0.5804749340369394 0.8515625 0.029903254177660512 0.07500000000000001
0 0.6020228671943711 0.940625 0.029023746701846966 0.084375
