0 0.0844327176781 0.2375 0.0404573438874 0.05625
0 0.080035180299 0.3 0.0351802990325 0.053125
0 0.153474054529 0.3984375 0.0360598065084 0.05625
0 0.218117854002 0.4859375 0.0386983289358 0.059375
0 0.325857519789 0.49921875 0.0360598065084 0.0546875
0 0.45162708883 0.61171875 0.03781882146 0.0578125
0 0.438874230431 0.765625 0.0386983289358 0.059375
0 0.475373790677 0.7609375 0.03781882146 0.0625
0 0.569481090589 0.7671875 0.0413368513632 0.065625
0 0.635883905013 0.7890625 0.0351802990325 0.05625
0 0.675461741425 0.84921875 0.0386983289358 0.0640625
0 0.530343007916 0.9546875 0.0369393139842 0.065625
0 0.755057167986 0.95390625 0.0360598065084 0.0578125
0 0.272647317502 0.7375 0.0369393139842 0.06875
0 0.274406332454 0.79375 0.0351802990325 0.06875
0 0.208883025506 0.8859375 0.0343007915567 0.06875
0 0.238346525945 0.8875 0.0351802990325 0.075
0 0.0167106420405 0.13671875 0.0334212840809 0.0609375
2 0.342128408091 0.4609375 0.0492524186456 0.075
3 0.21635883905 0.353125 0.0492524186456 0.075
3 0.402814423923 0.6078125 0.0404573438874 0.0625
4 0.291556728232 0.528125 0.094107299912 0.14375
0 0.266490765172 0.9171875 0.0351802990325 0.0625
0 0.209762532982 0.978125 0.0202286719437 0.040625
