0 0.0624450307828 0.40703125 0.0404573438874 0.0484375
0 0.134124890062 0.4609375 0.0413368513632 0.05
0 0.387423043096 0.54921875 0.03781882146 0.0484375
0 0.371591908531 0.5859375 0.0413368513632 0.046875
0 0.368953386104 0.63359375 0.0430958663149 0.0484375
0 0.288478452067 0.7375 0.028144239226 0.075
0 0.296394019349 0.78984375 0.0263852242744 0.0703125
0 0.241424802111 0.91875 0.0272647317502 0.071875
0 0.274846086192 0.89453125 0.0290237467018 0.0765625
0 0.518029903254 0.59765625 0.0404573438874 0.0453125
0 0.563764291996 0.83984375 0.0422163588391 0.0578125
0 0.624890061566 0.6859375 0.0430958663149 0.053125
0 0.644678979771 0.640625 0.0386983289358 0.046875
0 0.690413368514 0.684375 0.0404573438874 0.053125
2 0.398416886544 0.50703125 0.0510114335972 0.0640625
3 0.475373790677 0.6234375 0.0430958663149 0.05
3 0.27528583993 0.465625 0.0545294635004 0.0625
0 0.778364116095 0.75 0.0386983289358 0.05
0 0.820580474934 0.78515625 0.0422163588391 0.0421875
3 0.863676341249 0.8375 0.0457343887423 0.053125
0 0.306068601583 0.91953125 0.0299032541777 0.0828125
4 0.198328935796 0.46328125 0.106420404573 0.1171875
3 0.982849604222 0.91328125 0.0325417766051 0.0390625
0 0.0109938434477 0.3625 0.0219876868953 0.034375
