3 0.3566402814423923 0.34765625 0.03605980650835532 0.0734375
2 0.5356200527704486 0.40468750000000003 0.036939313984168866 0.06875
0 0.21767810026385226 0.12421875 0.032541776605101144 0.06406250000000001
0 0.26297273526824977 0.14453125 0.0316622691292876 0.060937500000000006
0 0.31090589270008795 0.2515625 0.032541776605101144 0.0625
0 0.2955145118733509 0.30625 0.0316622691292876 0.0625
0 0.0870712401055409 0.9617187500000001 0.040457343887423045 0.06406250000000001
0 0.26341248900615655 0.89453125 0.03781882145998241 0.06406250000000001
0 0.36147757255936674 0.8773437500000001 0.040457343887423045 0.0703125
0 0.31002638522427445 0.8125 0.03781882145998241 0.059375000000000004
0 0.287598944591029 0.7796875000000001 0.03342128408091469 0.059375000000000004
0 0.3518029903254178 0.74765625 0.03342128408091469 0.060937500000000006
0 0.40897097625329815 0.540625 0.03518029903254178 0.059375000000000004
0 0.5057167985927881 0.5593750000000001 0.03518029903254178 0.059375000000000004
0 0.5883905013192613 0.7359375 0.028144239226033423 0.05625
0 0.6306068601583114 0.8187500000000001 0.03342128408091469 0.065625
0 0.7370272647317503 0.8734375000000001 0.03518029903254178 0.065625
0 0.772207563764292 0.9476562500000001 0.03518029903254178 0.0734375
2 0.6723834652594547 0.9046875000000001 0.03781882145998241 0.06875
0 0.8460861917326298 0.02734375 0.029903254177660512 0.0421875
