0 0.136763412489 0.1109375 0.03781882146 0.05625
0 0.236587510994 0.29921875 0.0351802990325 0.0453125
0 0.376868953386 0.42421875 0.0395778364116 0.0515625
0 0.566402814424 0.5796875 0.0404573438874 0.053125
0 0.64907651715 0.57265625 0.0422163588391 0.0546875
0 0.463500439754 0.5 0.0422163588391 0.053125
3 0.463500439754 0.37109375 0.0404573438874 0.0515625
0 0.0413368513632 0.19296875 0.0246262093228 0.0640625
0 0.86983289358 0.7546875 0.0457343887423 0.053125
4 0.773966578716 0.75859375 0.116094986807 0.1296875
