0 0.0131926121372 0.09140625 0.0263852242744 0.0578125
0 0.134124890062 0.18984375 0.0343007915567 0.0453125
0 0.126209322779 0.1015625 0.0413368513632 0.05625
0 0.250219876869 0.22578125 0.0395778364116 0.0578125
0 0.278364116095 0.3359375 0.0395778364116 0.053125
0 0.377748460862 0.428125 0.0430958663149 0.053125
3 0.602022867194 0.49140625 0.0413368513632 0.0546875
0 0.489006156552 0.51328125 0.0386983289358 0.0484375
4 0.689533861038 0.68515625 0.112576956904 0.1203125
0 0.824538258575 0.7171875 0.0430958663149 0.053125
