0 0.08135444151275287 0.045312500000000006 0.0395778364116095 0.05625
0 0.040457343887423045 0.246875 0.022867194371152155 0.06875
0 0.29155672823219 0.35078125000000004 0.03430079155672824 0.045312500000000006
3 0.405452946350044 0.3203125 0.04397537379067722 0.05625
0 0.4256816182937555 0.46640625 0.03869832893579596 0.051562500000000004
0 0.5043975373790678 0.5375 0.04309586631486368 0.053125000000000006
0 0.5620052770448549 0.503125 0.04221635883905013 0.053125000000000006
0 0.6068601583113457 0.6140625000000001 0.03869832893579596 0.05
0 0.7889182058047494 0.6882812500000001 0.04221635883905013 0.051562500000000004
4 0.8170624450307828 0.79609375 0.11433597185576078 0.1234375
