0 0.531222515391 0.53046875 0.0422163588391 0.0546875
0 0.543975373791 0.61875 0.0360598065084 0.046875
0 0.658751099384 0.63515625 0.0439753737907 0.0546875
0 0.675021987687 0.7359375 0.0448548812665 0.05625
0 0.807387862797 0.76015625 0.0439753737907 0.0515625
0 0.978012313105 0.9015625 0.0422163588391 0.053125
0 0.957783641161 0.96875 0.0527704485488 0.059375
0 0.153913808267 0.63671875 0.0351802990325 0.0703125
0 0.122691292876 0.71875 0.03781882146 0.06875
0 0.09454705365 0.790625 0.0307827616535 0.065625
2 0.0633245382586 0.8703125 0.0334212840809 0.065625
