0 0.11609498680738786 0.060937500000000006 0.040457343887423045 0.065625
0 0.1517150395778364 0.63984375 0.03430079155672824 0.0765625
0 0.12225153913808268 0.71640625 0.036939313984168866 0.0734375
0 0.09278803869832894 0.790625 0.030782761653474055 0.07187500000000001
2 0.06288478452066842 0.8734375000000001 0.030782761653474055 0.07187500000000001
0 0.4832893579595427 0.5671875000000001 0.03605980650835532 0.046875
0 0.6051011433597185 0.6765625000000001 0.04397537379067722 0.053125000000000006
0 0.6086191732629728 0.59609375 0.04573438874230431 0.0578125
0 0.7348284960422163 0.69921875 0.03781882145998241 0.0546875
0 0.8887423043095867 0.8250000000000001 0.04661389621811786 0.065625
0 0.880386983289358 0.9046875000000001 0.04573438874230431 0.065625
