0 0.3531222515391381 0.43828125 0.04309586631486368 0.0546875
0 0.37642919964819704 0.38515625000000003 0.03518029903254178 0.0546875
0 0.1534740545294635 0.6335937500000001 0.03430079155672824 0.0734375
0 0.12137203166226913 0.7203125 0.036939313984168866 0.06875
0 0.09586631486367635 0.7914062500000001 0.03342128408091469 0.0578125
2 0.06156552330694811 0.86875 0.029903254177660512 0.065625
0 0.7748460861917327 0.73984375 0.03869832893579596 0.0421875
0 0.9529463500439754 0.8851562500000001 0.04309586631486368 0.051562500000000004
0 0.19261213720316622 0.1640625 0.03518029903254178 0.059375000000000004
0 0.07387862796833773 0.0140625 0.03518029903254178 0.028125
