0 0.21020228671943714 0.24765625000000002 0.03869832893579596 0.06406250000000001
0 0.2757255936675462 0.25625000000000003 0.03605980650835532 0.05625
0 0.2854001759014952 0.35078125000000004 0.04309586631486368 0.0578125
0 0.1534740545294635 0.63203125 0.03430079155672824 0.0734375
0 0.12049252418645559 0.71640625 0.03518029903254178 0.0734375
2 0.06068601583113457 0.86640625 0.03342128408091469 0.0671875
0 0.09542656112576957 0.7859375000000001 0.032541776605101144 0.0625
0 0.5092348284960423 0.5 0.04573438874230431 0.05625
0 0.5189094107299912 0.60078125 0.04221635883905013 0.0546875
0 0.7084432717678101 0.675 0.044854881266490766 0.059375000000000004
