0 0.18733509234828497 0.1546875 0.040457343887423045 0.05625
0 0.15303430079155675 0.634375 0.03518029903254178 0.06875
0 0.12269129287598945 0.7195312500000001 0.03605980650835532 0.0703125
0 0.0949868073878628 0.7898437500000001 0.029903254177660512 0.06406250000000001
2 0.0633245382585752 0.87109375 0.03342128408091469 0.0703125
0 0.4278803869832894 0.51484375 0.03605980650835532 0.051562500000000004
0 0.5413368513632366 0.6218750000000001 0.04309586631486368 0.053125000000000006
0 0.6855760773966579 0.66328125 0.044854881266490766 0.0578125
0 0.810905892700088 0.7664062500000001 0.04221635883905013 0.0484375
0 0.9683377308707124 0.89453125 0.0474934036939314 0.0578125
0 0.8025505716798593 0.8375 0.04661389621811786 0.05625
