0 0.3562005277044855 0.34296875000000004 0.04397537379067722 0.06406250000000001
0 0.3975373790677221 0.4734375 0.04573438874230431 0.053125000000000006
0 0.47757255936675463 0.55703125 0.04573438874230431 0.0546875
0 0.5400175901495163 0.53125 0.04221635883905013 0.053125000000000006
0 0.9406332453825857 0.86640625 0.048372911169744945 0.0546875
0 0.7313104661389622 0.78828125 0.04661389621811786 0.0578125
2 0.06288478452066842 0.8656250000000001 0.030782761653474055 0.065625
0 0.09366754617414248 0.78828125 0.032541776605101144 0.06406250000000001
0 0.12093227792436237 0.7156250000000001 0.03605980650835532 0.07187500000000001
0 0.15391380826737028 0.628125 0.03518029903254178 0.07500000000000001
0 0.13984168865435356 0.08750000000000001 0.036939313984168866 0.059375000000000004
