0 0.10070360598065084 0.045312500000000006 0.03781882145998241 0.059375000000000004
0 0.1600703605980651 0.20078125000000002 0.03869832893579596 0.0578125
0 0.21503957783641162 0.19609375 0.03605980650835532 0.0546875
0 0.15303430079155675 0.6390625000000001 0.03518029903254178 0.07187500000000001
0 0.12181178540017591 0.7210937500000001 0.03605980650835532 0.0734375
0 0.09410729991204926 0.7914062500000001 0.029903254177660512 0.060937500000000006
2 0.06112576956904134 0.8695312500000001 0.030782761653474055 0.0671875
0 0.33773087071240104 0.34375 0.04397537379067722 0.05625
0 0.5224274406332454 0.52578125 0.04221635883905013 0.0546875
0 0.9239226033421285 0.86328125 0.04309586631486368 0.045312500000000006
0 0.9766930518909411 0.9750000000000001 0.044854881266490766 0.046875
