0 0.0369393139842 0.02421875 0.0439753737907 0.0484375
0 0.0751978891821 0.01640625 0.0360598065084 0.0328125
0 0.105980650836 0.115625 0.0430958663149 0.065625
0 0.328056288478 0.4125 0.0422163588391 0.059375
0 0.419085312225 0.42109375 0.0413368513632 0.0546875
0 0.667546174142 0.63828125 0.0474934036939 0.0609375
0 0.877308707124 0.8171875 0.0448548812665 0.05625
2 0.0620052770449 0.87265625 0.0343007915567 0.0671875
0 0.0936675461741 0.790625 0.0307827616535 0.065625
0 0.151715039578 0.63359375 0.0360598065084 0.0703125
0 0.121372031662 0.7171875 0.0369393139842 0.075
