0 0.281882145998 0.2578125 0.0413368513632 0.05625
0 0.459542656113 0.46015625 0.0430958663149 0.0546875
0 0.497361477573 0.56953125 0.0483729111697 0.0609375
0 0.580474934037 0.6484375 0.0492524186456 0.05625
0 0.152594547054 0.63203125 0.0360598065084 0.0734375
2 0.0615655233069 0.86484375 0.0316622691293 0.0671875
0 0.09454705365 0.784375 0.0325417766051 0.065625
0 0.123131046614 0.71484375 0.0351802990325 0.0703125
0 0.864995602463 0.80546875 0.0430958663149 0.0546875
0 0.839489885664 0.87421875 0.0466138962181 0.0546875
0 0.981530343008 0.9109375 0.0351802990325 0.046875
