0 0.153474054529 0.634375 0.03781882146 0.06875
0 0.1218117854 0.7140625 0.03781882146 0.071875
0 0.094107299912 0.7875 0.0334212840809 0.0625
2 0.0615655233069 0.86875 0.0316622691293 0.065625
0 0.120932277924 0.1328125 0.0395778364116 0.059375
0 0.193931398417 0.23671875 0.0395778364116 0.0609375
0 0.346525945471 0.34375 0.0369393139842 0.05
0 0.422163588391 0.5109375 0.0457343887423 0.05625
0 0.58619173263 0.56953125 0.0448548812665 0.0546875
0 0.793755496922 0.7484375 0.0483729111697 0.05625
