0 0.16666666666666669 0.16796875 0.03605980650835532 0.0546875
0 0.22427440633245382 0.17265625 0.03869832893579596 0.0578125
0 0.3786279683377309 0.36953125000000003 0.04133685136323659 0.060937500000000006
0 0.5338610378188214 0.15390625000000002 0.03342128408091469 0.060937500000000006
0 0.5567282321899737 0.54921875 0.036939313984168866 0.045312500000000006
0 0.48021108179419525 0.5593750000000001 0.036939313984168866 0.053125000000000006
0 0.6424802110817942 0.6156250000000001 0.04309586631486368 0.05625
0 0.5905892700087951 0.6687500000000001 0.044854881266490766 0.05
0 0.915127528583993 0.9343750000000001 0.04309586631486368 0.05
2 0.8117854001759015 0.76875 0.06508355321020229 0.07187500000000001
0 0.7330694810905893 0.7859375000000001 0.04661389621811786 0.053125000000000006
2 0.13720316622691295 0.940625 0.03342128408091469 0.065625
0 0.167985927880387 0.8609375 0.029903254177660512 0.0625
0 0.19525065963060687 0.7898437500000001 0.03342128408091469 0.0765625
0 0.22559366754617416 0.70625 0.03430079155672824 0.07187500000000001
