0 0.22295514511873352 0.71015625 0.03605980650835532 0.0703125
0 0.193051890941073 0.7921875 0.03605980650835532 0.07500000000000001
0 0.1649076517150396 0.8671875 0.030782761653474055 0.059375000000000004
2 0.133245382585752 0.9476562500000001 0.030782761653474055 0.0671875
0 0.21284080914687775 0.16562500000000002 0.036939313984168866 0.05625
0 0.36323658751099386 0.35078125000000004 0.04221635883905013 0.0578125
0 0.4599824098504838 0.31484375000000003 0.036939313984168866 0.0703125
0 0.4718557607739666 0.4765625 0.04133685136323659 0.05625
0 0.48197009674582236 0.5625 0.04573438874230431 0.059375000000000004
0 0.5769569041336852 0.6578125 0.04925241864555849 0.065625
0 0.810905892700088 0.7718750000000001 0.04573438874230431 0.059375000000000004
0 0.8328935795954266 0.8757812500000001 0.040457343887423045 0.051562500000000004
0 0.6244503078276166 0.61640625 0.040457343887423045 0.0546875
