2 0.26209322779243627 0.84375 0.04925241864555849 0.09062500000000001
0 0.2216358839050132 0.70703125 0.03342128408091469 0.0734375
0 0.1904133685136324 0.7890625 0.03781882145998241 0.07187500000000001
0 0.16358839050131926 0.8601562500000001 0.0316622691292876 0.06406250000000001
2 0.133245382585752 0.94296875 0.030782761653474055 0.06406250000000001
3 0.2559366754617414 0.21875 0.0316622691292876 0.05
0 0.4656992084432718 0.28203125 0.030782761653474055 0.0578125
0 0.94415127528584 0.9617187500000001 0.048372911169744945 0.0578125
0 0.7519788918205805 0.7234375000000001 0.04397537379067722 0.059375000000000004
0 0.9278803869832895 0.8671875 0.052770448548812667 0.0625
