0 0.24362357080035182 0.20546875 0.03869832893579596 0.06406250000000001
0 0.39841688654353563 0.39375000000000004 0.03869832893579596 0.05625
0 0.4604221635883905 0.31484375000000003 0.03430079155672824 0.0671875
0 0.32409850483729113 0.390625 0.03430079155672824 0.05
0 0.22427440633245382 0.7117187500000001 0.036939313984168866 0.0734375
0 0.19349164467897978 0.7953125000000001 0.03518029903254178 0.07187500000000001
0 0.16534740545294635 0.86875 0.03518029903254178 0.06875
2 0.13412489006156553 0.9453125 0.032541776605101144 0.065625
0 0.5492524186455585 0.55 0.04309586631486368 0.05
0 0.6424802110817942 0.6234375000000001 0.0395778364116095 0.053125000000000006
0 0.8777484608619174 0.82734375 0.04925241864555849 0.0546875
0 0.9810905892700088 0.91171875 0.03605980650835532 0.045312500000000006
0 0.08487247141600704 0.06640625 0.04309586631486368 0.0671875
