0 0.459102902375 0.3171875 0.0351802990325 0.071875
0 0.50835532102 0.5109375 0.0439753737907 0.05625
0 0.671503957784 0.65234375 0.0448548812665 0.0546875
5 0.63236587511 0.70546875 0.0738786279683 0.0828125
0 0.826297273527 0.78046875 0.0466138962181 0.0578125
0 0.921723834653 0.85625 0.0474934036939 0.05625
0 0.223834652595 0.71015625 0.0360598065084 0.0765625
0 0.193491644679 0.79453125 0.0369393139842 0.0703125
0 0.164907651715 0.8671875 0.0325417766051 0.0625
2 0.133685136324 0.94765625 0.0334212840809 0.0671875
0 0.169305189094 0.1109375 0.0360598065084 0.05625
0 0.0576077396658 0.028125 0.03781882146 0.05625
