0 0.4859278803869833 0.4890625 0.03781882145998241 0.05625
0 0.5782761653474054 0.56875 0.04133685136323659 0.053125000000000006
0 0.3913808267370273 0.47109375000000003 0.03518029903254178 0.051562500000000004
0 0.459542656112577 0.3171875 0.03430079155672824 0.07187500000000001
0 0.3324538258575198 0.31562500000000004 0.040457343887423045 0.05625
0 0.22383465259454707 0.7125 0.03430079155672824 0.07187500000000001
0 0.19393139841688656 0.79453125 0.03605980650835532 0.0703125
0 0.16578715919085313 0.8695312500000001 0.032541776605101144 0.0671875
2 0.13500439753737908 0.94921875 0.032541776605101144 0.0703125
0 0.04133685136323659 0.021875000000000002 0.040457343887423045 0.043750000000000004
0 0.15391380826737028 0.1640625 0.04221635883905013 0.06875
0 0.17678100263852242 0.11640625 0.036939313984168866 0.0578125
0 0.8038698328935796 0.7671875 0.0474934036939314 0.05625
0 0.9199648197009676 0.859375 0.04925241864555849 0.059375000000000004
