0 0.4573438874230431 0.3125 0.03518029903254178 0.065625
0 0.5861917326297273 0.09140625000000001 0.03781882145998241 0.0734375
2 0.26297273526824977 0.22421875000000002 0.04925241864555849 0.0734375
0 0.14028144239226034 0.16015625 0.0395778364116095 0.060937500000000006
0 0.22823218997361477 0.26484375 0.04133685136323659 0.0578125
0 0.3452066842568162 0.41171875 0.0395778364116095 0.0578125
0 0.4520668425681619 0.5359375000000001 0.04221635883905013 0.059375000000000004
2 0.1358839050131926 0.94453125 0.030782761653474055 0.06406250000000001
0 0.16754617414248021 0.8625 0.030782761653474055 0.06875
0 0.19437115215479334 0.790625 0.03518029903254178 0.07187500000000001
0 0.2264731750219877 0.70703125 0.03430079155672824 0.0734375
0 0.7581354441512753 0.8093750000000001 0.04221635883905013 0.053125000000000006
