2 0.446789797713 0.44921875 0.0545294635004 0.0703125
0 0.492084432718 0.31015625 0.0307827616535 0.0734375
0 0.461301671064 0.31328125 0.0325417766051 0.0703125
0 0.271767810026 0.32109375 0.0386983289358 0.0578125
0 0.543095866315 0.62421875 0.0413368513632 0.0515625
2 0.136323658751 0.94140625 0.0334212840809 0.0671875
0 0.226033421284 0.70625 0.0351802990325 0.078125
0 0.196130167106 0.78984375 0.0369393139842 0.0734375
0 0.169305189094 0.86171875 0.0325417766051 0.0703125
0 0.145118733509 0.1484375 0.0386983289358 0.0625
