0 0.2216358839050132 0.70625 0.03869832893579596 0.07187500000000001
0 0.1899736147757256 0.790625 0.036939313984168866 0.07500000000000001
0 0.16270888302550574 0.8601562500000001 0.03342128408091469 0.0671875
2 0.13236587510993844 0.9390625 0.03430079155672824 0.065625
2 0.4252418645558487 0.4421875 0.04309586631486368 0.078125
0 0.5263852242744064 0.53125 0.04133685136323659 0.05625
0 0.5844327176781003 0.5906250000000001 0.0395778364116095 0.05
0 0.6350043975373791 0.6273437500000001 0.04573438874230431 0.0578125
0 0.7225153913808268 0.70625 0.04309586631486368 0.05625
0 0.42392260334212845 0.371875 0.0316622691292876 0.05625
3 0.5488126649076518 0.10703125000000001 0.07387862796833773 0.1421875
