0 0.16094986807387865 0.1796875 0.036939313984168866 0.059375000000000004
0 0.4599824098504838 0.31328125 0.0316622691292876 0.0671875
0 0.42700087950747584 0.5085937500000001 0.04133685136323659 0.0546875
0 0.33465259454705365 0.415625 0.0395778364116095 0.0625
0 0.22427440633245382 0.7109375 0.03342128408091469 0.07187500000000001
0 0.19349164467897978 0.7921875 0.036939313984168866 0.07187500000000001
2 0.13544415127528583 0.9453125 0.0316622691292876 0.0625
0 0.16578715919085313 0.86484375 0.030782761653474055 0.0578125
0 0.548372911169745 0.6351562500000001 0.044854881266490766 0.0546875
0 0.6495162708883025 0.7250000000000001 0.04661389621811786 0.053125000000000006
0 0.9718557607739666 0.8992187500000001 0.040457343887423045 0.051562500000000004
