0 0.10202286719437116 0.02734375 0.03869832893579596 0.0546875
0 0.1266490765171504 0.12578125 0.036939313984168866 0.0578125
2 0.13544415127528583 0.9476562500000001 0.0316622691292876 0.0703125
0 0.1662269129287599 0.8656250000000001 0.03342128408091469 0.065625
0 0.22515391380826738 0.7093750000000001 0.03518029903254178 0.07187500000000001
0 0.19349164467897978 0.79296875 0.03342128408091469 0.0703125
0 0.4432717678100264 0.446875 0.040457343887423045 0.053125000000000006
0 0.459542656112577 0.3140625 0.03430079155672824 0.065625
0 0.598504837291117 0.59140625 0.044854881266490766 0.0546875
0 0.756816182937555 0.7265625 0.044854881266490766 0.053125000000000006
0 0.8478452066842569 0.79609375 0.04221635883905013 0.0484375
5 0.7233948988566403 0.7820312500000001 0.07475813544415127 0.0890625
