5 0.13940193491644678 0.1421875 0.07299912049252419 0.109375
0 0.301231310466139 0.275 0.03430079155672824 0.059375000000000004
0 0.459542656112577 0.31484375000000003 0.03430079155672824 0.0703125
0 0.22383465259454707 0.70859375 0.032541776605101144 0.0703125
0 0.5501319261213721 0.55234375 0.04133685136323659 0.051562500000000004
0 0.19261213720316622 0.7937500000000001 0.03869832893579596 0.07500000000000001
0 0.16710642040457344 0.86640625 0.029903254177660512 0.0671875
2 0.13368513632365875 0.9460937500000001 0.029903254177660512 0.0671875
0 0.8333333333333334 0.8835937500000001 0.044854881266490766 0.0484375
0 0.9467897977132806 0.88671875 0.048372911169744945 0.0578125
