2 0.281882145998 0.34296875 0.0501319261214 0.0765625
0 0.459542656113 0.3109375 0.0343007915567 0.06875
0 0.464819700967 0.46171875 0.0395778364116 0.0515625
0 0.267370272647 0.2375 0.0369393139842 0.0625
0 0.224274406332 0.7078125 0.0351802990325 0.075
0 0.192172383465 0.79140625 0.0360598065084 0.0734375
0 0.165347405453 0.86640625 0.0334212840809 0.0609375
2 0.133685136324 0.94609375 0.0316622691293 0.0703125
0 0.114335971856 0.0375 0.0386983289358 0.06875
0 0.886983289358 0.92421875 0.0466138962181 0.0546875
0 0.98109058927 0.91640625 0.0360598065084 0.0609375
0 0.970976253298 0.97890625 0.0492524186456 0.0390625
