2 0.7326297273526825 0.7046875 0.0633245382585752 0.078125
0 0.7330694810905893 0.7937500000000001 0.044854881266490766 0.05625
0 0.6134564643799473 0.6820312500000001 0.0395778364116095 0.051562500000000004
0 0.5620052770448549 0.5437500000000001 0.04397537379067722 0.0625
0 0.4489885664028144 0.44375000000000003 0.03430079155672824 0.046875
0 0.4859278803869833 0.25859375 0.03605980650835532 0.0703125
0 0.24978012313104664 0.20703125 0.03869832893579596 0.0546875
0 0.23878627968337732 0.2625 0.03781882145998241 0.053125000000000006
0 0.09630606860158311 0.014843750000000001 0.03605980650835532 0.029687500000000002
0 0.2264731750219877 0.7078125000000001 0.03430079155672824 0.07500000000000001
0 0.19613016710642042 0.7890625 0.03518029903254178 0.07187500000000001
0 0.16710642040457344 0.85859375 0.0316622691292876 0.06406250000000001
2 0.13676341248900617 0.9421875000000001 0.032541776605101144 0.06875
0 0.8689533861037819 0.8953125000000001 0.0474934036939314 0.053125000000000006
