2 0.103342128408 0.103125 0.051890941073 0.078125
0 0.158751099384 0.08671875 0.0395778364116 0.0703125
0 0.255057167986 0.22578125 0.0404573438874 0.0671875
0 0.459102902375 0.3140625 0.0334212840809 0.06875
0 0.408531222515 0.40859375 0.0413368513632 0.0546875
0 0.223394898857 0.70859375 0.0369393139842 0.0703125
0 0.193491644679 0.79375 0.0351802990325 0.075
0 0.163588390501 0.86796875 0.0351802990325 0.0671875
2 0.13236587511 0.946875 0.0307827616535 0.0625
0 0.606420404573 0.5984375 0.0430958663149 0.05625
0 0.725593667546 0.78671875 0.0457343887423 0.0546875
0 0.81310466139 0.8578125 0.0501319261214 0.0625
