2 0.34432717678100266 0.63828125 0.04309586631486368 0.0890625
2 0.13148636763412488 0.94140625 0.030782761653474055 0.0671875
0 0.5364995602462621 0.54296875 0.04397537379067722 0.0546875
0 0.6855760773966579 0.67578125 0.048372911169744945 0.060937500000000006
0 0.6174142480211082 0.6218750000000001 0.03869832893579596 0.053125000000000006
0 0.8509234828496043 0.8171875000000001 0.044854881266490766 0.059375000000000004
0 0.465259454705365 0.28828125 0.028144239226033423 0.0546875
3 0.23043095866314864 0.18281250000000002 0.03342128408091469 0.0625
0 0.16226912928759896 0.86328125 0.032541776605101144 0.0734375
0 0.22251539138082674 0.7093750000000001 0.036939313984168866 0.08125
0 0.1917326297273527 0.7890625 0.03518029903254178 0.07500000000000001
3 0.5993843447669306 0.017968750000000002 0.032541776605101144 0.035937500000000004
