0 0.223834652595 0.71015625 0.0360598065084 0.0703125
0 0.193051890941 0.7921875 0.0360598065084 0.071875
0 0.164467897977 0.865625 0.0334212840809 0.06875
2 0.135444151275 0.94609375 0.0316622691293 0.0671875
0 0.460861917326 0.31328125 0.0334212840809 0.0640625
0 0.518469656992 0.6171875 0.0395778364116 0.053125
0 0.579155672823 0.5703125 0.0413368513632 0.053125
0 0.930958663149 0.9578125 0.0466138962181 0.05625
0 0.848284960422 0.80234375 0.0501319261214 0.0578125
0 0.787159190853 0.8265625 0.0457343887423 0.05625
0 0.678979771328 0.76796875 0.0439753737907 0.0546875
