2 0.1218117854 0.04296875 0.03781882146 0.0546875
0 0.181618293755 0.20625 0.0343007915567 0.059375
0 0.247141600704 0.2171875 0.0369393139842 0.065625
0 0.359718557608 0.35078125 0.0404573438874 0.0609375
0 0.322339489886 0.38984375 0.0360598065084 0.0640625
0 0.430958663149 0.515625 0.0404573438874 0.05625
0 0.550571679859 0.55 0.0439753737907 0.059375
2 0.13236587511 0.94765625 0.0325417766051 0.0703125
0 0.223394898857 0.70546875 0.0351802990325 0.0796875
0 0.190413368514 0.78828125 0.0413368513632 0.0765625
0 0.163148636763 0.86171875 0.0325417766051 0.0671875
