0 0.3091468777484609 0.2921875 0.0395778364116095 0.0625
0 0.4599824098504838 0.31484375000000003 0.0316622691292876 0.0671875
0 0.4639401934916447 0.46406250000000004 0.0395778364116095 0.053125000000000006
0 0.2598944591029024 0.31015625 0.03605980650835532 0.0546875
0 0.22383465259454707 0.7117187500000001 0.03430079155672824 0.0734375
2 0.13412489006156553 0.9476562500000001 0.032541776605101144 0.0671875
0 0.16578715919085313 0.8679687500000001 0.032541776605101144 0.0671875
0 0.19349164467897978 0.7937500000000001 0.03518029903254178 0.07187500000000001
0 0.9511873350923483 0.8890625000000001 0.051890941072999124 0.0625
5 0.9142480211081795 0.9390625 0.07651715039577837 0.084375
0 0.6156552330694811 0.6101562500000001 0.04221635883905013 0.051562500000000004
0 0.7093227792436236 0.68125 0.04133685136323659 0.053125000000000006
