0 0.896218117854 0.8390625 0.0492524186456 0.059375
0 0.96437994723 0.98046875 0.0483729111697 0.0359375
0 0.223394898857 0.7078125 0.0334212840809 0.078125
0 0.192612137203 0.79375 0.0351802990325 0.075
0 0.164907651715 0.86484375 0.0325417766051 0.0640625
2 0.135004397537 0.94609375 0.0343007915567 0.0671875
2 0.371591908531 0.4546875 0.0483729111697 0.075
0 0.39709762533 0.38828125 0.03781882146 0.0546875
0 0.45998240985 0.31328125 0.0334212840809 0.0703125
0 0.19744942832 0.14765625 0.03781882146 0.0546875
