2 0.332893579595 0.67265625 0.0466138962181 0.0890625
0 0.298592788039 0.28125 0.0430958663149 0.0625
0 0.465699208443 0.28671875 0.0307827616535 0.0609375
0 0.513632365875 0.5203125 0.0439753737907 0.059375
0 0.854881266491 0.815625 0.0492524186456 0.0625
0 0.685576077397 0.7515625 0.0466138962181 0.05625
0 0.976253298153 0.91953125 0.0457343887423 0.0546875
3 0.76473175022 0.73671875 0.0413368513632 0.0515625
2 0.13016710642 0.9453125 0.0316622691293 0.065625
0 0.220756376429 0.70859375 0.0351802990325 0.0765625
0 0.190413368514 0.79296875 0.0360598065084 0.0734375
0 0.16182937555 0.86640625 0.0316622691293 0.0640625
0 0.145558487247 0.08125 0.0343007915567 0.05
