2 0.12313104661389622 0.0390625 0.05101143359718558 0.07500000000000001
0 0.08751099384344767 0.07890625000000001 0.03605980650835532 0.0546875
0 0.2695690413368514 0.3375 0.03781882145998241 0.0625
0 0.3641160949868074 0.434375 0.03869832893579596 0.059375000000000004
0 0.22515391380826738 0.7093750000000001 0.03342128408091469 0.07187500000000001
0 0.1948109058927001 0.790625 0.03430079155672824 0.07187500000000001
2 0.1345646437994723 0.94453125 0.0316622691292876 0.06406250000000001
0 0.1662269129287599 0.8625 0.0316622691292876 0.0625
0 0.5804749340369394 0.6648437500000001 0.04397537379067722 0.0546875
0 0.4599824098504838 0.3140625 0.03342128408091469 0.065625
0 0.47889182058047497 0.5632812500000001 0.04309586631486368 0.060937500000000006
0 0.9252418645558488 0.9437500000000001 0.04397537379067722 0.05
