0 0.22427440633245382 0.71015625 0.03518029903254178 0.0765625
0 0.19349164467897978 0.79453125 0.036939313984168866 0.0734375
0 0.16446789797713282 0.8679687500000001 0.03342128408091469 0.0671875
2 0.13368513632365875 0.94921875 0.03342128408091469 0.0703125
0 0.19437115215479334 0.21640625000000002 0.03518029903254178 0.0578125
0 0.459542656112577 0.31562500000000004 0.03605980650835532 0.065625
0 0.37598944591029027 0.37343750000000003 0.04133685136323659 0.059375000000000004
0 0.5299032541776605 0.5265625 0.04309586631486368 0.059375000000000004
0 0.6873350923482849 0.6687500000000001 0.04661389621811786 0.05625
0 0.7783641160949868 0.73828125 0.04397537379067722 0.060937500000000006
5 0.8201407211961302 0.85859375 0.0712401055408971 0.0890625
