0 0.17546174142480211 0.1953125 0.03430079155672824 0.053125000000000006
0 0.256816182937555 0.30234375 0.040457343887423045 0.0578125
0 0.35224274406332456 0.3515625 0.04133685136323659 0.059375000000000004
0 0.3597185576077397 0.4296875 0.03342128408091469 0.05
0 0.4599824098504838 0.465625 0.040457343887423045 0.05
0 0.6292875989445911 0.6171875 0.044854881266490766 0.05625
2 0.133245382585752 0.94296875 0.03430079155672824 0.0703125
0 0.16314863676341249 0.86640625 0.032541776605101144 0.0703125
0 0.22295514511873352 0.7039062500000001 0.03781882145998241 0.0765625
0 0.1917326297273527 0.7875000000000001 0.03518029903254178 0.07187500000000001
2 0.2453825857519789 0.21171875 0.03869832893579596 0.0578125
