0 0.14775725593667546 0.07968750000000001 0.03518029903254178 0.059375000000000004
0 0.29419525065963065 0.2671875 0.0395778364116095 0.065625
0 0.4599824098504838 0.3125 0.0316622691292876 0.06875
0 0.39797713280562885 0.39453125 0.0395778364116095 0.0578125
0 0.2216358839050132 0.7078125000000001 0.036939313984168866 0.07500000000000001
0 0.1917326297273527 0.7914062500000001 0.03518029903254178 0.0765625
0 0.16534740545294635 0.86875 0.03342128408091469 0.07187500000000001
2 0.13104661389621813 0.9500000000000001 0.03518029903254178 0.06875
0 0.7453825857519789 0.7171875000000001 0.04661389621811786 0.05625
0 0.6543535620052771 0.7273437500000001 0.05101143359718558 0.060937500000000006
0 0.5514511873350924 0.5515625000000001 0.04221635883905013 0.059375000000000004
0 0.5606860158311346 0.63984375 0.044854881266490766 0.0578125
0 0.9124890061565524 0.940625 0.0395778364116095 0.053125000000000006
