3 0.564643799472 0.07109375 0.0721196130167 0.1296875
0 0.439753737907 0.3390625 0.0299032541777 0.065625
0 0.524626209323 0.53515625 0.0430958663149 0.0546875
0 0.585751978892 0.590625 0.0386983289358 0.053125
0 0.635444151275 0.63125 0.0466138962181 0.053125
0 0.7436235708 0.72890625 0.0430958663149 0.0578125
0 0.222515391381 0.70546875 0.0351802990325 0.0734375
0 0.190853122252 0.790625 0.0334212840809 0.078125
0 0.162708883026 0.8640625 0.0334212840809 0.06875
2 0.131926121372 0.9421875 0.0334212840809 0.065625
2 0.39709762533 0.50703125 0.0466138962181 0.0859375
