0 0.5457343887423043 0.17578125 0.03781882145998241 0.0734375
0 0.459542656112577 0.31484375000000003 0.032541776605101144 0.0671875
2 0.3306948109058927 0.30859375 0.052770448548812667 0.0734375
0 0.27924362357080035 0.328125 0.03430079155672824 0.05625
0 0.3909410729991205 0.47421875 0.0395778364116095 0.0578125
0 0.22559366754617416 0.7078125000000001 0.03430079155672824 0.07187500000000001
0 0.19569041336851364 0.7898437500000001 0.03430079155672824 0.0703125
0 0.16754617414248021 0.8617187500000001 0.032541776605101144 0.060937500000000006
2 0.1363236587510994 0.94453125 0.0316622691292876 0.0671875
0 0.681618293755497 0.74375 0.040457343887423045 0.05
0 0.16270888302550574 0.17343750000000002 0.040457343887423045 0.0625
0 0.0681618293755497 0.0578125 0.03781882145998241 0.065625
