0 0.28100263852242746 0.25703125 0.0395778364116095 0.060937500000000006
0 0.4648197009674582 0.28671875 0.030782761653474055 0.0578125
2 0.33201407211961304 0.6734375 0.04661389621811786 0.09062500000000001
0 0.22207563764292 0.70625 0.03430079155672824 0.07187500000000001
0 0.1904133685136324 0.79296875 0.03430079155672824 0.07968750000000001
0 0.16226912928759896 0.8640625000000001 0.032541776605101144 0.065625
2 0.13060686015831136 0.9460937500000001 0.032541776605101144 0.0671875
3 0.5277044854881267 0.52265625 0.036939313984168866 0.045312500000000006
0 0.6666666666666667 0.6531250000000001 0.04397537379067722 0.053125000000000006
0 0.7871591908531222 0.76328125 0.04573438874230431 0.0546875
0 0.9265611257695691 0.94921875 0.04309586631486368 0.0546875
0 0.8579595426561126 0.8140625 0.05013192612137203 0.0625
