0 0.3566402814423923 0.353125 0.03781882145998241 0.059375000000000004
0 0.4656992084432718 0.28359375000000003 0.030782761653474055 0.060937500000000006
2 0.33333333333333337 0.6742187500000001 0.04397537379067722 0.0859375
0 0.22119613016710643 0.70859375 0.032541776605101144 0.0734375
0 0.19217238346525947 0.7937500000000001 0.032541776605101144 0.08125
2 0.1297273526824978 0.9460937500000001 0.032541776605101144 0.0671875
0 0.1613896218117854 0.86640625 0.030782761653474055 0.06406250000000001
0 0.1517150395778364 0.0859375 0.03781882145998241 0.05625
3 0.6112576956904134 0.6023437500000001 0.04221635883905013 0.0484375
0 0.841688654353562 0.8078125 0.04221635883905013 0.05
0 0.8469656992084433 0.8835937500000001 0.0474934036939314 0.0546875
0 0.7233948988566403 0.7054687500000001 0.044854881266490766 0.060937500000000006
0 0.9160070360598066 0.86328125 0.05013192612137203 0.0578125
