0 0.39489885664 0.3890625 0.0386983289358 0.05625
0 0.361037818821 0.43515625 0.0448548812665 0.0578125
0 0.459542656113 0.31328125 0.0360598065084 0.0671875
0 0.290677220756 0.26015625 0.03781882146 0.0609375
0 0.250219876869 0.28984375 0.0395778364116 0.0609375
0 0.224274406332 0.7125 0.0369393139842 0.075
0 0.192172383465 0.79296875 0.03781882146 0.0734375
2 0.134564643799 0.95078125 0.0334212840809 0.0703125
0 0.165787159191 0.86875 0.0343007915567 0.065625
0 0.580035180299 0.57421875 0.0430958663149 0.0515625
0 0.600263852243 0.6828125 0.0430958663149 0.05625
0 0.699208443272 0.67890625 0.0492524186456 0.0578125
0 0.833773087071 0.79140625 0.0474934036939 0.0609375
0 0.130606860158 0.053125 0.0413368513632 0.059375
