0 0.08443271767810026 0.059375000000000004 0.036939313984168866 0.059375000000000004
0 0.1411609498680739 0.05390625 0.03430079155672824 0.0546875
0 0.2906772207563764 0.253125 0.03781882145998241 0.059375000000000004
0 0.27000879507475817 0.30625 0.03342128408091469 0.05
0 0.3689533861037819 0.43125 0.04133685136323659 0.05625
0 0.4419525065963061 0.4453125 0.04133685136323659 0.05625
0 0.4876868953386104 0.5703125 0.04309586631486368 0.05625
0 0.565523306948109 0.55703125 0.04573438874230431 0.0484375
0 0.6499560246262094 0.71875 0.040457343887423045 0.053125000000000006
0 0.6846965699208444 0.66015625 0.03430079155672824 0.045312500000000006
0 0.7519788918205805 0.71640625 0.0474934036939314 0.0578125
2 0.9494283201407212 0.8812500000000001 0.0712401055408971 0.078125
0 0.22735268249780125 0.703125 0.03430079155672824 0.06875
0 0.19613016710642042 0.7875000000000001 0.036939313984168866 0.07187500000000001
0 0.16886543535620052 0.8609375 0.0316622691292876 0.06875
2 0.13676341248900617 0.9398437500000001 0.030782761653474055 0.0671875
