5 0.370712401055409 0.446875 0.07475813544415127 0.096875
0 0.45822339489885666 0.3125 0.03342128408091469 0.06875
0 0.3619173262972735 0.35625 0.04133685136323659 0.05625
0 0.22427440633245382 0.7109375 0.036939313984168866 0.07187500000000001
2 0.13368513632365875 0.946875 0.0316622691292876 0.065625
0 0.16402814423922604 0.8671875 0.030782761653474055 0.06875
0 0.193051890941073 0.7921875 0.03430079155672824 0.07187500000000001
0 0.10598065083553211 0.0203125 0.03430079155672824 0.040625
0 0.7233948988566403 0.69921875 0.04661389621811786 0.0578125
0 0.8909410729991205 0.8390625 0.0474934036939314 0.05625
