2 0.332893579595 0.67578125 0.0466138962181 0.0921875
0 0.435356200528 0.4421875 0.0439753737907 0.053125
0 0.464819700967 0.28671875 0.0307827616535 0.0578125
0 0.223834652595 0.1859375 0.03781882146 0.05625
0 0.222075637643 0.7125 0.0343007915567 0.071875
2 0.131926121372 0.94609375 0.0316622691293 0.0703125
0 0.188654353562 0.79453125 0.0343007915567 0.0765625
0 0.160949868074 0.8671875 0.0316622691293 0.06875
0 0.766930518909 0.81875 0.0439753737907 0.05
0 0.787598944591 0.75859375 0.0448548812665 0.0546875
3 0.691292875989 0.67421875 0.0404573438874 0.0515625
0 0.906332453826 0.8625 0.0413368513632 0.046875
0 0.979331574318 0.91875 0.0395778364116 0.059375
