2 0.0620052770449 0.865625 0.0307827616535 0.06875
0 0.0927880386983 0.78828125 0.0307827616535 0.0640625
0 0.122251539138 0.715625 0.0369393139842 0.075
0 0.153034300792 0.63359375 0.0369393139842 0.0734375
0 0.138962181179 0.08046875 0.0404573438874 0.0609375
0 0.298592788039 0.2890625 0.03781882146 0.059375
0 0.71635883905 0.6796875 0.0448548812665 0.053125
0 0.714599824099 0.75625 0.0448548812665 0.05625
0 0.832893579595 0.7859375 0.0386983289358 0.053125
0 0.80035180299 0.8296875 0.0510114335972 0.059375
