0 0.5690413368513633 0.0859375 0.03342128408091469 0.07187500000000001
0 0.22691292875989447 0.7054687500000001 0.0316622691292876 0.0671875
0 0.19613016710642042 0.78828125 0.0316622691292876 0.0765625
0 0.16974494283201408 0.859375 0.03518029903254178 0.06875
2 0.13676341248900617 0.94296875 0.030782761653474055 0.0734375
0 0.13852242744063326 0.1328125 0.03605980650835532 0.05
0 0.2832014072119613 0.25 0.03869832893579596 0.059375000000000004
0 0.11169744942832015 0.025781250000000002 0.040457343887423045 0.051562500000000004
0 0.4340369393139842 0.434375 0.04309586631486368 0.059375000000000004
0 0.4199648197009675 0.49296875 0.03430079155672824 0.051562500000000004
0 0.602462620932278 0.58984375 0.03518029903254178 0.0484375
0 0.5250659630606861 0.6078125000000001 0.04221635883905013 0.059375000000000004
0 0.6798592788038699 0.6484375 0.04573438874230431 0.059375000000000004
0 0.6649076517150396 0.7265625 0.05101143359718558 0.05625
2 0.8460861917326298 0.7937500000000001 0.06860158311345647 0.08125
0 0.8430079155672824 0.8757812500000001 0.04309586631486368 0.0484375
