0 0.11125769569 0.0921875 0.0307827616535 0.05
0 0.2436235708 0.19609375 0.0334212840809 0.0546875
0 0.220316622691 0.2421875 0.0360598065084 0.05625
0 0.324098504837 0.37890625 0.0360598065084 0.0484375
0 0.532541776605 0.5171875 0.0395778364116 0.053125
0 0.496042216359 0.57890625 0.0404573438874 0.0609375
3 0.653913808267 0.71328125 0.0395778364116 0.0515625
0 0.827616534741 0.78125 0.0474934036939 0.059375
0 0.79419525066 0.83125 0.0457343887423 0.053125
0 0.909850483729 0.93203125 0.0430958663149 0.0546875
2 0.135004397537 0.93671875 0.0343007915567 0.0671875
0 0.166226912929 0.85546875 0.0316622691293 0.0671875
0 0.194371152155 0.78203125 0.0351802990325 0.0765625
0 0.226473175022 0.7 0.0343007915567 0.075
