3 0.4023746701846966 0.34921875 0.09058927000879508 0.07968750000000001
3 0.49032541776605104 0.246875 0.03781882145998241 0.08125
0 0.2233948988566403 0.7046875 0.03518029903254178 0.07187500000000001
0 0.19217238346525947 0.78828125 0.03430079155672824 0.0703125
0 0.16534740545294635 0.8609375 0.03342128408091469 0.065625
0 0.1789797713280563 0.9390625 0.032541776605101144 0.065625
2 0.13368513632365875 0.9390625 0.0316622691292876 0.065625
0 0.6886543535620053 0.67578125 0.04221635883905013 0.0546875
0 0.6367634124890061 0.628125 0.04573438874230431 0.05625
0 0.5795954265611258 0.584375 0.03869832893579596 0.046875
0 0.5263852242744064 0.53046875 0.04133685136323659 0.0578125
0 0.5699208443271768 0.06640625 0.03518029903254178 0.0703125
