0 0.159190853122 0.165625 0.0422163588391 0.0625
0 0.225153913808 0.2859375 0.0386983289358 0.0625
0 0.284080914688 0.340625 0.0404573438874 0.0625
0 0.164467897977 0.859375 0.0299032541777 0.065625
0 0.220756376429 0.71015625 0.0334212840809 0.0703125
0 0.190413368514 0.790625 0.0360598065084 0.06875
0 0.525065963061 0.53359375 0.0457343887423 0.0609375
0 0.578715919085 0.5859375 0.0422163588391 0.059375
3 0.847845206684 0.88671875 0.0562884784521 0.0640625
0 0.686455584872 0.678125 0.0413368513632 0.05625
0 0.635444151275 0.628125 0.0448548812665 0.05625
0 0.590589270009 0.02421875 0.0343007915567 0.0484375
2 0.131486367634 0.94375 0.0360598065084 0.065625
