0 0.229991204925 0.26875 0.0413368513632 0.059375
0 0.474934036939 0.25859375 0.0316622691293 0.0671875
0 0.463500439754 0.553125 0.0422163588391 0.059375
0 0.222075637643 0.70859375 0.0325417766051 0.0703125
0 0.191732629727 0.7953125 0.0351802990325 0.078125
0 0.163588390501 0.865625 0.0351802990325 0.06875
2 0.13236587511 0.94609375 0.0325417766051 0.0671875
0 0.167546174142 0.97578125 0.0290237467018 0.0453125
0 0.957343887423 0.9015625 0.0466138962181 0.05625
0 0.949428320141 0.9703125 0.051890941073 0.05625
