3 0.4309586631486368 0.503125 0.03342128408091469 0.05
0 0.544415127528584 0.5390625 0.036939313984168866 0.0625
0 0.544415127528584 0.6195312500000001 0.04397537379067722 0.0546875
0 0.6525945470536499 0.71875 0.0474934036939314 0.05625
0 0.8465259454705365 0.78828125 0.044854881266490766 0.0546875
0 0.8240985048372912 0.85078125 0.04573438874230431 0.0578125
0 0.9406332453825857 0.94921875 0.044854881266490766 0.051562500000000004
0 0.07255936675461742 0.040625 0.03605980650835532 0.05625
2 0.14863676341248902 0.029687500000000002 0.03342128408091469 0.053125000000000006
0 0.14028144239226034 0.13203125000000002 0.03781882145998241 0.060937500000000006
0 0.2106420404573439 0.15390625000000002 0.03605980650835532 0.0578125
0 0.26868953386103783 0.30312500000000003 0.0395778364116095 0.0625
0 0.22383465259454707 0.7015625000000001 0.03430079155672824 0.07187500000000001
0 0.193051890941073 0.784375 0.03605980650835532 0.07500000000000001
2 0.13500439753737908 0.93671875 0.032541776605101144 0.06406250000000001
0 0.16578715919085313 0.8578125000000001 0.032541776605101144 0.06875
