3 0.37906772207563766 0.44375000000000003 0.03518029903254178 0.05
0 0.5967458223394899 0.6703125000000001 0.044854881266490766 0.059375000000000004
0 0.49340369393139843 0.56796875 0.04397537379067722 0.0578125
0 0.627528583992964 0.6140625000000001 0.04133685136323659 0.046875
0 0.9199648197009676 0.84765625 0.04573438874230431 0.0546875
0 0.8733509234828496 0.89453125 0.04397537379067722 0.0546875
0 0.758575197889182 0.7984375 0.048372911169744945 0.053125000000000006
2 0.13412489006156553 0.93515625 0.029023746701846966 0.0671875
0 0.16578715919085313 0.8539062500000001 0.030782761653474055 0.06406250000000001
0 0.19393139841688656 0.7835937500000001 0.03605980650835532 0.0734375
0 0.22383465259454707 0.70078125 0.03605980650835532 0.0765625
2 0.22031662269129287 0.1234375 0.030782761653474055 0.046875
0 0.22295514511873352 0.24296875 0.0395778364116095 0.06406250000000001
0 0.28100263852242746 0.24453125 0.03605980650835532 0.060937500000000006
0 0.04529463500439754 0.014843750000000001 0.03430079155672824 0.029687500000000002
0 0.10466138962181179 0.08281250000000001 0.036939313984168866 0.05625
