0 0.0668425681618 0.03359375 0.0404573438874 0.0578125
0 0.165787159191 0.1609375 0.0360598065084 0.05625
0 0.205364995602 0.21171875 0.0360598065084 0.0546875
0 0.246701846966 0.2734375 0.0325417766051 0.05
0 0.301231310466 0.3453125 0.0343007915567 0.053125
5 0.536499560246 0.52265625 0.0791556728232 0.0921875
3 0.636763412489 0.6203125 0.0457343887423 0.053125
3 0.719437115215 0.66796875 0.0404573438874 0.0515625
0 0.406332453826 0.49296875 0.0386983289358 0.0546875
0 0.223834652595 0.69765625 0.0360598065084 0.0671875
0 0.193931398417 0.7828125 0.0343007915567 0.071875
2 0.134564643799 0.93359375 0.0316622691293 0.0703125
0 0.166666666667 0.85234375 0.0325417766051 0.0578125
