5 0.468777484609 0.4625 0.07563764292 0.096875
3 0.592788038698 0.58046875 0.0457343887423 0.0609375
3 0.634124890062 0.57421875 0.0386983289358 0.0515625
0 0.346086191733 0.4046875 0.03781882146 0.059375
0 0.105980650836 0.08671875 0.0395778364116 0.0609375
0 0.176341248901 0.1734375 0.0413368513632 0.0625
0 0.229111697449 0.24609375 0.0360598065084 0.0578125
0 0.285400175901 0.3234375 0.0360598065084 0.05625
2 0.133685136324 0.934375 0.0316622691293 0.065625
0 0.165347405453 0.85703125 0.0316622691293 0.0640625
0 0.193491644679 0.78203125 0.0334212840809 0.0734375
0 0.224274406332 0.7015625 0.0334212840809 0.075
0 0.317502198769 0.659375 0.0369393139842 0.071875
