0 0.5255057167985928 0.534375 0.03781882145998241 0.05
3 0.6002638522427441 0.6984375 0.051890941072999124 0.065625
0 0.20404573438874232 0.259375 0.04221635883905013 0.06875
0 0.2854001759014952 0.34140625 0.03781882145998241 0.06406250000000001
0 0.2216358839050132 0.7078125000000001 0.03518029903254178 0.078125
0 0.1917326297273527 0.79296875 0.040457343887423045 0.0734375
0 0.16446789797713282 0.86484375 0.03518029903254178 0.0671875
0 0.22075637642919965 0.8445312500000001 0.036939313984168866 0.0734375
2 0.13236587510993844 0.9437500000000001 0.032541776605101144 0.065625
0 0.5804749340369394 0.58828125 0.03869832893579596 0.051562500000000004
0 0.6336851363236587 0.63046875 0.044854881266490766 0.0546875
0 0.689094107299912 0.67734375 0.044854881266490766 0.0484375
3 0.10378188214599825 0.022656250000000003 0.052770448548812667 0.045312500000000006
