3 0.6037818821459983 0.018750000000000003 0.02550571679859279 0.037500000000000006
3 0.5180299032541776 0.16718750000000002 0.06860158311345647 0.146875
2 0.4837291116974495 0.3140625 0.04573438874230431 0.084375
0 0.3808267370272648 0.45625000000000004 0.0316622691292876 0.059375000000000004
0 0.5255057167985928 0.5328125 0.04133685136323659 0.05625
0 0.5813544415127528 0.58828125 0.03518029903254178 0.045312500000000006
0 0.6350043975373791 0.6312500000000001 0.04573438874230431 0.05625
0 0.6974494283201408 0.68359375 0.04573438874230431 0.0546875
2 0.13280562884784522 0.9390625 0.029903254177660512 0.065625
0 0.16314863676341249 0.8578125000000001 0.029023746701846966 0.06875
0 0.19085312225153914 0.78828125 0.03518029903254178 0.0734375
0 0.22295514511873352 0.70703125 0.032541776605101144 0.0765625
