3 0.489006156552 0.23359375 0.0668425681618 0.1484375
3 0.580035180299 0.04765625 0.0395778364116 0.0796875
2 0.557607739666 0.1578125 0.0422163588391 0.08125
0 0.524186455585 0.528125 0.0422163588391 0.05625
0 0.578276165347 0.58046875 0.03781882146 0.0546875
0 0.635444151275 0.628125 0.0483729111697 0.059375
0 0.688214599824 0.67734375 0.0466138962181 0.0546875
0 0.329375549692 0.565625 0.0325417766051 0.0625
0 0.222515391381 0.703125 0.0351802990325 0.075
2 0.13236587511 0.9390625 0.0325417766051 0.06875
0 0.163588390501 0.859375 0.0316622691293 0.065625
0 0.191292875989 0.78828125 0.0343007915567 0.0703125
