0 0.525945470536 0.5328125 0.0404573438874 0.05625
0 0.577836411609 0.58671875 0.0386983289358 0.0484375
0 0.633685136324 0.63046875 0.0466138962181 0.0578125
0 0.688654353562 0.67890625 0.0422163588391 0.0515625
3 0.906332453826 0.9328125 0.051890941073 0.065625
0 0.221635883905 0.70625 0.0334212840809 0.06875
0 0.192172383465 0.78984375 0.0360598065084 0.0703125
0 0.162269129288 0.8640625 0.0325417766051 0.065625
2 0.131046613896 0.946875 0.028144239226 0.06875
0 0.167546174142 0.17578125 0.03781882146 0.0609375
0 0.225153913808 0.28828125 0.0386983289358 0.0671875
0 0.286719437115 0.3421875 0.0369393139842 0.059375
0 0.551451187335 0.0921875 0.0351802990325 0.065625
