0 0.224274406332 0.70078125 0.0351802990325 0.0703125
0 0.193051890941 0.784375 0.0360598065084 0.075
0 0.165787159191 0.85546875 0.0307827616535 0.0609375
2 0.134124890062 0.9328125 0.0307827616535 0.065625
0 0.375549692172 0.4421875 0.0369393139842 0.053125
3 0.536939313984 0.60703125 0.0360598065084 0.0484375
0 0.390501319261 0.37890625 0.0369393139842 0.0546875
0 0.139401934916 0.13359375 0.0360598065084 0.0578125
0 0.22471416007 0.2484375 0.03781882146 0.059375
0 0.696569920844 0.66171875 0.0457343887423 0.0515625
0 0.664028144239 0.7203125 0.0457343887423 0.053125
0 0.778364116095 0.8234375 0.0457343887423 0.05
0 0.959542656113 0.96328125 0.0492524186456 0.0546875
