3 0.471416007036 0.34609375 0.0175901495163 0.0765625
3 0.0910290237467 0.06171875 0.0343007915567 0.0484375
0 0.161389621812 0.16015625 0.0395778364116 0.0640625
0 0.232189973615 0.265625 0.0386983289358 0.059375
0 0.362796833773 0.42890625 0.0413368513632 0.0640625
0 0.436235708004 0.5140625 0.0369393139842 0.05625
0 0.526824978012 0.60390625 0.0369393139842 0.0515625
3 0.340809146878 0.32890625 0.0430958663149 0.0640625
5 0.197009674582 0.13125 0.0703605980651 0.10625
0 0.71635883905 0.68671875 0.0483729111697 0.0578125
0 0.621372031662 0.69765625 0.0413368513632 0.0546875
0 0.944151275286 0.88046875 0.0466138962181 0.0546875
2 0.820580474934 0.734375 0.0439753737907 0.05
2 0.134564643799 0.93828125 0.0299032541777 0.0671875
0 0.223394898857 0.7015625 0.0351802990325 0.071875
0 0.193051890941 0.7859375 0.0360598065084 0.075
0 0.166226912929 0.8578125 0.0334212840809 0.06875
