3 0.53562005277 0.159375 0.0369393139842 0.0625
3 0.208883025506 0.15859375 0.0413368513632 0.0640625
3 0.172383465259 0.17734375 0.0334212840809 0.0546875
0 0.259894459103 0.2953125 0.03781882146 0.0625
0 0.354001759015 0.42578125 0.0413368513632 0.0671875
0 0.455145118734 0.44921875 0.0466138962181 0.0546875
0 0.489885664028 0.56875 0.0439753737907 0.05625
0 0.572119613017 0.64921875 0.0395778364116 0.0515625
2 0.582673702726 0.53515625 0.0343007915567 0.0515625
2 0.134564643799 0.9390625 0.0316622691293 0.065625
0 0.687774846086 0.74765625 0.0386983289358 0.0515625
0 0.82981530343 0.871875 0.0413368513632 0.053125
0 0.669744942832 0.65390625 0.0430958663149 0.0609375
0 0.164907651715 0.85859375 0.0307827616535 0.0609375
0 0.224274406332 0.70390625 0.0334212840809 0.0734375
0 0.194371152155 0.78828125 0.0351802990325 0.0765625
0 0.0540897097625 0.02265625 0.0395778364116 0.0453125
