5 0.40545294635 0.3953125 0.0721196130167 0.1
0 0.401495162709 0.47578125 0.03781882146 0.0546875
3 0.533861037819 0.5328125 0.0439753737907 0.059375
3 0.567722075638 0.51640625 0.0395778364116 0.0453125
0 0.222955145119 0.69921875 0.0343007915567 0.0734375
0 0.190413368514 0.7828125 0.0360598065084 0.071875
0 0.164907651715 0.85703125 0.0360598065084 0.0671875
2 0.13236587511 0.9359375 0.0325417766051 0.065625
0 0.233069481091 0.85 0.0369393139842 0.06875
0 0.0628847845207 0.02734375 0.0413368513632 0.0546875
0 0.120492524186 0.11328125 0.0404573438874 0.0640625
0 0.209762532982 0.221875 0.0413368513632 0.065625
0 0.266490765172 0.29921875 0.0386983289358 0.0546875
0 0.333333333333 0.39140625 0.0316622691293 0.0484375
