0 0.21328056288478453 0.27187500000000003 0.0395778364116095 0.0625
0 0.2854001759014952 0.33984375 0.03781882145998241 0.060937500000000006
0 0.5250659630606861 0.53515625 0.03869832893579596 0.0578125
0 0.5787159190853123 0.5867187500000001 0.040457343887423045 0.0484375
0 0.6354441512752859 0.6312500000000001 0.044854881266490766 0.059375000000000004
3 0.6451187335092349 0.7273437500000001 0.051890941072999124 0.06406250000000001
0 0.22295514511873352 0.71015625 0.03430079155672824 0.0734375
0 0.16534740545294635 0.9695312500000001 0.0316622691292876 0.0578125
0 0.16314863676341249 0.8656250000000001 0.03430079155672824 0.065625
0 0.19129287598944592 0.790625 0.03430079155672824 0.07187500000000001
2 0.13192612137203166 0.9476562500000001 0.03342128408091469 0.0671875
0 0.6882145998240985 0.67734375 0.04133685136323659 0.0546875
0 0.06728232189973615 0.032031250000000004 0.0395778364116095 0.06406250000000001
