3 0.30035180299 0.27421875 0.0395778364116 0.0640625
3 0.481970096746 0.290625 0.0228671943712 0.071875
2 0.742304309587 0.67109375 0.0422163588391 0.0515625
3 0.117854001759 0.09921875 0.0351802990325 0.0515625
5 0.145998240985 0.065625 0.0738786279683 0.103125
0 0.189533861038 0.2 0.0413368513632 0.06875
0 0.268249780123 0.3125 0.0386983289358 0.065625
0 0.403693931398 0.478125 0.0404573438874 0.059375
0 0.476693051891 0.56015625 0.0404573438874 0.0578125
0 0.576077396658 0.65078125 0.0386983289358 0.0546875
0 0.623570800352 0.609375 0.0492524186456 0.05625
0 0.848284960422 0.803125 0.0466138962181 0.053125
0 0.683817062445 0.7515625 0.0430958663149 0.05625
2 0.133685136324 0.93984375 0.0334212840809 0.0640625
0 0.223834652595 0.70234375 0.0343007915567 0.0734375
0 0.192172383465 0.7859375 0.0343007915567 0.071875
0 0.163588390501 0.8609375 0.0334212840809 0.065625
