0 0.287598944591029 0.34375 0.040457343887423045 0.059375000000000004
3 0.17282321899736147 0.10078125 0.08003518029903255 0.1234375
0 0.16842568161829377 0.20468750000000002 0.04133685136323659 0.059375000000000004
0 0.31574318381706246 0.6203125 0.03869832893579596 0.078125
3 0.523306948109059 0.65 0.04925241864555849 0.065625
0 0.5268249780123131 0.53515625 0.04573438874230431 0.060937500000000006
0 0.5795954265611258 0.58515625 0.03869832893579596 0.045312500000000006
0 0.6354441512752859 0.62890625 0.04661389621811786 0.0578125
0 0.6899736147757256 0.67890625 0.044854881266490766 0.06406250000000001
2 0.13192612137203166 0.94453125 0.0316622691292876 0.06406250000000001
0 0.16358839050131926 0.86328125 0.0316622691292876 0.06406250000000001
0 0.1904133685136324 0.790625 0.03781882145998241 0.07187500000000001
0 0.2233948988566403 0.7054687500000001 0.03869832893579596 0.0765625
