0 0.474054529464 0.259375 0.0351802990325 0.065625
0 0.436235708004 0.4375 0.0404573438874 0.05625
0 0.622691292876 0.6125 0.0422163588391 0.059375
0 0.700967458223 0.7671875 0.0457343887423 0.059375
3 0.262093227792 0.753125 0.0334212840809 0.071875
2 0.130606860158 0.9453125 0.0343007915567 0.071875
0 0.158751099384 0.86796875 0.0343007915567 0.0671875
0 0.21855760774 0.71015625 0.0343007915567 0.0734375
0 0.187335092348 0.79296875 0.0369393139842 0.0703125
0 0.945910290237 0.89375 0.0483729111697 0.05625
0 0.195250659631 0.1375 0.0404573438874 0.059375
