3 0.05321020228671944 0.043750000000000004 0.04133685136323659 0.06875
3 0.237467018469657 0.20703125 0.0474934036939314 0.0703125
3 0.39226033421284084 0.3953125 0.04573438874230431 0.065625
0 0.4753737906772208 0.259375 0.032541776605101144 0.065625
0 0.7150395778364116 0.6453125000000001 0.040457343887423045 0.046875
0 0.7084432717678101 0.69453125 0.04309586631486368 0.0546875
0 0.6737027264731751 0.7562500000000001 0.04573438874230431 0.0625
0 0.5466138962181178 0.55 0.04309586631486368 0.05625
3 0.9678979771328057 0.9148437500000001 0.05716798592788039 0.0703125
2 0.12928759894459105 0.946875 0.0316622691292876 0.065625
0 0.1600703605980651 0.86640625 0.0316622691292876 0.0703125
0 0.18821459982409852 0.7937500000000001 0.03869832893579596 0.07500000000000001
0 0.21987686895338612 0.71015625 0.03518029903254178 0.0765625
