3 0.10905892700087952 0.02734375 0.04573438874230431 0.0546875
3 0.24670184696569922 0.27421875 0.03605980650835532 0.0578125
2 0.13500439753737908 0.9359375000000001 0.03430079155672824 0.065625
2 0.43183817062445035 0.38906250000000003 0.03518029903254178 0.05
0 0.29683377308707126 0.26171875 0.04133685136323659 0.0703125
0 0.3460861917326297 0.4109375 0.04133685136323659 0.06875
0 0.5013192612137204 0.5 0.03869832893579596 0.05625
0 0.44415127528584 0.5281250000000001 0.04397537379067722 0.0625
0 0.5822339489885664 0.65390625 0.04925241864555849 0.0546875
0 0.6820580474934037 0.7390625000000001 0.03781882145998241 0.05625
0 0.22603342128408094 0.703125 0.036939313984168866 0.078125
0 0.19437115215479334 0.78515625 0.03518029903254178 0.0671875
0 0.16534740545294635 0.86328125 0.0316622691292876 0.0671875
0 0.10598065083553211 0.08515625 0.03781882145998241 0.0546875
0 0.8909410729991205 0.83203125 0.04397537379067722 0.051562500000000004
0 0.8104661389621812 0.8546875 0.04133685136323659 0.05
