3 0.2994722955145119 0.284375 0.04133685136323659 0.0625
0 0.4736147757255937 0.2609375 0.032541776605101144 0.065625
3 0.4683377308707124 0.47500000000000003 0.04661389621811786 0.0625
0 0.8153034300791557 0.728125 0.03869832893579596 0.053125000000000006
0 0.7823218997361477 0.75390625 0.04661389621811786 0.0578125
0 0.6218117854001759 0.61875 0.0474934036939314 0.05625
0 0.5883905013192613 0.68125 0.04397537379067722 0.05625
2 0.1284080914687775 0.9453125 0.0316622691292876 0.06875
0 0.1613896218117854 0.8640625000000001 0.029023746701846966 0.065625
0 0.18909410729991205 0.79296875 0.03518029903254178 0.0765625
0 0.21987686895338612 0.7117187500000001 0.03342128408091469 0.0703125
