0 0.0743183817062 0.05 0.0413368513632 0.0625
3 0.173262972735 0.11796875 0.0422163588391 0.0703125
3 0.21855760774 0.2796875 0.0360598065084 0.053125
0 0.320140721196 0.3109375 0.0404573438874 0.0625
0 0.475813544415 0.2609375 0.0334212840809 0.065625
0 0.437994722955 0.4015625 0.0369393139842 0.05
0 0.494283201407 0.50703125 0.0457343887423 0.0578125
2 0.128408091469 0.94765625 0.0334212840809 0.0703125
0 0.219876868953 0.70859375 0.0351802990325 0.0734375
0 0.1890941073 0.79453125 0.0351802990325 0.0734375
0 0.15963060686 0.865625 0.0325417766051 0.065625
3 0.72691292876 0.71015625 0.0536499560246 0.0609375
0 0.942832014072 0.87890625 0.0474934036939 0.0578125
0 0.943711521548 0.9734375 0.0492524186456 0.05
