5 0.496921723835 0.490625 0.0791556728232 0.096875
3 0.613016710642 0.59921875 0.0422163588391 0.0546875
3 0.665347405453 0.6046875 0.0395778364116 0.05625
0 0.0985048372911 0.07890625 0.0369393139842 0.0609375
0 0.17018469657 0.16015625 0.03781882146 0.0609375
0 0.21635883905 0.228125 0.0351802990325 0.053125
0 0.267370272647 0.30234375 0.0334212840809 0.0515625
0 0.327176781003 0.38046875 0.0369393139842 0.0609375
0 0.350483729112 0.58828125 0.0395778364116 0.0703125
2 0.133685136324 0.934375 0.0316622691293 0.06875
0 0.167546174142 0.85390625 0.0325417766051 0.0640625
0 0.222515391381 0.69921875 0.0351802990325 0.0734375
0 0.193051890941 0.78203125 0.0343007915567 0.0734375
