0 0.526385224274 0.53125 0.0413368513632 0.053125
0 0.578276165347 0.5859375 0.0413368513632 0.053125
0 0.635883905013 0.6296875 0.0439753737907 0.05625
0 0.688214599824 0.6796875 0.0448548812665 0.053125
0 0.222515391381 0.7078125 0.0351802990325 0.071875
0 0.192172383465 0.7953125 0.03781882146 0.075
0 0.163148636763 0.86640625 0.0325417766051 0.0640625
0 0.216798592788 0.27265625 0.0413368513632 0.0609375
0 0.284960422164 0.34140625 0.0404573438874 0.0609375
0 0.101143359719 0.0859375 0.0404573438874 0.059375
3 0.690853122252 0.7625 0.051890941073 0.059375
2 0.131046613896 0.946875 0.0316622691293 0.0625
