3 0.17150395778364116 0.11015625000000001 0.03342128408091469 0.0546875
3 0.43139841688654357 0.44453125000000004 0.04133685136323659 0.0546875
0 0.4291996481970097 0.5296875 0.04397537379067722 0.05625
0 0.47405452946350046 0.2609375 0.0316622691292876 0.06875
0 0.1613896218117854 0.86484375 0.032541776605101144 0.0671875
0 0.18821459982409852 0.7937500000000001 0.036939313984168866 0.07187500000000001
0 0.21899736147757257 0.7109375 0.03342128408091469 0.07187500000000001
2 0.12884784520668427 0.9460937500000001 0.032541776605101144 0.0671875
3 0.6257695690413368 0.61640625 0.048372911169744945 0.06406250000000001
0 0.7713280562884784 0.74921875 0.0474934036939314 0.0578125
0 0.9291996481970097 0.8765625 0.048372911169744945 0.0625
