3 0.36323658751099386 0.3640625 0.04221635883905013 0.0625
3 0.5474934036939314 0.5476562500000001 0.05013192612137203 0.0578125
0 0.4736147757255937 0.26015625000000003 0.032541776605101144 0.0703125
0 0.5074758135444152 0.6078125000000001 0.040457343887423045 0.05625
0 0.6974494283201408 0.6859375000000001 0.0474934036939314 0.059375000000000004
0 0.9111697449428321 0.81640625 0.03869832893579596 0.051562500000000004
0 0.8562005277044855 0.8140625 0.044854881266490766 0.05625
2 0.1284080914687775 0.9484375 0.03342128408091469 0.07187500000000001
0 0.15963060686015831 0.8656250000000001 0.032541776605101144 0.06875
0 0.18953386103781883 0.79453125 0.03605980650835532 0.0765625
0 0.21987686895338612 0.7125 0.03342128408091469 0.07500000000000001
3 0.10378188214599825 0.02109375 0.036939313984168866 0.0421875
