3 0.4226033421284081 0.33906250000000004 0.0870712401055409 0.10312500000000001
3 0.5065963060686016 0.203125 0.03869832893579596 0.08750000000000001
0 0.5255057167985928 0.5296875 0.04309586631486368 0.05
0 0.5782761653474054 0.584375 0.0395778364116095 0.046875
0 0.6350043975373791 0.6265625 0.04573438874230431 0.05625
0 0.6886543535620053 0.6734375 0.04397537379067722 0.05625
0 0.2141600703605981 0.85546875 0.030782761653474055 0.0578125
0 0.2233948988566403 0.70234375 0.03342128408091469 0.0765625
0 0.19349164467897978 0.7890625 0.03518029903254178 0.07500000000000001
0 0.16446789797713282 0.859375 0.0316622691292876 0.0625
2 0.13280562884784522 0.94140625 0.03342128408091469 0.0734375
