3 0.284080914688 0.68515625 0.0299032541777 0.0765625
0 0.218997361478 0.70859375 0.0351802990325 0.0703125
0 0.189973614776 0.790625 0.0351802990325 0.071875
2 0.128408091469 0.94453125 0.0316622691293 0.0640625
0 0.160510114336 0.86640625 0.0307827616535 0.0671875
3 0.142480211082 0.07109375 0.0404573438874 0.0609375
0 0.270888302551 0.23515625 0.0369393139842 0.0515625
0 0.474054529464 0.259375 0.0351802990325 0.065625
0 0.524626209323 0.525 0.0413368513632 0.05
0 0.621372031662 0.69921875 0.0448548812665 0.0609375
0 0.712840809147 0.68984375 0.0483729111697 0.0609375
