0 0.531662269129 0.90859375 0.0219876868953 0.0671875
0 0.492084432718 0.8109375 0.0202286719437 0.05625
0 0.533861037819 0.69140625 0.0193491644679 0.0578125
0 0.573878627968 0.58125 0.0167106420405 0.046875
0 0.598065083553 0.59453125 0.0158311345646 0.0453125
0 0.697889182058 0.59921875 0.0343007915567 0.0328125
0 0.74582233949 0.62109375 0.0334212840809 0.0296875
0 0.697889182058 0.56875 0.0307827616535 0.03125
0 0.753298153034 0.5890625 0.0325417766051 0.03125
0 0.805628847845 0.61328125 0.0351802990325 0.0359375
0 0.852242744063 0.63125 0.0369393139842 0.0375
0 0.607299912049 0.36640625 0.0131926121372 0.0390625
0 0.619173262973 0.2828125 0.014072119613 0.040625
0 0.601583113456 0.26015625 0.014072119613 0.0421875
0 0.623570800352 0.06484375 0.014072119613 0.0328125
0 0.672383465259 0.053125 0.0131926121372 0.03125
2 0.551890941073 0.4734375 0.0149516270888 0.046875
2 0.562884784521 0.384375 0.0175901495163 0.05
2 0.615215479332 0.453125 0.0184696569921 0.05
0 0.490325417766 0.46328125 0.0290237467018 0.0296875
0 0.384784520668 0.45 0.0290237467018 0.025
0 0.3109058927 0.47578125 0.0290237467018 0.0296875
0 0.272647317502 0.3625 0.0316622691293 0.03125
0 0.221196130167 0.3453125 0.0290237467018 0.028125
0 0.185136323659 0.32890625 0.0290237467018 0.0296875
0 0.0892700087951 0.29453125 0.0272647317502 0.0296875
0 0.0576077396658 0.2796875 0.0272647317502 0.025
0 0.0263852242744 0.27109375 0.028144239226 0.0234375
0 0.0461741424802 0.371875 0.0307827616535 0.028125
0 0.187335092348 0.425 0.0334212840809 0.034375
0 0.115215479332 0.47421875 0.0334212840809 0.0328125
0 0.230430958663 0.07421875 0.0158311345646 0.0359375
0 0.253737906772 0.0828125 0.0167106420405 0.034375
0 0.461741424802 0.01875 0.0211081794195 0.021875
3 0.257255936675 0.4765625 0.0290237467018 0.03125
0 0.240545294635 0.0328125 0.0167106420405 0.03125
0 0.273966578716 0.040625 0.0167106420405 0.028125
0 0.419525065963 0.09921875 0.0175901495163 0.0296875
3 0.177660510114 0.803125 0.0228671943712 0.046875
0 0.7436235708 0.90078125 0.0272647317502 0.0484375
