0 0.488126649077 0.91796875 0.0193491644679 0.0796875
0 0.503518029903 0.76484375 0.0219876868953 0.0734375
0 0.525505716799 0.88203125 0.0202286719437 0.0734375
0 0.889182058047 0.62890625 0.0386983289358 0.0421875
0 0.724274406332 0.61328125 0.03781882146 0.0328125
0 0.728671943712 0.565625 0.03781882146 0.0375
0 0.663148636763 0.5921875 0.0404573438874 0.0375
0 0.663148636763 0.5484375 0.0351802990325 0.03125
0 0.0598065083553 0.3171875 0.0369393139842 0.034375
0 0.129727352682 0.334375 0.0395778364116 0.0375
0 0.514511873351 0.38125 0.0175901495163 0.06875
0 0.500439753738 0.325 0.0193491644679 0.05625
0 0.492524186456 0.2765625 0.0193491644679 0.059375
0 0.529903254178 0.22890625 0.0184696569921 0.0609375
0 0.503518029903 0.1890625 0.0202286719437 0.0625
2 0.521987686895 0.115625 0.0184696569921 0.05625
2 0.510993843448 0.96875 0.0228671943712 0.059375
0 0.30255057168 0.62109375 0.0474934036939 0.0359375
2 0.527704485488 0.04375 0.0193491644679 0.0625
0 0.0145118733509 0.3046875 0.0290237467018 0.04375
