3 0.185136323659 0.3296875 0.0307827616535 0.03125
2 0.551011433597 0.24609375 0.0131926121372 0.0453125
2 0.558047493404 0.17265625 0.0149516270888 0.0484375
0 0.50219876869 0.8984375 0.0211081794195 0.06875
0 0.55892700088 0.878125 0.0184696569921 0.0625
0 0.538698328936 0.5875 0.0184696569921 0.053125
0 0.567722075638 0.5609375 0.0167106420405 0.04375
0 0.500879507476 0.5375 0.0167106420405 0.05
0 0.53562005277 0.4375 0.0175901495163 0.05
0 0.660510114336 0.5109375 0.0351802990325 0.025
0 0.679859278804 0.45625 0.0351802990325 0.03125
0 0.728671943712 0.47578125 0.0307827616535 0.0296875
0 0.679419525066 0.42578125 0.0290237467018 0.0265625
0 0.735708003518 0.44609375 0.0343007915567 0.0296875
0 0.788478452067 0.46640625 0.0325417766051 0.0328125
0 0.833333333333 0.48203125 0.0343007915567 0.0328125
0 0.518469656992 0.3 0.0219876868953 0.040625
0 0.573878627968 0.3375 0.0131926121372 0.040625
0 0.584432717678 0.253125 0.0167106420405 0.046875
0 0.63016710642 0.015625 0.0131926121372 0.03125
0 0.435356200528 0.33359375 0.0299032541777 0.0203125
0 0.251539138083 0.3328125 0.0299032541777 0.034375
0 0.249780123131 0.23515625 0.0299032541777 0.0296875
0 0.195690413369 0.21484375 0.0325417766051 0.0296875
0 0.157431838171 0.20390625 0.0299032541777 0.0296875
0 0.111697449428 0.28203125 0.0351802990325 0.0328125
0 0.0914687774846 0.35078125 0.0351802990325 0.0328125
0 0.0589270008795 0.1734375 0.0299032541777 0.025
0 0.023746701847 0.1578125 0.0299032541777 0.028125
2 0.585312225154 0.43046875 0.0184696569921 0.0546875
0 0.724274406332 0.7453125 0.0272647317502 0.04375
3 0.168865435356 0.67421875 0.0263852242744 0.0484375
0 0.0149516270888 0.97421875 0.0299032541777 0.0453125
