3 0.5087950747581355 0.49062500000000003 0.02198768689533861 0.07187500000000001
3 0.4907651715039578 0.7046875 0.01934916446789798 0.0625
0 0.465259454705365 0.85859375 0.021108179419525065 0.0703125
0 0.44591029023746703 0.9632812500000001 0.022867194371152155 0.0703125
0 0.5321020228671944 0.40625 0.01934916446789798 0.065625
0 0.5435356200527705 0.33125000000000004 0.021108179419525065 0.065625
0 0.4274406332453826 0.3328125 0.021108179419525065 0.0625
0 0.4731750219876869 0.225 0.022867194371152155 0.07187500000000001
0 0.5140721196130167 0.1640625 0.02550571679859279 0.07187500000000001
0 0.5800351802990326 0.084375 0.018469656992084433 0.065625
0 0.3139841688654354 0.90390625 0.024626209322779244 0.0765625
0 0.27044854881266495 0.96796875 0.0237467018469657 0.060937500000000006
0 0.29419525065963065 0.9796875 0.016710642040457344 0.037500000000000006
2 0.029023746701846966 0.13984375000000002 0.04397537379067722 0.029687500000000002
0 0.05408970976253298 0.16875 0.032541776605101144 0.05625
0 0.06464379947229552 0.1875 0.029023746701846966 0.05
