2 0.5127528583992964 0.90625 0.021108179419525065 0.08125
2 0.523306948109059 0.06328125 0.0158311345646438 0.0546875
0 0.480650835532102 0.9593750000000001 0.020228671943711522 0.06875
0 0.49296394019349166 0.8226562500000001 0.020228671943711522 0.0765625
0 0.5285839929639402 0.7992187500000001 0.021108179419525065 0.0703125
0 0.5109938434476693 0.64609375 0.021108179419525065 0.0671875
0 0.8465259454705365 0.54921875 0.03781882145998241 0.035937500000000004
0 0.7203166226912929 0.55078125 0.03518029903254178 0.029687500000000002
0 0.7269129287598944 0.5078125 0.03781882145998241 0.037500000000000006
0 0.6618293755496922 0.49140625000000004 0.03605980650835532 0.0328125
0 0.662269129287599 0.53046875 0.03869832893579596 0.0328125
0 0.5105540897097626 0.37421875000000004 0.020228671943711522 0.06406250000000001
0 0.5021987686895338 0.2765625 0.01934916446789798 0.053125000000000006
0 0.494283201407212 0.22187500000000002 0.01934916446789798 0.05625
0 0.5303430079155673 0.178125 0.021108179419525065 0.059375000000000004
0 0.5061565523306948 0.1390625 0.018469656992084433 0.059375000000000004
0 0.1358839050131926 0.28046875 0.03781882145998241 0.0328125
0 0.06772207563764292 0.25859375 0.036939313984168866 0.029687500000000002
0 0.01934916446789798 0.24921875000000002 0.036939313984168866 0.0328125
