0 0.22471416007 0.703125 0.0325417766051 0.06875
0 0.192172383465 0.78671875 0.0343007915567 0.0734375
0 0.164467897977 0.86015625 0.0316622691293 0.0640625
2 0.134124890062 0.9375 0.0307827616535 0.065625
0 0.358839050132 0.42734375 0.0316622691293 0.0484375
0 0.395778364116 0.37890625 0.0404573438874 0.0578125
0 0.115215479332 0.02109375 0.0386983289358 0.0421875
0 0.65127528584 0.71875 0.0413368513632 0.053125
0 0.770008795075 0.74140625 0.0413368513632 0.0578125
0 0.809586631486 0.84296875 0.0466138962181 0.0546875
0 0.484608619173 0.57109375 0.0404573438874 0.0515625
