0 0.467897977133 0.93984375 0.0211081794195 0.0640625
0 0.524186455585 0.55546875 0.0193491644679 0.0640625
0 0.536059806508 0.4796875 0.0202286719437 0.0625
0 0.491204925242 0.43046875 0.023746701847 0.0703125
0 0.436235708004 0.384375 0.0211081794195 0.065625
0 0.484608619173 0.2703125 0.0211081794195 0.06875
0 0.571240105541 0.2515625 0.0184696569921 0.059375
3 0.481970096746 0.85390625 0.0211081794195 0.0671875
3 0.503078276165 0.63359375 0.0228671943712 0.0734375
0 0.458663148637 0.98359375 0.0202286719437 0.0296875
0 0.744942832014 0.12890625 0.0263852242744 0.0453125
2 0.0299032541777 0.29609375 0.0422163588391 0.0296875
0 0.0505716798593 0.32265625 0.0343007915567 0.0515625
0 0.0655233069481 0.3421875 0.0290237467018 0.053125
