0 0.643359718558 0.9671875 0.0413368513632 0.046875
0 0.576517150396 0.92578125 0.03781882146 0.0421875
0 0.549252418646 0.97734375 0.0448548812665 0.0421875
0 0.541776605101 0.9390625 0.0351802990325 0.04375
0 0.434476693052 0.78046875 0.0211081794195 0.0734375
0 0.372911169745 0.5390625 0.0228671943712 0.071875
0 0.859718557608 0.54375 0.03781882146 0.0625
0 0.882585751979 0.5734375 0.0307827616535 0.059375
0 0.820140721196 0.43984375 0.0360598065084 0.0484375
0 0.911609498681 0.08515625 0.0430958663149 0.0421875
0 0.970096745822 0.1296875 0.0439753737907 0.05
0 0.92436235708 0.01875 0.0404573438874 0.0375
0 0.804749340369 0.02578125 0.0457343887423 0.0453125
0 0.570360598065 0.225 0.0219876868953 0.071875
0 0.595426561126 0.09140625 0.0211081794195 0.0734375
0 0.428759894459 0.053125 0.0255057167986 0.078125
0 0.228671943712 0.85859375 0.0422163588391 0.0453125
0 0.203166226913 0.903125 0.0404573438874 0.046875
0 0.170624450308 0.825 0.0422163588391 0.040625
0 0.114775725594 0.8015625 0.03781882146 0.040625
0 0.0677220756376 0.875 0.0404573438874 0.04375
0 0.0580474934037 0.76171875 0.0457343887423 0.0421875
2 0.153034300792 0.86875 0.0510114335972 0.05
0 0.984608619173 0.0234375 0.0290237467018 0.0375
0 0.956904133685 0.2375 0.0369393139842 0.040625
0 0.791116974494 0.23046875 0.0307827616535 0.0296875
0 0.799472295515 0.31796875 0.0211081794195 0.0234375
0 0.808267370273 0.35859375 0.0211081794195 0.0296875
3 0.804309586631 0.40703125 0.03781882146 0.0515625
0 0.832893579595 0.47578125 0.0316622691293 0.0515625
0 0.808707124011 0.065625 0.0255057167986 0.034375
