2 0.517590149516 0.15234375 0.0167106420405 0.0609375
2 0.525505716799 0.0765625 0.0184696569921 0.06875
0 0.806508355321 0.71015625 0.0386983289358 0.0359375
0 0.748021108179 0.646875 0.03781882146 0.040625
0 0.661389621812 0.621875 0.0386983289358 0.0375
0 0.66182937555 0.6640625 0.0430958663149 0.040625
0 0.491204925242 0.92734375 0.0219876868953 0.0796875
0 0.520668425682 0.96953125 0.0228671943712 0.0578125
0 0.290677220756 0.70078125 0.0466138962181 0.0359375
0 0.515831134565 0.39609375 0.0202286719437 0.0703125
0 0.496921723835 0.37890625 0.0211081794195 0.0546875
0 0.487686895339 0.32890625 0.0202286719437 0.0609375
0 0.525945470536 0.27265625 0.0211081794195 0.0640625
0 0.500439753738 0.21640625 0.0193491644679 0.0640625
0 0.110817941953 0.396875 0.0422163588391 0.0375
0 0.0360598065084 0.37421875 0.0369393139842 0.0328125
