0 0.521547933157 0.88671875 0.0211081794195 0.0796875
0 0.534300791557 0.77578125 0.0219876868953 0.0703125
0 0.559806508355 0.8203125 0.023746701847 0.071875
2 0.546613896218 0.91328125 0.023746701847 0.0859375
0 0.710202286719 0.521875 0.0413368513632 0.040625
0 0.704045734389 0.47578125 0.03781882146 0.0359375
0 0.335532102023 0.55859375 0.0466138962181 0.0421875
0 0.0584872471416 0.76640625 0.0395778364116 0.0578125
0 0.134564643799 0.24296875 0.0422163588391 0.0390625
0 0.0554089709763 0.2203125 0.0439753737907 0.034375
0 0.53781882146 0.21953125 0.0202286719437 0.0671875
0 0.560686015831 0.20703125 0.0202286719437 0.0765625
0 0.52726473175 0.159375 0.0202286719437 0.06875
0 0.570800351803 0.0796875 0.0246262093228 0.071875
0 0.542656112577 0.03671875 0.0228671943712 0.0671875
0 0.0505716798593 0.51796875 0.0413368513632 0.0359375
0 0.514072119613 0.978125 0.0184696569921 0.040625
