2 0.439753737907 0.18359375 0.0105540897098 0.0421875
2 0.439313984169 0.12109375 0.0131926121372 0.0484375
2 0.486367634125 0.5234375 0.0158311345646 0.05625
0 0.503957783641 0.88359375 0.0158311345646 0.0671875
0 0.452506596306 0.74140625 0.0184696569921 0.0640625
0 0.480650835532 0.65703125 0.0167106420405 0.0578125
0 0.423043095866 0.453125 0.014072119613 0.05
0 0.465699208443 0.453125 0.0167106420405 0.046875
0 0.529023746702 0.50859375 0.0290237467018 0.0390625
0 0.580474934037 0.3953125 0.0299032541777 0.021875
0 0.58399296394 0.42578125 0.0316622691293 0.0234375
0 0.629727352682 0.428125 0.0316622691293 0.021875
0 0.635004397537 0.3984375 0.0316622691293 0.025
0 0.68689533861 0.40234375 0.0334212840809 0.0265625
0 0.738346525945 0.40625 0.0343007915567 0.028125
0 0.382145998241 0.35234375 0.0290237467018 0.0359375
0 0.423482849604 0.2578125 0.0131926121372 0.046875
0 0.0866314863676 0.428125 0.0360598065084 0.028125
0 0.122251539138 0.32890625 0.0334212840809 0.0296875
0 0.0602462620932 0.325 0.0325417766051 0.028125
0 0.0184696569921 0.32578125 0.0334212840809 0.0265625
0 0.935356200528 0.375 0.0343007915567 0.028125
0 0.0325417766051 0.028125 0.0175901495163 0.0375
0 0.0602462620932 0.0296875 0.0167106420405 0.0375
0 0.4454705365 0.359375 0.0149516270888 0.05
0 0.467897977133 0.3640625 0.014072119613 0.05
3 0.0778364116095 0.81875 0.0272647317502 0.040625
0 0.653913808267 0.69609375 0.0272647317502 0.0421875
