0 0.484608619173 0.91796875 0.0193491644679 0.0796875
0 0.498240985048 0.78671875 0.0219876868953 0.0734375
0 0.52110817942 0.87421875 0.0202286719437 0.0734375
0 0.940193491645 0.63515625 0.0386983289358 0.0421875
0 0.727792436236 0.59453125 0.03781882146 0.0328125
0 0.728671943712 0.5484375 0.03781882146 0.0375
0 0.662269129288 0.571875 0.0404573438874 0.0375
0 0.661389621812 0.5296875 0.0351802990325 0.03125
0 0.0474934036939 0.2875 0.0369393139842 0.034375
0 0.120052770449 0.309375 0.0395778364116 0.0375
0 0.517150395778 0.321875 0.0175901495163 0.06875
0 0.499560246262 0.29609375 0.0211081794195 0.0578125
0 0.489885664028 0.2453125 0.0193491644679 0.059375
0 0.528144239226 0.19609375 0.0184696569921 0.0609375
0 0.502638522427 0.146875 0.0202286719437 0.0625
2 0.520228671944 0.078125 0.0167106420405 0.05625
2 0.507475813544 0.96328125 0.0246262093228 0.0703125
0 0.298153034301 0.60390625 0.0474934036939 0.0359375
0 0.00923482849604 0.2765625 0.0184696569921 0.034375
2 0.525945470536 0.0171875 0.0158311345646 0.034375
