3 0.7159190853122251 0.7625000000000001 0.03869832893579596 0.046875
0 0.5567282321899737 0.6328125 0.04221635883905013 0.053125000000000006
0 0.44854881266490765 0.43046875 0.03869832893579596 0.0546875
0 0.7370272647317503 0.7046875 0.04573438874230431 0.053125000000000006
0 0.86103781882146 0.88828125 0.0474934036939314 0.060937500000000006
0 0.9753737906772209 0.978125 0.04221635883905013 0.040625
2 0.1345646437994723 0.93515625 0.029903254177660512 0.0671875
0 0.16534740545294635 0.85546875 0.0316622691292876 0.06406250000000001
0 0.19437115215479334 0.784375 0.03518029903254178 0.07187500000000001
0 0.22427440633245382 0.7039062500000001 0.03518029903254178 0.0734375
0 0.26297273526824977 0.30234375 0.03518029903254178 0.0578125
0 0.3830255057167986 0.44921875 0.04133685136323659 0.0578125
0 0.1693051890941073 0.09843750000000001 0.032541776605101144 0.05
0 0.1534740545294635 0.15156250000000002 0.030782761653474055 0.046875
