2 0.717238346526 0.26015625 0.0255057167986 0.0609375
2 0.733948988566 0.16953125 0.0255057167986 0.0703125
0 0.66798592788 0.50859375 0.023746701847 0.0703125
0 0.692612137203 0.5 0.023746701847 0.078125
0 0.663148636763 0.44375 0.0263852242744 0.06875
0 0.715919085312 0.378125 0.0263852242744 0.06875
0 0.691292875989 0.328125 0.0263852242744 0.071875
0 0.812225153914 0.15859375 0.0255057167986 0.0734375
0 0.727792436236 0.80390625 0.0413368513632 0.0453125
0 0.937115215479 0.93046875 0.0466138962181 0.0515625
0 0.437115215479 0.79140625 0.0439753737907 0.0515625
0 0.420404573439 0.671875 0.0422163588391 0.046875
0 0.168865435356 0.67421875 0.0439753737907 0.0484375
0 0.0813544415128 0.5953125 0.0430958663149 0.046875
0 0.14907651715 0.5921875 0.0430958663149 0.046875
0 0.270888302551 0.425 0.0422163588391 0.04375
0 0.197009674582 0.37578125 0.0369393139842 0.0390625
0 0.145998240985 0.34921875 0.0404573438874 0.0390625
0 0.0386983289358 0.5734375 0.0404573438874 0.046875
0 0.356200527704 0.02421875 0.0211081794195 0.0484375
0 0.281002638522 0.03515625 0.0167106420405 0.0484375
3 0.236587510994 0.021875 0.0158311345646 0.040625
3 0.380826737027 0.0265625 0.0263852242744 0.053125
0 0.406772207564 0.015625 0.023746701847 0.03125
0 0.0123131046614 0.271875 0.0246262093228 0.0375
