0 0.48021108179419525 0.88828125 0.021108179419525065 0.08281250000000001
0 0.4925241864555849 0.79296875 0.021108179419525065 0.0734375
0 0.5189094107299912 0.8375 0.022867194371152155 0.07500000000000001
2 0.5030782761653474 0.93671875 0.024626209322779244 0.0890625
0 0.9067722075637643 0.6117187500000001 0.03869832893579596 0.035937500000000004
0 0.8056288478452067 0.54296875 0.040457343887423045 0.0421875
0 0.6605101143359718 0.5328125 0.04221635883905013 0.037500000000000006
0 0.6609498680738787 0.48984375 0.03781882145998241 0.0390625
0 0.2933157431838171 0.56875 0.04661389621811786 0.034375
0 0.10554089709762533 0.26171875 0.040457343887423045 0.0390625
0 0.03122251539138083 0.23750000000000002 0.03781882145998241 0.037500000000000006
0 0.5162708883025506 0.25546875 0.01934916446789798 0.0703125
0 0.49648197009674583 0.24296875 0.020228671943711522 0.0578125
0 0.4863676341248901 0.18984375 0.01934916446789798 0.06406250000000001
0 0.5281442392260335 0.12187500000000001 0.02198768689533861 0.06875
0 0.5026385224274407 0.07265625 0.020228671943711522 0.0703125
2 0.5184696569920845 0.018750000000000003 0.020228671943711522 0.037500000000000006
