2 0.523306948109 0.20078125 0.014072119613 0.0484375
2 0.528144239226 0.1421875 0.0167106420405 0.053125
2 0.518469656992 0.94453125 0.023746701847 0.0828125
0 0.491204925242 0.9609375 0.0184696569921 0.065625
0 0.503518029903 0.81953125 0.0202286719437 0.0703125
0 0.495162708883 0.61328125 0.0228671943712 0.0640625
0 0.525505716799 0.6 0.0202286719437 0.0625
0 0.938434476693 0.69375 0.0386983289358 0.040625
0 0.792875989446 0.621875 0.03781882146 0.0375
0 0.713720316623 0.63984375 0.0360598065084 0.0296875
0 0.721635883905 0.59921875 0.0360598065084 0.0390625
0 0.65963060686 0.6203125 0.0369393139842 0.034375
0 0.658311345646 0.58203125 0.0343007915567 0.0328125
0 0.159190853122 0.3890625 0.0351802990325 0.034375
0 0.094107299912 0.3703125 0.0351802990325 0.03125
0 0.0496921723835 0.35859375 0.0343007915567 0.0328125
0 0.5 0.41953125 0.0167106420405 0.0515625
0 0.494283201407 0.353125 0.0175901495163 0.053125
0 0.527704485488 0.31953125 0.0193491644679 0.0546875
0 0.506156552331 0.271875 0.0184696569921 0.053125
0 0.307387862797 0.02578125 0.0255057167986 0.0328125
