2 0.5967458223394899 0.246875 0.020228671943711522 0.0625
2 0.6042216358839051 0.15078125 0.021108179419525065 0.0703125
0 0.5738786279683378 0.50390625 0.02198768689533861 0.06406250000000001
0 0.5963060686015832 0.48984375 0.01934916446789798 0.0765625
0 0.608179419525066 0.36328125 0.02198768689533861 0.0734375
0 0.5778364116094987 0.32109375 0.021108179419525065 0.0703125
0 0.563764291996482 0.44375000000000003 0.021108179419525065 0.06875
0 0.8579595426561126 0.83515625 0.04133685136323659 0.0390625
0 0.723834652594547 0.7921875 0.04397537379067722 0.040625
0 0.37423043095866315 0.85703125 0.04661389621811786 0.0390625
0 0.5065963060686016 0.79296875 0.040457343887423045 0.0390625
0 0.494283201407212 0.7273437500000001 0.03869832893579596 0.0390625
0 0.09454705364995603 0.82578125 0.04661389621811786 0.035937500000000004
0 0.14467897977132807 0.7718750000000001 0.04309586631486368 0.034375
0 0.17062445030782764 0.546875 0.04221635883905013 0.034375
0 0.09322779243623572 0.52109375 0.04221635883905013 0.035937500000000004
0 0.2594547053649956 0.08515625 0.03518029903254178 0.06406250000000001
0 0.27792436235708007 0.05625 0.028144239226033423 0.05625
0 0.316622691292876 0.0171875 0.03342128408091469 0.034375
0 0.026385224274406333 0.16015625 0.024626209322779244 0.0703125
0 0.05057167985927881 0.1609375 0.020228671943711522 0.053125000000000006
0 0.14204045734388743 0.16171875000000002 0.0237467018469657 0.0578125
0 0.21503957783641162 0.1234375 0.02550571679859279 0.053125000000000006
3 0.23878627968337732 0.109375 0.02550571679859279 0.0625
3 0.0949868073878628 0.16640625 0.021108179419525065 0.0671875
0 0.010554089709762533 0.7765625 0.021108179419525065 0.037500000000000006
0 0.01715039577836412 0.665625 0.03430079155672824 0.03125
0 0.03913808267370273 0.5109375 0.03781882145998241 0.034375
