3 0.43491644679 0.82734375 0.0272647317502 0.0609375
0 0.414687774846 0.74375 0.0272647317502 0.059375
0 0.397977132806 0.67890625 0.0325417766051 0.0703125
0 0.373790677221 0.575 0.0299032541777 0.071875
0 0.349164467898 0.48984375 0.0263852242744 0.0578125
0 0.494722955145 0.4671875 0.0272647317502 0.06875
0 0.503078276165 0.371875 0.0246262093228 0.065625
0 0.47889182058 0.37890625 0.023746701847 0.0609375
0 0.460422163588 0.309375 0.0255057167986 0.059375
0 0.515391380827 0.27109375 0.0351802990325 0.0390625
0 0.523306948109 0.23828125 0.0316622691293 0.0421875
0 0.525945470536 0.20625 0.0369393139842 0.0375
0 0.530343007916 0.1671875 0.0369393139842 0.0375
0 0.388302550572 0.06484375 0.0272647317502 0.0703125
0 0.272647317502 0.20546875 0.0263852242744 0.0703125
0 0.251539138083 0.1296875 0.0263852242744 0.065625
0 0.233948988566 0.0515625 0.028144239226 0.06875
0 0.973614775726 0.7140625 0.0158311345646 0.071875
