0 0.8087071240105541 0.8359375 0.03430079155672824 0.034375
0 0.8540017590149517 0.85078125 0.03869832893579596 0.0390625
0 0.58311345646438 0.775 0.03342128408091469 0.037500000000000006
0 0.5435356200527705 0.76171875 0.036939313984168866 0.035937500000000004
0 0.480650835532102 0.73828125 0.04133685136323659 0.0390625
0 0.4287598944591029 0.72265625 0.032541776605101144 0.029687500000000002
0 0.3623570800351803 0.6078125000000001 0.03869832893579596 0.037500000000000006
0 0.25461741424802115 0.67109375 0.0395778364116095 0.035937500000000004
0 0.2075637642919965 0.6578125 0.036939313984168866 0.03125
0 0.1600703605980651 0.63984375 0.040457343887423045 0.035937500000000004
0 0.08970976253298153 0.62421875 0.03869832893579596 0.0328125
0 0.04661389621811786 0.6125 0.04221635883905013 0.040625
0 0.3883025505716799 0.27265625 0.032541776605101144 0.051562500000000004
0 0.40281442392260336 0.30000000000000004 0.03342128408091469 0.053125000000000006
0 0.4133685136323659 0.32421875 0.029903254177660512 0.051562500000000004
0 0.4252418645558487 0.35000000000000003 0.03430079155672824 0.053125000000000006
0 0.4648197009674582 0.43046875 0.0395778364116095 0.0390625
0 0.4120492524186456 0.4578125 0.032541776605101144 0.03125
0 0.4529463500439754 0.46875 0.03518029903254178 0.034375
0 0.5021987686895338 0.49765625 0.03869832893579596 0.0421875
3 0.6319261213720317 0.79296875 0.03430079155672824 0.035937500000000004
3 0.7594547053649956 0.8078125 0.044854881266490766 0.043750000000000004
0 0.9912049252418647 0.89375 0.0158311345646438 0.028125
