0 0.7788038698328936 0.765625 0.0395778364116095 0.037500000000000006
0 0.8284960422163589 0.88046875 0.04221635883905013 0.0390625
0 0.12269129287598945 0.78046875 0.0395778364116095 0.060937500000000006
0 0.2757255936675462 0.8226562500000001 0.04661389621811786 0.0421875
0 0.3834652594547054 0.66171875 0.03869832893579596 0.0390625
0 0.20844327176781002 0.6453125000000001 0.04397537379067722 0.037500000000000006
0 0.41908531222515394 0.7601562500000001 0.04133685136323659 0.0421875
0 0.0712401055408971 0.50390625 0.04397537379067722 0.0390625
0 0.480650835532102 0.4703125 0.02198768689533861 0.06875
0 0.5013192612137204 0.45703125 0.021108179419525065 0.0765625
0 0.4705364995602463 0.41015625 0.022867194371152155 0.0671875
0 0.5131926121372032 0.33203125 0.020228671943711522 0.0734375
0 0.4837291116974495 0.2890625 0.021108179419525065 0.07187500000000001
2 0.5026385224274407 0.21484375 0.018469656992084433 0.060937500000000006
2 0.5109938434476693 0.12109375 0.022867194371152155 0.0703125
1 0.5809146877748461 0.7523437500000001 0.06244503078276166 0.0546875
0 0.1613896218117854 0.0484375 0.030782761653474055 0.0625
0 0.9687774846086192 0.878125 0.04133685136323659 0.043750000000000004
0 0.04177660510114336 0.1203125 0.020228671943711522 0.065625
0 0.11917326297273527 0.07968750000000001 0.020228671943711522 0.053125000000000006
3 0.13808267370272648 0.06875 0.028144239226033423 0.05625
0 0.1759014951627089 0.02109375 0.026385224274406333 0.0421875
