0 0.19525065963060687 0.85859375 0.021108179419525065 0.08281250000000001
0 0.25769569041336854 0.8382812500000001 0.01759014951627089 0.0765625
0 0.2897977132805629 0.8765625 0.018469656992084433 0.07500000000000001
0 0.2959542656112577 0.74765625 0.020228671943711522 0.0703125
0 0.2590149516270888 0.71015625 0.014951627088830256 0.0765625
0 0.281882145998241 0.6875 0.020228671943711522 0.065625
0 0.2299912049252419 0.6640625 0.016710642040457344 0.06875
0 0.2717678100263852 0.5046875000000001 0.03518029903254178 0.06875
0 0.6750219876868954 0.5437500000000001 0.04309586631486368 0.021875000000000002
0 0.7524186455584873 0.5476562500000001 0.0395778364116095 0.026562500000000003
0 0.8056288478452067 0.54453125 0.03869832893579596 0.026562500000000003
0 0.8051890941073 0.4375 0.04133685136323659 0.034375
0 0.5813544415127528 0.39453125 0.040457343887423045 0.035937500000000004
0 0.45030782761653476 0.28984375 0.04221635883905013 0.029687500000000002
0 0.7255936675461742 0.25 0.040457343887423045 0.03125
0 0.8223394898856641 0.27578125000000003 0.04221635883905013 0.029687500000000002
0 0.8667546174142481 0.27265625 0.03781882145998241 0.029687500000000002
0 0.2392260334212841 0.1296875 0.01759014951627089 0.06875
0 0.20932277924362358 0.1 0.01934916446789798 0.07187500000000001
0 0.24318381706244505 0.02890625 0.018469656992084433 0.0578125
2 0.21591908531222517 0.02421875 0.02550571679859279 0.0484375
0 0.9503078276165348 0.5421875 0.03430079155672824 0.03125
0 0.7321899736147758 0.9164062500000001 0.0237467018469657 0.06406250000000001
0 0.8289357959542657 0.8921875 0.014951627088830256 0.05
0 0.8491644678979772 0.88671875 0.020228671943711522 0.07968750000000001
0 0.8764291996481971 0.89609375 0.020228671943711522 0.06406250000000001
0 0.662269129287599 0.9734375000000001 0.026385224274406333 0.05
