3 0.330255057168 0.19140625 0.0290237467018 0.0359375
2 0.525945470536 0.32890625 0.0175901495163 0.0484375
2 0.540457343887 0.21640625 0.0219876868953 0.0578125
0 0.448548812665 0.7265625 0.0211081794195 0.059375
0 0.498240985048 0.6046875 0.0202286719437 0.0625
0 0.566402814424 0.68671875 0.0193491644679 0.0578125
0 0.565963060686 0.35625 0.0219876868953 0.053125
0 0.813984168865 0.3890625 0.0343007915567 0.0375
0 0.854441512753 0.3125 0.0343007915567 0.034375
0 0.808707124011 0.29453125 0.0325417766051 0.0328125
0 0.755936675462 0.27109375 0.0325417766051 0.0328125
0 0.748021108179 0.303125 0.0307827616535 0.03125
0 0.69964819701 0.28046875 0.0343007915567 0.0328125
0 0.699208443272 0.25 0.0316622691293 0.028125
0 0.567722075638 0.17421875 0.0184696569921 0.0546875
0 0.625769569041 0.0984375 0.0149516270888 0.040625
0 0.609058927001 0.0578125 0.0149516270888 0.040625
0 0.366754617414 0.1828125 0.0299032541777 0.03125
0 0.374230430959 0.12421875 0.0307827616535 0.0265625
0 0.241864555849 0.1296875 0.0334212840809 0.03125
0 0.246701846966 0.08671875 0.0307827616535 0.0265625
0 0.261653474055 0.03984375 0.0307827616535 0.0328125
0 0.126649076517 0.0890625 0.0334212840809 0.03125
0 0.104661389622 0.15546875 0.0351802990325 0.0359375
0 0.207563764292 0.0203125 0.0316622691293 0.03125
0 0.0391380826737 0.05 0.0343007915567 0.034375
0 0.534740545295 0.93125 0.0228671943712 0.06875
0 0.470096745822 0.97421875 0.0255057167986 0.0484375
0 0.735708003518 0.56953125 0.0272647317502 0.0453125
3 0.186015831135 0.47890625 0.0219876868953 0.0390625
2 0.0246262093228 0.73359375 0.0422163588391 0.0328125
0 0.0439753737907 0.76328125 0.0369393139842 0.0578125
0 0.0545294635004 0.78359375 0.0386983289358 0.0453125
