0 0.5197889182058048 0.9265625000000001 0.021108179419525065 0.078125
0 0.494283201407212 0.8539062500000001 0.021108179419525065 0.0734375
0 0.6609498680738787 0.61640625 0.0395778364116095 0.035937500000000004
0 0.6609498680738787 0.57421875 0.03605980650835532 0.035937500000000004
0 0.7295514511873351 0.59140625 0.0395778364116095 0.0421875
0 0.7423043095866315 0.64453125 0.040457343887423045 0.0328125
0 0.48240985048372914 0.96484375 0.02198768689533861 0.0671875
0 0.29419525065963065 0.65 0.044854881266490766 0.034375
0 0.5175901495162709 0.353125 0.018469656992084433 0.06875
0 0.4973614775725594 0.33671875 0.02198768689533861 0.0578125
0 0.4890061565523307 0.28671875 0.021108179419525065 0.060937500000000006
0 0.5268249780123131 0.23671875 0.021108179419525065 0.06406250000000001
0 0.5017590149516271 0.1796875 0.020228671943711522 0.0625
0 0.11389621811785401 0.353125 0.0395778364116095 0.037500000000000006
0 0.04265611257695691 0.32734375000000004 0.03781882145998241 0.035937500000000004
2 0.5197889182058048 0.11640625 0.01759014951627089 0.0546875
2 0.5263852242744064 0.0390625 0.018469656992084433 0.0625
