0 0.751978891821 0.83671875 0.0404573438874 0.0421875
0 0.558047493404 0.8390625 0.0413368513632 0.0375
0 0.612576956904 0.78984375 0.0430958663149 0.0421875
0 0.37598944591 0.73203125 0.0413368513632 0.0359375
0 0.0598065083553 0.8484375 0.0457343887423 0.0375
0 0.139401934916 0.796875 0.0413368513632 0.0375
0 0.080035180299 0.7140625 0.0404573438874 0.034375
0 0.137642919965 0.5640625 0.0430958663149 0.0375
0 0.339929639402 0.878125 0.0448548812665 0.040625
0 0.541336851363 0.5265625 0.0219876868953 0.0625
0 0.565523306948 0.5125 0.0193491644679 0.075
0 0.532541776605 0.46640625 0.0202286719437 0.0703125
0 0.576077396658 0.38671875 0.0211081794195 0.0703125
0 0.545734388742 0.3421875 0.0219876868953 0.071875
2 0.564643799472 0.26953125 0.0193491644679 0.0609375
2 0.572999120493 0.17265625 0.0202286719437 0.0734375
0 0.226033421284 0.1046875 0.0334212840809 0.059375
4 0.981970096746 0.9109375 0.0343007915567 0.05
0 0.278364116095 0.02421875 0.0448548812665 0.0484375
0 0.241424802111 0.08046875 0.0255057167986 0.0578125
3 0.204485488127 0.13359375 0.0290237467018 0.0609375
0 0.184256816183 0.1453125 0.023746701847 0.05625
0 0.109938434477 0.18046875 0.0228671943712 0.0515625
0 0.0131926121372 0.01484375 0.0211081794195 0.0296875
3 0.0620052770449 0.18046875 0.0202286719437 0.0546875
0 0.014072119613 0.1859375 0.0193491644679 0.05625
