0 0.21855760774 0.25625 0.0395778364116 0.065625
0 0.284960422164 0.2625 0.0316622691293 0.05625
0 0.223394898857 0.709375 0.0334212840809 0.06875
2 0.131926121372 0.946875 0.0334212840809 0.06875
0 0.164467897977 0.86640625 0.0316622691293 0.0671875
0 0.192172383465 0.79296875 0.0325417766051 0.0796875
0 0.729551451187 0.7078125 0.0483729111697 0.05625
0 0.759894459103 0.815625 0.0404573438874 0.046875
0 0.502638522427 0.49765625 0.0466138962181 0.0578125
0 0.919525065963 0.95078125 0.0466138962181 0.0609375
