3 0.282761653474 0.528125 0.0307827616535 0.028125
2 0.54617414248 0.5625 0.0158311345646 0.046875
2 0.555408970976 0.47421875 0.0167106420405 0.0484375
2 0.624450307828 0.43359375 0.0158311345646 0.0453125
0 0.47889182058 0.93125 0.0219876868953 0.059375
0 0.523746701847 0.80234375 0.0219876868953 0.0609375
0 0.544415127529 0.8703125 0.0211081794195 0.065625
0 0.854881266491 0.671875 0.0334212840809 0.034375
0 0.808267370273 0.65234375 0.0351802990325 0.0359375
0 0.754617414248 0.6296875 0.0316622691293 0.034375
0 0.747581354442 0.66015625 0.0316622691293 0.0296875
0 0.698768689534 0.6390625 0.0343007915567 0.03125
0 0.69744942832 0.60859375 0.0316622691293 0.0296875
0 0.605980650836 0.57578125 0.0158311345646 0.0421875
0 0.584432717678 0.55234375 0.0167106420405 0.0453125
0 0.590589270009 0.3765625 0.0167106420405 0.04375
0 0.615215479332 0.35703125 0.0131926121372 0.0359375
0 0.627968337731 0.275 0.014072119613 0.034375
0 0.614775725594 0.1453125 0.0123131046614 0.028125
0 0.684256816183 0.05546875 0.0123131046614 0.0265625
0 0.458663148637 0.50859375 0.0307827616535 0.0265625
0 0.33201407212 0.5265625 0.0290237467018 0.03125
0 0.345646437995 0.4796875 0.0299032541777 0.025
0 0.272647317502 0.4078125 0.028144239226 0.03125
0 0.221635883905 0.3875 0.0299032541777 0.028125
0 0.186455584872 0.37421875 0.028144239226 0.0296875
0 0.210202286719 0.4765625 0.0334212840809 0.034375
0 0.116094986807 0.515625 0.0316622691293 0.028125
0 0.0813544415128 0.42890625 0.0290237467018 0.0296875
0 0.0910290237467 0.3390625 0.0272647317502 0.028125
0 0.0589270008795 0.328125 0.028144239226 0.025
0 0.0290237467018 0.31640625 0.0263852242744 0.0265625
0 0.232629727353 0.1265625 0.0167106420405 0.03125
0 0.255936675462 0.1328125 0.0158311345646 0.034375
0 0.461301671064 0.06875 0.0202286719437 0.01875
0 0.47273526825 0.0453125 0.0219876868953 0.01875
0 0.286279683377 0.02734375 0.0131926121372 0.0296875
0 0.274846086192 0.02265625 0.0131926121372 0.0265625
0 0.405892700088 0.03203125 0.0131926121372 0.0265625
3 0.176341248901 0.8421875 0.023746701847 0.04375
0 0.744063324538 0.9359375 0.0299032541777 0.059375
