0 0.269129287599 0.903125 0.0193491644679 0.065625
0 0.224274406332 0.85 0.0175901495163 0.06875
0 0.28364116095 0.80703125 0.0219876868953 0.0703125
0 0.251978891821 0.64609375 0.0167106420405 0.0578125
0 0.258575197889 0.590625 0.0158311345646 0.05625
0 0.286279683377 0.3609375 0.0149516270888 0.040625
0 0.292875989446 0.32578125 0.014072119613 0.0421875
0 0.306948109059 0.23046875 0.0105540897098 0.0328125
0 0.323658751099 0.10546875 0.0105540897098 0.0328125
0 0.326297273527 0.07578125 0.00879507475814 0.0265625
0 0.332453825858 0.04609375 0.0105540897098 0.0328125
0 0.40545294635 0.08828125 0.0105540897098 0.0296875
0 0.408531222515 0.06015625 0.00967458223395 0.0265625
3 0.27308707124 0.53203125 0.0184696569921 0.0515625
3 0.281002638522 0.40625 0.0131926121372 0.0375
3 0.798153034301 0.62890625 0.0167106420405 0.0484375
3 0.672823218997 0.52734375 0.0334212840809 0.0421875
0 0.785839929639 0.5234375 0.0184696569921 0.05
2 0.23526824978 0.96796875 0.0255057167986 0.0609375
0 0.95382585752 0.08203125 0.0167106420405 0.0390625
