0 0.5184696569920845 0.9375 0.018469656992084433 0.065625
0 0.5259454705364995 0.8296875 0.021108179419525065 0.078125
0 0.5382585751978892 0.7250000000000001 0.01934916446789798 0.07187500000000001
0 0.5633245382585752 0.76875 0.02550571679859279 0.06875
0 0.5400175901495163 0.96875 0.021108179419525065 0.059375000000000004
2 0.5505716798592788 0.8601562500000001 0.022867194371152155 0.07968750000000001
0 0.7075637642919965 0.46875 0.04133685136323659 0.034375
0 0.7080035180299032 0.42500000000000004 0.036939313984168866 0.034375
0 0.5408970976253299 0.16875 0.022867194371152155 0.065625
0 0.5642040457343888 0.15625 0.018469656992084433 0.07500000000000001
0 0.5316622691292876 0.10859375 0.02198768689533861 0.0703125
0 0.575197889182058 0.03359375 0.022867194371152155 0.0671875
0 0.13896218117854003 0.1921875 0.04397537379067722 0.037500000000000006
0 0.06288478452066842 0.16875 0.04133685136323659 0.037500000000000006
0 0.028144239226033423 0.7703125000000001 0.03869832893579596 0.065625
0 0.3403693931398417 0.5085937500000001 0.04573438874230431 0.0421875
0 0.5430958663148637 0.014843750000000001 0.016710642040457344 0.029687500000000002
