0 0.513192612137 0.88515625 0.0184696569921 0.0640625
0 0.532981530343 0.921875 0.0193491644679 0.06875
0 0.561125769569 0.9640625 0.0193491644679 0.06875
0 0.52110817942 0.77109375 0.0219876868953 0.0734375
0 0.532981530343 0.671875 0.0211081794195 0.071875
0 0.559366754617 0.715625 0.0193491644679 0.071875
2 0.544854881266 0.8078125 0.023746701847 0.084375
0 0.702286719437 0.4171875 0.0430958663149 0.0375
0 0.703605980651 0.37421875 0.0386983289358 0.0328125
0 0.98328935796 0.4984375 0.0316622691293 0.04375
0 0.334212840809 0.45390625 0.0457343887423 0.0421875
0 0.136323658751 0.14375 0.0404573438874 0.040625
0 0.0580474934037 0.11953125 0.0422163588391 0.0390625
0 0.53562005277 0.1171875 0.0211081794195 0.0625
0 0.55892700088 0.10703125 0.0202286719437 0.0734375
0 0.527704485488 0.05859375 0.0193491644679 0.0671875
0 0.014072119613 0.10546875 0.028144239226 0.0265625
0 0.498240985048 0.97734375 0.0219876868953 0.0421875
