0 0.4670184696569921 0.86328125 0.021108179419525065 0.0703125
0 0.44722955145118737 0.9656250000000001 0.0237467018469657 0.065625
0 0.41380826737027265 0.43671875000000004 0.020228671943711522 0.0671875
0 0.4569041336851363 0.35781250000000003 0.02198768689533861 0.06875
0 0.532981530343008 0.4109375 0.01934916446789798 0.065625
0 0.5461741424802111 0.33359375 0.021108179419525065 0.06406250000000001
0 0.5826737027264732 0.08750000000000001 0.020228671943711522 0.06875
0 0.5312225153913809 0.055468750000000004 0.022867194371152155 0.0734375
3 0.4925241864555849 0.7093750000000001 0.021108179419525065 0.065625
3 0.5118733509234829 0.4921875 0.026385224274406333 0.07500000000000001
0 0.31618293755496923 0.9070312500000001 0.02198768689533861 0.0671875
0 0.2744063324538259 0.96875 0.022867194371152155 0.059375000000000004
0 0.29683377308707126 0.9796875 0.018469656992084433 0.037500000000000006
2 0.03122251539138083 0.14453125 0.04133685136323659 0.0328125
0 0.052770448548812667 0.171875 0.03518029903254178 0.059375000000000004
0 0.0681618293755497 0.1921875 0.029023746701846966 0.043750000000000004
