1 0.778364116095 0.86953125 0.0668425681618 0.0546875
2 0.524186455585 0.28359375 0.0175901495163 0.0578125
2 0.530343007916 0.18828125 0.0211081794195 0.0734375
0 0.501759014952 0.53671875 0.0219876868953 0.0671875
0 0.524186455585 0.5203125 0.0193491644679 0.075
0 0.535180299033 0.4 0.0219876868953 0.075
0 0.505716798593 0.3546875 0.0228671943712 0.06875
0 0.492084432718 0.47734375 0.023746701847 0.0671875
0 0.685136323659 0.896875 0.0422163588391 0.040625
0 0.933157431838 0.8796875 0.0404573438874 0.04375
0 0.559366754617 0.79375 0.0404573438874 0.04375
0 0.405013192612 0.759375 0.0448548812665 0.040625
0 0.237027264732 0.7765625 0.0395778364116 0.03125
0 0.300791556728 0.890625 0.0422163588391 0.0375
0 0.129727352682 0.82421875 0.0430958663149 0.0421875
0 0.15127528584 0.69609375 0.0439753737907 0.0359375
0 0.094107299912 0.575 0.0439753737907 0.034375
0 0.183377308707 0.1140625 0.0307827616535 0.059375
0 0.238786279683 0.03359375 0.0413368513632 0.0609375
0 0.199208443272 0.0875 0.0290237467018 0.05
3 0.0202286719437 0.190625 0.0246262093228 0.04375
0 0.0655233069481 0.18671875 0.023746701847 0.0484375
0 0.14072119613 0.15078125 0.0246262093228 0.0515625
3 0.163148636763 0.14296875 0.0307827616535 0.0609375
0 0.01890941073 0.8578125 0.03781882146 0.0375
