0 0.48548812664907653 0.9304687500000001 0.01934916446789798 0.0671875
0 0.530782761653474 0.78515625 0.018469656992084433 0.0703125
0 0.4973614775725594 0.790625 0.02198768689533861 0.07500000000000001
0 0.5184696569920845 0.5953125 0.02198768689533861 0.065625
0 0.9810905892700088 0.63671875 0.03605980650835532 0.035937500000000004
0 0.8148636763412489 0.55078125 0.0395778364116095 0.0328125
0 0.7172383465259455 0.5632812500000001 0.03605980650835532 0.029687500000000002
0 0.7251539138082674 0.5203125000000001 0.03781882145998241 0.034375
0 0.6600703605980651 0.5046875000000001 0.03430079155672824 0.03125
0 0.6609498680738787 0.54296875 0.03781882145998241 0.0328125
0 0.14687774846086193 0.3046875 0.036939313984168866 0.03125
0 0.08091468777484609 0.2828125 0.036939313984168866 0.03125
0 0.03430079155672824 0.2734375 0.036939313984168866 0.034375
0 0.503957783641161 0.4578125 0.021108179419525065 0.0625
0 0.5013192612137204 0.31484375000000003 0.01759014951627089 0.051562500000000004
0 0.49516270888302555 0.2515625 0.01934916446789798 0.053125000000000006
0 0.530782761653474 0.21328125 0.018469656992084433 0.0546875
0 0.5065963060686016 0.17343750000000002 0.01934916446789798 0.053125000000000006
2 0.5228671943711521 0.1 0.016710642040457344 0.053125000000000006
2 0.5299032541776605 0.0390625 0.016710642040457344 0.059375000000000004
2 0.5158311345646438 0.8914062500000001 0.0237467018469657 0.07968750000000001
