0 0.24802110817941952 0.81171875 0.01759014951627089 0.06406250000000001
0 0.22075637642919965 0.7820312500000001 0.01934916446789798 0.060937500000000006
0 0.2581354441512753 0.71015625 0.020228671943711522 0.06406250000000001
0 0.26209322779243627 0.6265625 0.01759014951627089 0.05625
0 0.2770448548812665 0.540625 0.01759014951627089 0.059375000000000004
0 0.21943711521547934 0.5789062500000001 0.016710642040457344 0.0578125
0 0.24186455584872474 0.39140625 0.01759014951627089 0.051562500000000004
0 0.247141600703606 0.33906250000000004 0.012313104661389622 0.05
0 0.272207563764292 0.11796875000000001 0.013192612137203167 0.0328125
0 0.27880386983289357 0.08125 0.012313104661389622 0.040625
0 0.45646437994722955 0.9539062500000001 0.04397537379067722 0.029687500000000002
0 0.7379067722075638 0.90390625 0.04221635883905013 0.029687500000000002
0 0.8412489006156553 0.925 0.04309586631486368 0.03125
0 0.8878627968337731 0.9226562500000001 0.0395778364116095 0.035937500000000004
2 0.23350923482849606 0.6984375 0.02198768689533861 0.07187500000000001
3 0.26033421284080915 0.284375 0.01759014951627089 0.05
3 0.2660510114335972 0.1625 0.013192612137203167 0.034375
3 0.7862796833773087 0.39140625 0.01759014951627089 0.0421875
0 0.7788038698328936 0.29296875 0.020228671943711522 0.045312500000000006
0 0.2854001759014952 0.029687500000000002 0.011433597185576077 0.037500000000000006
3 0.6688654353562006 0.28984375 0.032541776605101144 0.0421875
