0 0.233948988566 0.93828125 0.0211081794195 0.0765625
0 0.261213720317 0.96328125 0.0211081794195 0.0703125
0 0.271767810026 0.85625 0.0193491644679 0.06875
0 0.276165347405 0.76484375 0.0175901495163 0.0609375
0 0.290237467018 0.67265625 0.0175901495163 0.0609375
0 0.232629727353 0.71484375 0.0184696569921 0.0640625
2 0.246701846966 0.8421875 0.023746701847 0.078125
0 0.255496921724 0.51875 0.0167106420405 0.053125
0 0.262093227792 0.4625 0.0158311345646 0.05
3 0.274406332454 0.40625 0.0193491644679 0.05625
3 0.280123131047 0.2796875 0.0149516270888 0.040625
0 0.285839929639 0.23359375 0.0123131046614 0.0390625
0 0.292436235708 0.19609375 0.0131926121372 0.0390625
0 0.303869832894 0.1 0.0131926121372 0.03125
3 0.799472295515 0.49453125 0.0193491644679 0.0421875
0 0.788478452067 0.3921875 0.0184696569921 0.046875
3 0.676341248901 0.396875 0.0351802990325 0.040625
