3 0.514511873351 0.77421875 0.0316622691293 0.0296875
3 0.638962181179 0.7546875 0.0448548812665 0.040625
0 0.690413368514 0.76875 0.0386983289358 0.03125
0 0.734828496042 0.771875 0.03781882146 0.028125
0 0.883465259455 0.771875 0.03781882146 0.03125
0 0.606860158311 0.6734375 0.0386983289358 0.034375
0 0.464819700967 0.77265625 0.0325417766051 0.0296875
0 0.426121372032 0.77109375 0.03781882146 0.0265625
0 0.361477572559 0.765625 0.0439753737907 0.034375
0 0.310466138962 0.765625 0.0334212840809 0.028125
0 0.28144239226 0.678125 0.0404573438874 0.03125
0 0.135444151275 0.76328125 0.0386983289358 0.0296875
0 0.089709762533 0.7640625 0.0386983289358 0.028125
0 0.0413368513632 0.76015625 0.0404573438874 0.0296875
0 0.117854001759 0.51953125 0.0369393139842 0.0296875
0 0.270008795075 0.509375 0.0334212840809 0.034375
0 0.311785400176 0.509375 0.0360598065084 0.025
0 0.363236587511 0.521875 0.0386983289358 0.028125
0 0.318381706245 0.46640625 0.0316622691293 0.0234375
0 0.276165347405 0.3984375 0.0316622691293 0.0625
0 0.261653474055 0.37734375 0.0290237467018 0.0515625
0 0.248460861917 0.35703125 0.0325417766051 0.0578125
0 0.232189973615 0.334375 0.028144239226 0.05625
