0 0.3781882146 0.78828125 0.0369393139842 0.0546875
0 0.273966578716 0.5953125 0.03781882146 0.040625
0 0.260334212841 0.51015625 0.0334212840809 0.0390625
0 0.321020228672 0.56171875 0.0351802990325 0.0390625
0 0.328056288478 0.59453125 0.0299032541777 0.0390625
0 0.496042216359 0.3046875 0.0211081794195 0.05
0 0.522427440633 0.28359375 0.0175901495163 0.0453125
0 0.617854001759 0.71796875 0.03781882146 0.0390625
0 0.813984168865 0.653125 0.0343007915567 0.046875
0 0.93491644679 0.8515625 0.0439753737907 0.05
0 0.805628847845 0.146875 0.0193491644679 0.040625
0 0.785400175901 0.1640625 0.0211081794195 0.04375
0 0.759454705365 0.15390625 0.0219876868953 0.0453125
0 0.984608619173 0.6546875 0.0290237467018 0.0375
