0 0.1363236587510994 0.45390625 0.029903254177660512 0.0703125
0 0.04397537379067722 0.9421875000000001 0.022867194371152155 0.08125
0 0.2726473175021988 0.68515625 0.04397537379067722 0.029687500000000002
0 0.32673702726473175 0.6875 0.0395778364116095 0.034375
0 0.415127528583993 0.6898437500000001 0.03869832893579596 0.029687500000000002
0 0.23350923482849606 0.42812500000000003 0.03430079155672824 0.021875000000000002
0 0.26341248900615655 0.3796875 0.044854881266490766 0.040625
0 0.32409850483729113 0.2984375 0.03781882145998241 0.03125
0 0.3799472295514512 0.39453125 0.040457343887423045 0.0328125
0 0.4577836411609499 0.40156250000000004 0.03781882145998241 0.034375
0 0.5321020228671944 0.40234375 0.04221635883905013 0.0328125
2 0.27880386983289357 0.33984375 0.03342128408091469 0.0328125
0 0.6763412489006156 0.275 0.040457343887423045 0.03125
0 0.5980650835532102 0.7000000000000001 0.03869832893579596 0.028125
0 0.6402814423922604 0.7015625000000001 0.04221635883905013 0.034375
0 0.6948109058927001 0.7078125000000001 0.036939313984168866 0.028125
0 0.7392260334212841 0.7117187500000001 0.04133685136323659 0.0328125
0 0.839929639401935 0.71875 0.040457343887423045 0.03125
2 0.4656992084432718 0.69453125 0.03781882145998241 0.035937500000000004
0 0.6156552330694811 0.025781250000000002 0.022867194371152155 0.0328125
0 0.6565523306948109 0.01953125 0.03781882145998241 0.0328125
0 0.6591908531222516 0.05859375 0.032541776605101144 0.026562500000000003
