2 0.6112576956904134 0.8578125000000001 0.03342128408091469 0.05625
3 0.9085312225153914 0.30703125000000003 0.029903254177660512 0.0484375
3 0.9564643799472295 0.19609375 0.02198768689533861 0.035937500000000004
0 0.7299912049252419 0.7406250000000001 0.0316622691292876 0.059375000000000004
0 0.702726473175022 0.7210937500000001 0.0316622691292876 0.0546875
0 0.7361477572559367 0.6640625 0.03342128408091469 0.05625
0 0.7656112576956905 0.60703125 0.030782761653474055 0.0546875
0 0.7739665787159191 0.51953125 0.029903254177660512 0.0546875
0 0.9182058047493404 0.46406250000000004 0.026385224274406333 0.046875
0 0.8522427440633246 0.3828125 0.028144239226033423 0.046875
0 0.8773087071240105 0.34375 0.0237467018469657 0.043750000000000004
0 0.9520668425681619 0.3328125 0.029023746701846966 0.046875
0 0.565523306948109 0.86640625 0.03342128408091469 0.0578125
0 0.530782761653474 0.7296875 0.03430079155672824 0.059375000000000004
0 0.44766930518909415 0.6101562500000001 0.029903254177660512 0.051562500000000004
0 0.24274406332453827 0.20390625 0.024626209322779244 0.0484375
0 0.29991204925241866 0.18828125 0.026385224274406333 0.045312500000000006
0 0.1996481970096746 0.340625 0.028144239226033423 0.05625
