3 0.435356200528 0.628125 0.0263852242744 0.078125
3 0.381706244503 0.428125 0.0228671943712 0.0625
0 0.458663148637 0.79375 0.023746701847 0.06875
0 0.4454705365 0.71484375 0.023746701847 0.0640625
0 0.368953386104 0.34765625 0.023746701847 0.0578125
0 0.356200527704 0.27578125 0.0263852242744 0.0734375
0 0.337730870712 0.16328125 0.028144239226 0.0796875
0 0.318381706245 0.07578125 0.0211081794195 0.0640625
0 0.46437994723 0.0859375 0.0246262093228 0.06875
0 0.912928759894 0.42890625 0.0158311345646 0.0671875
2 0.94107299912 0.4328125 0.0334212840809 0.05625
