3 0.17150395778364116 0.88671875 0.03518029903254178 0.035937500000000004
3 0.2897977132805629 0.8304687500000001 0.04309586631486368 0.0390625
3 0.7766051011433598 0.3140625 0.01934916446789798 0.065625
0 0.785839929639402 0.20468750000000002 0.0237467018469657 0.07500000000000001
0 0.7959542656112577 0.3125 0.01934916446789798 0.06875
0 0.9107299912049253 0.9625 0.0237467018469657 0.07187500000000001
0 0.8790677220756377 0.9421875000000001 0.020228671943711522 0.07187500000000001
0 0.8975373790677221 0.8328125000000001 0.02198768689533861 0.06875
0 0.8685136323658752 0.8148437500000001 0.02198768689533861 0.0765625
0 0.8320140721196131 0.7765625 0.022867194371152155 0.065625
0 0.5316622691292876 0.7859375000000001 0.0395778364116095 0.037500000000000006
0 0.5905892700087951 0.665625 0.0395778364116095 0.037500000000000006
0 0.3966578715919086 0.7406250000000001 0.040457343887423045 0.03125
0 0.3878627968337731 0.8226562500000001 0.03869832893579596 0.0328125
0 0.34212840809146877 0.8343750000000001 0.036939313984168866 0.034375
0 0.12401055408970976 0.8929687500000001 0.03342128408091469 0.0328125
0 0.08443271767810026 0.9031250000000001 0.040457343887423045 0.037500000000000006
0 0.022867194371152155 0.9140625 0.04573438874230431 0.046875
