0 0.342128408091 0.89375 0.0193491644679 0.075
0 0.352242744063 0.77578125 0.0219876868953 0.0703125
0 0.323658751099 0.71484375 0.0158311345646 0.0703125
0 0.36763412489 0.51640625 0.0193491644679 0.0671875
0 0.328056288478 0.26015625 0.0158311345646 0.0671875
0 0.318821459982 0.17890625 0.0290237467018 0.0734375
0 0.366754617414 0.075 0.0193491644679 0.071875
0 0.279683377309 0.10625 0.0193491644679 0.065625
0 0.31310466139 0.0359375 0.0193491644679 0.065625
0 0.164028144239 0.5109375 0.0413368513632 0.034375
0 0.153034300792 0.4625 0.0422163588391 0.0375
0 0.0404573438874 0.48359375 0.0439753737907 0.0359375
0 0.503518029903 0.434375 0.03781882146 0.034375
0 0.50835532102 0.4796875 0.0386983289358 0.034375
4 0.584872471416 0.44765625 0.102022867194 0.0640625
2 0.576956904134 0.50390625 0.0545294635004 0.0421875
3 0.291116974494 0.7015625 0.0175901495163 0.06875
3 0.675461741425 0.525 0.0527704485488 0.040625
0 0.915127528584 0.0390625 0.0184696569921 0.065625
0 0.956464379947 0.06015625 0.0202286719437 0.0734375
0 0.337730870712 0.98359375 0.0175901495163 0.0296875
0 0.0118733509235 0.53203125 0.023746701847 0.0359375
