2 0.277924362357 0.365625 0.0299032541777 0.03125
0 0.07563764292 0.965625 0.0193491644679 0.065625
0 0.232629727353 0.4796875 0.0360598065084 0.053125
0 0.219437115215 0.4078125 0.03781882146 0.034375
0 0.324098504837 0.32265625 0.03781882146 0.0296875
0 0.377308707124 0.41875 0.0386983289358 0.03125
0 0.35708003518 0.62734375 0.0422163588391 0.0359375
0 0.301671064204 0.71328125 0.0422163588391 0.0296875
0 0.355760773967 0.7171875 0.0395778364116 0.03125
0 0.445910290237 0.71796875 0.0404573438874 0.0296875
0 0.467897977133 0.42421875 0.0386983289358 0.0328125
0 0.534300791557 0.42578125 0.0395778364116 0.0296875
0 0.627968337731 0.72734375 0.0386983289358 0.0296875
0 0.671503957784 0.73125 0.03781882146 0.03125
0 0.725153913808 0.73515625 0.03781882146 0.0328125
0 0.770008795075 0.7390625 0.0395778364116 0.034375
0 0.704925241865 0.296875 0.0395778364116 0.028125
0 0.873350923483 0.74453125 0.0404573438874 0.0296875
0 0.685136323659 0.03984375 0.0351802990325 0.0296875
0 0.686015831135 0.07578125 0.0351802990325 0.0296875
2 0.495602462621 0.721875 0.0413368513632 0.034375
0 0.681618293755 0.01015625 0.0386983289358 0.0203125
0 0.641600703606 0.04765625 0.023746701847 0.0296875
