0 0.07475813544415127 0.29296875 0.01934916446789798 0.0703125
0 0.1978891820580475 0.42578125 0.03518029903254178 0.026562500000000003
0 0.34300791556728233 0.3921875 0.03869832893579596 0.03125
0 0.4212840809146878 0.3984375 0.03518029903254178 0.03125
0 0.23306948109058928 0.6843750000000001 0.04221635883905013 0.028125
0 0.28891820580474936 0.6875 0.04133685136323659 0.034375
0 0.3768689533861038 0.6882812500000001 0.0395778364116095 0.026562500000000003
0 0.2264731750219877 0.38046875 0.0395778364116095 0.026562500000000003
0 0.2902374670184697 0.29609375 0.036939313984168866 0.029687500000000002
0 0.5250659630606861 0.403125 0.040457343887423045 0.03125
2 0.24186455584872474 0.33671875 0.0316622691292876 0.029687500000000002
0 0.6222515391380827 0.05625 0.030782761653474055 0.034375
0 0.6398416886543536 0.2734375 0.03781882145998241 0.03125
0 0.5593667546174143 0.6984375 0.036939313984168866 0.03125
0 0.602462620932278 0.70234375 0.040457343887423045 0.035937500000000004
0 0.6552330694810906 0.70625 0.03869832893579596 0.03125
0 0.7009674582233949 0.71015625 0.040457343887423045 0.029687500000000002
0 0.8043095866314864 0.7171875000000001 0.03605980650835532 0.025
2 0.4287598944591029 0.69140625 0.03781882145998241 0.035937500000000004
0 0.007475813544415128 0.93671875 0.014951627088830256 0.07968750000000001
0 0.5813544415127528 0.025 0.022867194371152155 0.034375
0 0.6240105540897098 0.02109375 0.03781882145998241 0.035937500000000004
