2 0.9577836411609499 0.51953125 0.04397537379067722 0.0703125
0 0.23306948109058928 0.27578125000000003 0.0316622691292876 0.0421875
0 0.2537379067722076 0.36484375 0.03781882145998241 0.045312500000000006
0 0.2928759894459103 0.29453125 0.029903254177660512 0.045312500000000006
0 0.30035180299032543 0.32656250000000003 0.03605980650835532 0.040625
0 0.30826737027264733 0.359375 0.030782761653474055 0.043750000000000004
0 0.09410729991204926 0.88671875 0.04397537379067722 0.051562500000000004
0 0.3671943711521548 0.54296875 0.04133685136323659 0.045312500000000006
0 0.4705364995602463 0.9484375 0.03869832893579596 0.046875
0 0.51363236587511 0.9164062500000001 0.04221635883905013 0.0546875
0 0.6112576956904134 0.846875 0.03869832893579596 0.053125000000000006
0 0.716358839050132 0.38359375 0.03781882145998241 0.045312500000000006
0 0.8970976253298153 0.30312500000000003 0.036939313984168866 0.040625
0 0.9063324538258576 0.5593750000000001 0.0395778364116095 0.046875
0 0.4687774846086192 0.039843750000000004 0.021108179419525065 0.0546875
0 0.4956024626209323 0.022656250000000003 0.0237467018469657 0.045312500000000006
0 0.967458223394899 0.3671875 0.036939313984168866 0.043750000000000004
0 0.41688654353562005 0.9796875 0.04221635883905013 0.037500000000000006
