2 0.0694810905893 0.334375 0.0334212840809 0.028125
0 0.0294635004398 0.42109375 0.03781882146 0.0265625
0 0.0562884784521 0.37734375 0.0386983289358 0.0265625
0 0.0505716798593 0.68203125 0.0413368513632 0.0265625
0 0.107299912049 0.68359375 0.0369393139842 0.0296875
0 0.194371152155 0.68671875 0.0386983289358 0.0296875
0 0.3781882146 0.7 0.0369393139842 0.028125
0 0.412928759894 0.40546875 0.0360598065084 0.0296875
0 0.168425681618 0.390625 0.0413368513632 0.034375
0 0.251099384345 0.31015625 0.03781882146 0.0328125
0 0.470096745822 0.27578125 0.03781882146 0.0296875
0 0.420404573439 0.70234375 0.0386983289358 0.0296875
0 0.475373790677 0.70546875 0.03781882146 0.0359375
0 0.518029903254 0.7109375 0.0386983289358 0.028125
0 0.620052770449 0.72265625 0.0422163588391 0.0296875
0 0.731310466139 0.43125 0.0430958663149 0.03125
0 0.459102902375 0.01953125 0.0369393139842 0.0265625
0 0.410729991205 0.025 0.0404573438874 0.034375
0 0.458663148637 0.059375 0.0307827616535 0.03125
0 0.975373790677 0.70078125 0.0386983289358 0.0328125
2 0.246262093228 0.6921875 0.0439753737907 0.03125
