2 0.92656112577 0.409375 0.0395778364116 0.053125
0 0.342568161829 0.5671875 0.0395778364116 0.05625
0 0.215919085312 0.40859375 0.03781882146 0.0515625
0 0.251539138083 0.33203125 0.0316622691293 0.0515625
0 0.261213720317 0.365625 0.0351802990325 0.053125
0 0.270008795075 0.3953125 0.0316622691293 0.05
0 0.412049252419 0.0421875 0.023746701847 0.053125
0 0.437994722955 0.01875 0.0246262093228 0.0375
0 0.473175021988 0.94609375 0.0404573438874 0.0515625
0 0.513192612137 0.90546875 0.03781882146 0.0546875
0 0.60510114336 0.809375 0.0369393139842 0.053125
0 0.777484608619 0.240625 0.0334212840809 0.04375
0 0.87598944591 0.4671875 0.0334212840809 0.046875
0 0.931398416887 0.16875 0.0351802990325 0.034375
0 0.921723834653 0.26640625 0.0351802990325 0.0421875
0 0.956464379947 0.334375 0.0343007915567 0.053125
0 0.089709762533 0.9703125 0.0439753737907 0.05625
0 0.190853122252 0.32734375 0.0334212840809 0.0484375
