0 0.31090589270008795 0.9125000000000001 0.02726473175021988 0.078125
0 0.3390501319261214 0.7765625 0.0237467018469657 0.06875
0 0.3065083553210202 0.759375 0.02198768689533861 0.065625
0 0.39182058047493407 0.48125 0.020228671943711522 0.065625
0 0.32849604221635886 0.39453125 0.02550571679859279 0.0703125
0 0.3540017590149516 0.39375000000000004 0.02198768689533861 0.065625
0 0.34916446789797717 0.24765625000000002 0.024626209322779244 0.06406250000000001
0 0.3302550571679859 0.20859375000000002 0.02198768689533861 0.060937500000000006
0 0.39226033421284084 0.18125000000000002 0.022867194371152155 0.0625
0 0.41556728232189977 0.053125000000000006 0.02198768689533861 0.065625
0 0.5087950747581355 0.63671875 0.03781882145998241 0.045312500000000006
0 0.5092348284960423 0.58984375 0.036939313984168866 0.0421875
0 0.1693051890941073 0.55234375 0.0395778364116095 0.0421875
0 0.16578715919085313 0.49843750000000003 0.04133685136323659 0.046875
0 0.10026385224274406 0.51171875 0.04221635883905013 0.0484375
0 0.7959542656112577 0.21250000000000002 0.03342128408091469 0.0625
0 0.9472295514511874 0.35468750000000004 0.021108179419525065 0.0625
0 0.9872471416007037 0.38515625000000003 0.0237467018469657 0.0671875
2 0.5690413368513633 0.6843750000000001 0.056288478452066845 0.059375000000000004
3 0.6512752858399297 0.7289062500000001 0.05364995602462621 0.0578125
4 0.588830255057168 0.634375 0.09938434476693052 0.09375
0 0.014511873350923483 0.5242187500000001 0.029023746701846966 0.0390625
3 0.351363236587511 0.02421875 0.0237467018469657 0.0484375
0 0.8223394898856641 0.22578125000000002 0.01759014951627089 0.0421875
0 0.7708883025505717 0.13828125 0.02198768689533861 0.035937500000000004
0 0.7603342128408092 0.11093750000000001 0.02550571679859279 0.03125
3 0.7427440633245382 0.0765625 0.030782761653474055 0.037500000000000006
0 0.7387862796833773 0.039843750000000004 0.022867194371152155 0.0328125
0 0.9912049252418647 0.18125000000000002 0.0158311345646438 0.03125
