3 0.827616534741 0.4921875 0.0351802990325 0.059375
0 0.941952506596 0.78359375 0.0404573438874 0.0328125
0 0.921723834653 0.68984375 0.0369393139842 0.0296875
0 0.979331574318 0.50625 0.0395778364116 0.03125
0 0.714160070361 0.5015625 0.0369393139842 0.034375
0 0.693491644679 0.68359375 0.03781882146 0.0359375
0 0.648197009675 0.63046875 0.0386983289358 0.0296875
0 0.643799472296 0.55703125 0.0351802990325 0.0359375
0 0.60290237467 0.58046875 0.0360598065084 0.0296875
0 0.545734388742 0.90703125 0.0184696569921 0.0734375
0 0.519788918206 0.91640625 0.0193491644679 0.0765625
0 0.504397537379 0.6484375 0.03781882146 0.03125
0 0.555408970976 0.54296875 0.03781882146 0.0265625
0 0.442392260334 0.584375 0.0351802990325 0.028125
0 0.246701846966 0.5234375 0.0395778364116 0.03125
0 0.562005277045 0.33515625 0.0158311345646 0.0609375
0 0.522427440633 0.31015625 0.0175901495163 0.0640625
0 0.497361477573 0.32890625 0.0167106420405 0.0640625
0 0.501759014952 0.25 0.0167106420405 0.06875
0 0.510114335972 0.10390625 0.0158311345646 0.0578125
0 0.481530343008 0.0890625 0.0167106420405 0.0625
2 0.783201407212 0.5625 0.0343007915567 0.034375
