0 0.465259454705365 0.80078125 0.024626209322779244 0.0671875
0 0.4516270888302551 0.721875 0.0237467018469657 0.06875
0 0.37467018469656993 0.3484375 0.021108179419525065 0.05625
0 0.36103781882146 0.28203125 0.02726473175021988 0.0703125
0 0.34256816182937555 0.17109375000000002 0.02726473175021988 0.0765625
0 0.32409850483729113 0.08203125 0.0237467018469657 0.060937500000000006
0 0.47097625329815307 0.09140625000000001 0.02726473175021988 0.0703125
3 0.4419525065963061 0.63046875 0.029023746701846966 0.0765625
3 0.3878627968337731 0.43203125000000003 0.022867194371152155 0.060937500000000006
0 0.46306068601583117 0.0171875 0.020228671943711522 0.034375
2 0.9494283201407212 0.43828125 0.032541776605101144 0.0546875
0 0.9221635883905014 0.43203125000000003 0.0237467018469657 0.06406250000000001
