2 0.147317502199 0.3296875 0.0325417766051 0.03125
0 0.133245382586 0.67734375 0.0448548812665 0.0265625
0 0.105540897098 0.41875 0.0369393139842 0.025
0 0.134124890062 0.37421875 0.03781882146 0.0296875
0 0.203605980651 0.28984375 0.0395778364116 0.0296875
0 0.247581354442 0.3859375 0.03781882146 0.034375
0 0.345206684257 0.39453125 0.03781882146 0.0328125
0 0.192172383465 0.68203125 0.0360598065084 0.0265625
0 0.279683377309 0.6859375 0.0386983289358 0.028125
0 0.461301671064 0.6953125 0.0360598065084 0.028125
0 0.504397537379 0.70078125 0.0395778364116 0.0296875
0 0.558047493404 0.70625 0.03781882146 0.03125
0 0.602022867194 0.70859375 0.0360598065084 0.0296875
0 0.705364995602 0.721875 0.0351802990325 0.025
0 0.515391380827 0.4078125 0.0404573438874 0.03125
0 0.548812664908 0.27265625 0.0386983289358 0.0328125
0 0.53562005277 0.05390625 0.0334212840809 0.0296875
0 0.534740545295 0.01875 0.0404573438874 0.028125
0 0.488126649077 0.02109375 0.0334212840809 0.0296875
2 0.328935795954 0.68671875 0.0386983289358 0.0390625
