2 0.295074758135 0.33828125 0.0325417766051 0.0328125
0 0.334652594547 0.29453125 0.0360598065084 0.0328125
0 0.264291996482 0.378125 0.03781882146 0.028125
0 0.233509234828 0.55703125 0.0430958663149 0.0484375
0 0.241424802111 0.43203125 0.0360598065084 0.0359375
0 0.390061565523 0.38984375 0.0395778364116 0.0328125
0 0.469217238347 0.39296875 0.0360598065084 0.0296875
0 0.533861037819 0.3953125 0.0404573438874 0.028125
0 0.065963060686 0.93125 0.0228671943712 0.078125
0 0.293315743184 0.68046875 0.0448548812665 0.0296875
0 0.347845206684 0.68359375 0.0413368513632 0.0296875
0 0.43491644679 0.68359375 0.0343007915567 0.0296875
0 0.616974494283 0.69296875 0.0360598065084 0.0265625
0 0.660510114336 0.696875 0.0404573438874 0.028125
0 0.714599824099 0.7 0.03781882146 0.028125
0 0.758575197889 0.703125 0.0395778364116 0.03125
0 0.694810905893 0.26796875 0.0386983289358 0.0296875
0 0.676341248901 0.05078125 0.0334212840809 0.0296875
0 0.860598065084 0.71171875 0.0413368513632 0.0296875
2 0.485927880387 0.68984375 0.0395778364116 0.0328125
0 0.636323658751 0.01875 0.0184696569921 0.028125
0 0.675021987687 0.01640625 0.0360598065084 0.0296875
