3 0.607299912049 0.76640625 0.0343007915567 0.0328125
3 0.734388742304 0.7484375 0.0439753737907 0.03125
0 0.0193491644679 0.7515625 0.0386983289358 0.034375
0 0.0615655233069 0.75078125 0.0404573438874 0.0296875
0 0.13236587511 0.75078125 0.0395778364116 0.0296875
0 0.18073878628 0.75703125 0.03781882146 0.0265625
0 0.227352682498 0.753125 0.03781882146 0.028125
0 0.204485488127 0.66171875 0.0413368513632 0.0328125
0 0.209762532982 0.51015625 0.03781882146 0.0265625
0 0.364116094987 0.50078125 0.0334212840809 0.0296875
0 0.403254177661 0.4984375 0.0360598065084 0.025
0 0.455584872471 0.5125 0.0386983289358 0.03125
0 0.411169744943 0.45859375 0.0395778364116 0.0296875
0 0.368513632366 0.38984375 0.0299032541777 0.0578125
0 0.353562005277 0.36875 0.028144239226 0.05625
0 0.339489885664 0.346875 0.0299032541777 0.0625
0 0.322339489886 0.325 0.0307827616535 0.05625
0 0.402814423923 0.7546875 0.0351802990325 0.03125
0 0.455145118734 0.75546875 0.0413368513632 0.0328125
0 0.518029903254 0.76015625 0.0386983289358 0.0328125
0 0.553210202287 0.6625 0.0404573438874 0.034375
0 0.559366754617 0.759375 0.0316622691293 0.03125
0 0.785839929639 0.76328125 0.03781882146 0.0296875
0 0.830255057168 0.76484375 0.0386983289358 0.0328125
0 0.980211081794 0.7671875 0.03781882146 0.034375
