2 0.822779243624 0.32734375 0.0589270008795 0.0609375
3 0.295514511873 0.11328125 0.0439753737907 0.0515625
3 0.930079155673 0.2484375 0.0554089709763 0.059375
4 0.766490765172 0.30859375 0.104661389622 0.1015625
0 0.682497801231 0.4203125 0.0386983289358 0.04375
0 0.658751099384 0.38828125 0.0386983289358 0.0453125
0 0.641600703606 0.9015625 0.0255057167986 0.06875
0 0.606420404573 0.89140625 0.0255057167986 0.0671875
0 0.608179419525 0.76953125 0.0255057167986 0.0671875
0 0.54617414248 0.63671875 0.028144239226 0.0703125
0 0.257695690413 0.91640625 0.0369393139842 0.0484375
0 0.346525945471 0.7859375 0.0404573438874 0.046875
0 0.365875109938 0.72265625 0.0404573438874 0.0484375
0 0.0791556728232 0.98046875 0.0422163588391 0.0359375
0 0.448548812665 0.34765625 0.0246262093228 0.0640625
0 0.426121372032 0.253125 0.0272647317502 0.071875
0 0.376429199648 0.30234375 0.0263852242744 0.0703125
0 0.371591908531 0.0296875 0.0272647317502 0.059375
0 0.341688654354 0.0203125 0.023746701847 0.040625
3 0.463060686016 0.48359375 0.0255057167986 0.0640625
0 0.65963060686 0.9765625 0.0228671943712 0.04375
