0 0.6411609498680739 0.9539062500000001 0.03518029903254178 0.060937500000000006
0 0.5343007915567283 0.7820312500000001 0.032541776605101144 0.060937500000000006
0 0.5017590149516271 0.7296875 0.03430079155672824 0.05625
0 0.33421284080914687 0.47187500000000004 0.028144239226033423 0.05
0 0.3034300791556728 0.42500000000000004 0.036939313984168866 0.059375000000000004
0 0.25505716798592787 0.3453125 0.036939313984168866 0.059375000000000004
0 0.21503957783641162 0.2828125 0.032541776605101144 0.05625
0 0.3465259454705365 0.16328125000000002 0.036939313984168866 0.060937500000000006
0 0.3122251539138083 0.09062500000000001 0.0316622691292876 0.05
0 0.27880386983289357 0.0421875 0.03518029903254178 0.046875
0 0.079155672823219 0.0734375 0.036939313984168866 0.0625
2 0.31794195250659635 0.203125 0.03430079155672824 0.05625
2 0.20052770448548812 0.0234375 0.029903254177660512 0.046875
3 0.36939313984168864 0.5328125 0.0316622691292876 0.053125000000000006
3 0.46965699208443273 0.6585937500000001 0.03869832893579596 0.06406250000000001
0 0.040457343887423045 0.022656250000000003 0.036939313984168866 0.045312500000000006
