0 0.1838170624450308 0.9546875 0.040457343887423045 0.046875
0 0.22779243623570802 0.93359375 0.03869832893579596 0.0484375
0 0.36631486367634125 0.8539062500000001 0.04133685136323659 0.045312500000000006
0 0.3966578715919086 0.76953125 0.03869832893579596 0.045312500000000006
0 0.47449428320140724 0.67890625 0.03781882145998241 0.045312500000000006
0 0.5664028144239226 0.20859375000000002 0.024626209322779244 0.0734375
0 0.5844327176781003 0.31171875000000004 0.02198768689533861 0.0671875
0 0.5149516270888302 0.253125 0.0237467018469657 0.078125
3 0.4252418645558487 0.04296875 0.0395778364116095 0.0484375
3 0.5699208443271768 0.35234375 0.024626209322779244 0.06406250000000001
3 0.133245382585752 0.96796875 0.04661389621811786 0.0484375
0 0.036939313984168866 0.9773437500000001 0.04221635883905013 0.0421875
0 0.6701846965699209 0.915625 0.021108179419525065 0.06875
0 0.7203166226912929 0.90234375 0.022867194371152155 0.0671875
0 0.7528583992963941 0.909375 0.022867194371152155 0.07500000000000001
0 0.7299912049252419 0.78828125 0.022867194371152155 0.0734375
0 0.6939313984168866 0.74765625 0.026385224274406333 0.0734375
0 0.7941952506596306 0.3875 0.040457343887423045 0.043750000000000004
0 0.8346525945470537 0.41328125000000004 0.03869832893579596 0.0390625
4 0.9494283201407212 0.29921875000000003 0.09938434476693052 0.0890625
0 0.7686895338610379 0.98359375 0.01934916446789798 0.029687500000000002
