0 0.41688654353562005 0.05234375 0.0316622691292876 0.029687500000000002
0 0.38522427440633245 0.671875 0.021108179419525065 0.07500000000000001
0 0.49516270888302555 0.67578125 0.01759014951627089 0.0703125
0 0.5153913808267371 0.675 0.0158311345646438 0.06875
0 0.5558487247141601 0.675 0.01934916446789798 0.06875
0 0.5769569041336852 0.6898437500000001 0.014072119613016711 0.0546875
0 0.30167106420404577 0.85078125 0.01934916446789798 0.0734375
3 0.3232189973614776 0.85546875 0.02198768689533861 0.0765625
0 0.3452066842568162 0.8679687500000001 0.018469656992084433 0.07968750000000001
0 0.36939313984168864 0.8703125 0.014072119613016711 0.0625
0 0.3891820580474934 0.875 0.016710642040457344 0.07500000000000001
0 0.43139841688654357 0.8703125 0.018469656992084433 0.06875
0 0.5686015831134565 0.8851562500000001 0.016710642040457344 0.0703125
0 0.6926121372031663 0.8703125 0.04309586631486368 0.034375
0 0.6842568161829375 0.95234375 0.03869832893579596 0.029687500000000002
0 0.32893579595426564 0.9703125 0.01759014951627089 0.05625
0 0.35092348284960423 0.96875 0.01934916446789798 0.059375000000000004
