2 0.7537379067722076 0.71796875 0.03518029903254178 0.0390625
3 0.8641160949868074 0.68359375 0.03605980650835532 0.0578125
0 0.7730870712401056 0.8671875 0.03869832893579596 0.037500000000000006
0 0.7449428320140722 0.8046875 0.040457343887423045 0.040625
0 0.5910290237467019 0.7835937500000001 0.04221635883905013 0.0421875
0 0.6292875989445911 0.7156250000000001 0.03605980650835532 0.040625
0 0.6301671064204046 0.67890625 0.03605980650835532 0.0421875
0 0.532981530343008 0.65 0.036939313984168866 0.034375
0 0.4674582233948989 0.6781250000000001 0.03430079155672824 0.03125
0 0.5413368513632366 0.43671875000000004 0.020228671943711522 0.060937500000000006
0 0.5672823218997362 0.42578125 0.021108179419525065 0.060937500000000006
0 0.6090589270008795 0.38515625000000003 0.014951627088830256 0.060937500000000006
0 0.5514511873350924 0.36328125 0.021108179419525065 0.06406250000000001
0 0.5659630606860159 0.2625 0.016710642040457344 0.059375000000000004
0 0.5448548812664908 0.20703125 0.018469656992084433 0.060937500000000006
0 0.5721196130167107 0.02421875 0.018469656992084433 0.0484375
0 0.747141600703606 0.66328125 0.03781882145998241 0.0390625
0 0.20932277924362358 0.5390625 0.040457343887423045 0.040625
