0 0.518029903254 0.74296875 0.0299032541777 0.0671875
0 0.536939313984 0.7078125 0.0272647317502 0.0625
0 0.908970976253 0.77109375 0.0413368513632 0.0359375
0 0.285400175901 0.7046875 0.03781882146 0.053125
0 0.382145998241 0.5828125 0.0360598065084 0.05625
0 0.348284960422 0.56796875 0.0351802990325 0.0484375
0 0.340809146878 0.51484375 0.03781882146 0.0578125
0 0.448988566403 0.5328125 0.0360598065084 0.05
0 0.484168865435 0.390625 0.0325417766051 0.046875
0 0.456024626209 0.31796875 0.03781882146 0.0328125
0 0.527704485488 0.315625 0.0351802990325 0.040625
0 0.600263852243 0.26015625 0.0360598065084 0.0453125
0 0.613016710642 0.3421875 0.0316622691293 0.046875
0 0.542216358839 0.21796875 0.0325417766051 0.0453125
0 0.305189094107 0.29375 0.0263852242744 0.065625
0 0.321020228672 0.25234375 0.028144239226 0.0640625
0 0.280123131047 0.21953125 0.0290237467018 0.0640625
0 0.206684256816 0.0984375 0.0263852242744 0.059375
3 0.625329815303 0.09609375 0.0193491644679 0.0640625
3 0.587510993843 0.959375 0.0404573438874 0.078125
2 0.549252418646 0.853125 0.0430958663149 0.103125
4 0.582233948989 0.83984375 0.0686015831135 0.1796875
0 0.792875989446 0.2171875 0.0343007915567 0.053125
2 0.793315743184 0.0203125 0.0369393139842 0.040625
3 0.917326297274 0.5984375 0.028144239226 0.034375
0 0.91380826737 0.64140625 0.0351802990325 0.0328125
0 0.916446789798 0.68046875 0.0228671943712 0.0296875
0 0.924802110818 0.81796875 0.023746701847 0.0265625
0 0.927000879507 0.56640625 0.0228671943712 0.0265625
0 0.960861917326 0.45703125 0.0272647317502 0.0421875
