0 0.0760773966579 0.5515625 0.0360598065084 0.028125
0 0.125329815303 0.5640625 0.0395778364116 0.028125
0 0.0769569041337 0.80859375 0.0343007915567 0.0328125
0 0.128408091469 0.8078125 0.0439753737907 0.03125
0 0.192172383465 0.8078125 0.0395778364116 0.034375
0 0.231750219877 0.80859375 0.0307827616535 0.0296875
0 0.364995602463 0.71171875 0.0386983289358 0.0296875
0 0.453386103782 0.7859375 0.0360598065084 0.03125
0 0.497361477573 0.7859375 0.0360598065084 0.028125
0 0.622691292876 0.678125 0.0404573438874 0.034375
0 0.643359718558 0.7765625 0.03781882146 0.03125
0 0.978452066843 0.71875 0.03781882146 0.0625
0 0.937994722955 0.35859375 0.0184696569921 0.0703125
0 0.935356200528 0.25078125 0.0219876868953 0.0796875
3 0.916446789798 0.35625 0.0193491644679 0.06875
3 0.279683377309 0.80625 0.0316622691293 0.028125
3 0.400175901495 0.77734375 0.0422163588391 0.0328125
0 0.980211081794 0.87265625 0.0219876868953 0.0765625
