0 0.253737906772 0.86796875 0.0360598065084 0.0671875
0 0.327176781003 0.71953125 0.0316622691293 0.0640625
0 0.320580474934 0.65546875 0.0307827616535 0.0609375
0 0.386103781882 0.621875 0.0334212840809 0.0625
0 0.347845206684 0.5125 0.0325417766051 0.065625
0 0.431838170624 0.40625 0.0299032541777 0.05625
0 0.513192612137 0.36953125 0.0290237467018 0.0546875
0 0.419964819701 0.328125 0.0325417766051 0.05
0 0.484608619173 0.28671875 0.0334212840809 0.0515625
0 0.542656112577 0.1921875 0.0299032541777 0.05625
0 0.701846965699 0.1 0.0299032541777 0.053125
3 0.521987686895 0.05703125 0.0184696569921 0.0734375
0 0.248021108179 0.3484375 0.0351802990325 0.059375
0 0.239226033421 0.39765625 0.0334212840809 0.0578125
0 0.203166226913 0.33359375 0.0369393139842 0.0609375
0 0.110817941953 0.25546875 0.0334212840809 0.0546875
0 0.516270888303 0.73046875 0.0316622691293 0.0609375
0 0.528144239226 0.68671875 0.0360598065084 0.0609375
2 0.561565523307 0.82109375 0.051890941073 0.0890625
3 0.617854001759 0.9140625 0.0483729111697 0.0875
4 0.591029023747 0.78984375 0.089709762533 0.1578125
0 0.885224274406 0.56484375 0.0395778364116 0.0453125
0 0.872031662269 0.44375 0.0325417766051 0.03125
0 0.0175901495163 0.0890625 0.0316622691293 0.053125
0 0.460422163588 0.2109375 0.0290237467018 0.05625
0 0.959542656113 0.07734375 0.0211081794195 0.0421875
0 0.94107299912 0.1 0.0246262093228 0.05
0 0.933157431838 0.13046875 0.0175901495163 0.0265625
0 0.890501319261 0.246875 0.0255057167986 0.040625
0 0.872911169745 0.365625 0.0343007915567 0.025
3 0.865875109938 0.403125 0.0307827616535 0.03125
0 0.87598944591 0.478125 0.0263852242744 0.03125
0 0.905892700088 0.60390625 0.0263852242744 0.0421875
