2 0.11169744942832015 0.32734375000000004 0.0316622691292876 0.029687500000000002
0 0.07167985927880387 0.4140625 0.03605980650835532 0.028125
0 0.09806508355321021 0.37265625 0.0395778364116095 0.029687500000000002
0 0.17458223394898859 0.2859375 0.03781882145998241 0.03125
0 0.21108179419525067 0.3828125 0.03869832893579596 0.034375
0 0.09586631486367635 0.6742187500000001 0.04397537379067722 0.0328125
0 0.15259454705364997 0.67890625 0.0395778364116095 0.029687500000000002
0 0.24142480211081796 0.6804687500000001 0.03605980650835532 0.029687500000000002
0 0.3227792436235708 0.3921875 0.036939313984168866 0.03125
0 0.42700087950747584 0.69453125 0.03605980650835532 0.0328125
0 0.4674582233948989 0.6960937500000001 0.03781882145998241 0.026562500000000003
0 0.5184696569920845 0.40859375000000003 0.04133685136323659 0.0328125
0 0.5131926121372032 0.2703125 0.03781882145998241 0.025
0 0.5211081794195251 0.7015625000000001 0.03781882145998241 0.03125
0 0.563764291996482 0.7039062500000001 0.03869832893579596 0.029687500000000002
0 0.6666666666666667 0.7171875000000001 0.04221635883905013 0.034375
0 0.45074758135444154 0.0171875 0.03781882145998241 0.03125
0 0.5021987686895338 0.015625 0.03518029903254178 0.03125
0 0.5017590149516271 0.05078125 0.032541776605101144 0.029687500000000002
2 0.2911169744942832 0.68515625 0.04573438874230431 0.0390625
