3 0.662269129288 0.6765625 0.0545294635004 0.05
3 0.265171503958 0.93671875 0.0202286719437 0.0703125
2 0.571240105541 0.64375 0.051890941073 0.046875
4 0.585312225154 0.590625 0.101143359719 0.078125
0 0.507915567282 0.6109375 0.03781882146 0.0375
0 0.505277044855 0.56328125 0.03781882146 0.0390625
0 0.372471416007 0.55390625 0.0184696569921 0.0640625
0 0.32145998241 0.96640625 0.0272647317502 0.0640625
0 0.339929639402 0.84453125 0.023746701847 0.0734375
0 0.311785400176 0.79609375 0.0202286719437 0.0703125
0 0.339050131926 0.3828125 0.0202286719437 0.0625
0 0.323218997361 0.33359375 0.0255057167986 0.0671875
0 0.33201407212 0.1984375 0.0202286719437 0.065625
0 0.30255057168 0.2140625 0.0211081794195 0.065625
0 0.365875109938 0.13515625 0.0211081794195 0.0671875
0 0.403693931398 0.05078125 0.0211081794195 0.0640625
0 0.163148636763 0.59140625 0.0413368513632 0.0359375
0 0.155233069481 0.53828125 0.0448548812665 0.0421875
0 0.0703605980651 0.55625 0.0422163588391 0.040625
0 0.966138962181 0.2640625 0.0202286719437 0.065625
0 0.925681618294 0.240625 0.0184696569921 0.0625
0 0.766930518909 0.128125 0.0316622691293 0.0625
0 0.966578715919 0.06484375 0.0369393139842 0.0359375
0 0.00923482849604 0.59453125 0.0184696569921 0.0296875
0 0.792436235708 0.14375 0.0193491644679 0.05
0 0.735708003518 0.0640625 0.0255057167986 0.05
0 0.721635883905 0.03515625 0.0290237467018 0.0484375
3 0.311345646438 0.021875 0.0228671943712 0.04375
0 0.379507475814 0.02109375 0.0149516270888 0.0421875
