3 0.18865435356200527 0.9281250000000001 0.04661389621811786 0.05
3 0.6336851363236587 0.31171875000000004 0.0237467018469657 0.0703125
0 0.637203166226913 0.19453125000000002 0.02550571679859279 0.0765625
0 0.5853122251539138 0.23828125 0.0237467018469657 0.08281250000000001
0 0.6530343007915568 0.30078125 0.02198768689533861 0.0671875
0 0.8627968337730871 0.3921875 0.04221635883905013 0.040625
0 0.9199648197009676 0.4109375 0.03869832893579596 0.040625
0 0.8100263852242744 0.9171875 0.024626209322779244 0.078125
0 0.7889182058047494 0.790625 0.022867194371152155 0.065625
0 0.758575197889182 0.7718750000000001 0.02726473175021988 0.07500000000000001
0 0.7774846086191733 0.9031250000000001 0.022867194371152155 0.06875
0 0.7216358839050132 0.8617187500000001 0.018469656992084433 0.0734375
0 0.523306948109059 0.6671875 0.03869832893579596 0.043750000000000004
0 0.4094107299912049 0.76484375 0.0395778364116095 0.0390625
0 0.4252418645558487 0.8234375 0.03781882145998241 0.043750000000000004
0 0.28408091468777485 0.89609375 0.036939313984168866 0.0421875
0 0.23966578715919087 0.9148437500000001 0.03605980650835532 0.0421875
