2 0.0866314863676 0.32578125 0.0325417766051 0.0328125
0 0.0479331574318 0.41484375 0.03781882146 0.0296875
0 0.0738786279683 0.36953125 0.0404573438874 0.0296875
0 0.162269129288 0.28828125 0.03781882146 0.0328125
0 0.188214599824 0.38203125 0.0439753737907 0.0328125
0 0.313984168865 0.39375 0.0386983289358 0.034375
0 0.0699208443272 0.67109375 0.0448548812665 0.0296875
0 0.128408091469 0.6765625 0.0404573438874 0.03125
0 0.214160070361 0.6796875 0.0430958663149 0.034375
0 0.398416886544 0.69140625 0.0369393139842 0.0296875
0 0.441512752858 0.69453125 0.0422163588391 0.0328125
0 0.494283201407 0.6984375 0.0386983289358 0.03125
0 0.53781882146 0.70234375 0.03781882146 0.0296875
0 0.642040457344 0.71328125 0.0386983289358 0.0296875
0 0.536499560246 0.4125 0.0422163588391 0.034375
0 0.489006156552 0.26796875 0.0386983289358 0.0265625
2 0.265611257696 0.6828125 0.0439753737907 0.03125
0 0.476693051891 0.0125 0.0386983289358 0.025
0 0.427440633245 0.01484375 0.0404573438874 0.0296875
0 0.477132805629 0.05 0.0325417766051 0.034375
0 0.986367634125 0.69140625 0.0255057167986 0.0328125
