2 0.9802110817941952 0.66171875 0.03781882145998241 0.051562500000000004
0 0.09410729991204926 0.96796875 0.04397537379067722 0.0484375
0 0.37950747581354444 0.6429687500000001 0.03605980650835532 0.0484375
0 0.27352682497801234 0.45390625 0.03869832893579596 0.045312500000000006
0 0.3293755496921724 0.453125 0.029023746701846966 0.043750000000000004
0 0.3214599824098505 0.42265625 0.03781882145998241 0.0390625
0 0.316622691292876 0.3875 0.0316622691292876 0.040625
0 0.4973614775725594 0.6390625000000001 0.03605980650835532 0.040625
0 0.6877748460861918 0.58828125 0.03518029903254178 0.0421875
0 0.6169744942832014 0.96796875 0.03605980650835532 0.045312500000000006
0 0.9234828496042217 0.7046875 0.03869832893579596 0.043750000000000004
0 0.9357959542656114 0.43671875000000004 0.03869832893579596 0.0390625
0 0.25725593667546176 0.36640625000000004 0.032541776605101144 0.035937500000000004
0 0.49516270888302555 0.15625 0.021108179419525065 0.05625
0 0.5228671943711521 0.1328125 0.020228671943711522 0.05
