0 0.476693051891 0.96484375 0.0263852242744 0.0671875
0 0.462620932278 0.8875 0.0228671943712 0.0625
0 0.386103781882 0.51328125 0.0228671943712 0.0578125
0 0.371591908531 0.44453125 0.0255057167986 0.0671875
0 0.351363236588 0.334375 0.0290237467018 0.075
0 0.333333333333 0.2453125 0.0228671943712 0.059375
0 0.478012313105 0.253125 0.0255057167986 0.071875
0 0.493843447669 0.159375 0.0219876868953 0.065625
0 0.470096745822 0.1609375 0.023746701847 0.065625
0 0.455145118734 0.0890625 0.0272647317502 0.053125
0 0.513192612137 0.06015625 0.0395778364116 0.0484375
0 0.52110817942 0.02890625 0.0325417766051 0.0390625
3 0.397977132806 0.59296875 0.0219876868953 0.0578125
3 0.452066842568 0.7984375 0.0263852242744 0.075
2 0.963500439754 0.58984375 0.0343007915567 0.0546875
2 0.915127528584 0.5828125 0.0219876868953 0.065625
0 0.934036939314 0.58515625 0.0193491644679 0.0671875
