0 0.9371152154793316 0.76953125 0.0395778364116095 0.035937500000000004
0 0.7875989445910291 0.77109375 0.0395778364116095 0.0328125
0 0.741424802110818 0.7664062500000001 0.03869832893579596 0.029687500000000002
0 0.5866314863676342 0.6671875 0.040457343887423045 0.034375
0 0.5171503957783642 0.7679687500000001 0.0316622691292876 0.029687500000000002
0 0.47713280562884786 0.76484375 0.03781882145998241 0.029687500000000002
0 0.4133685136323659 0.7601562500000001 0.04221635883905013 0.0328125
0 0.36103781882146 0.7609375 0.032541776605101144 0.028125
0 0.1851363236587511 0.7585937500000001 0.04133685136323659 0.0328125
0 0.13852242744063326 0.759375 0.03781882145998241 0.028125
0 0.0919085312225154 0.7585937500000001 0.0395778364116095 0.035937500000000004
0 0.24890061565523308 0.6726562500000001 0.040457343887423045 0.029687500000000002
0 0.36367634124890064 0.5046875000000001 0.03430079155672824 0.025
0 0.41424802110817943 0.51875 0.036939313984168866 0.03125
0 0.3214599824098505 0.503125 0.032541776605101144 0.028125
0 0.16886543535620052 0.51328125 0.040457343887423045 0.026562500000000003
0 0.02154793315743184 0.7562500000000001 0.04309586631486368 0.03125
0 0.3276165347405453 0.39687500000000003 0.030782761653474055 0.05625
0 0.3702726473175022 0.4625 0.03869832893579596 0.034375
0 0.3122251539138083 0.371875 0.0316622691292876 0.053125000000000006
0 0.2990325417766051 0.353125 0.03342128408091469 0.059375000000000004
0 0.2823218997361478 0.328125 0.028144239226033423 0.053125000000000006
3 0.5642040457343888 0.77109375 0.03430079155672824 0.029687500000000002
3 0.6912928759894459 0.7523437500000001 0.04397537379067722 0.0328125
