2 0.13060686015831136 0.571875 0.032541776605101144 0.03125
0 0.04925241864555849 0.9359375000000001 0.0474934036939314 0.03125
0 0.10861917326297274 0.9343750000000001 0.04133685136323659 0.03125
0 0.20140721196130168 0.92734375 0.04221635883905013 0.029687500000000002
0 0.3927000879507476 0.9171875 0.0395778364116095 0.03125
0 0.4371152154793316 0.9164062500000001 0.04221635883905013 0.0328125
0 0.31750219876868957 0.64609375 0.036939313984168866 0.029687500000000002
0 0.17282321899736147 0.6171875 0.0395778364116095 0.03125
0 0.05760773966578716 0.6203125 0.0395778364116095 0.028125
0 0.4736147757255937 0.46875 0.03781882145998241 0.028125
0 0.40633245382585753 0.23359375000000002 0.036939313984168866 0.0328125
0 0.45338610378188215 0.22578125000000002 0.03605980650835532 0.026562500000000003
0 0.45558487247141605 0.26015625000000003 0.029903254177660512 0.0328125
0 0.4547053649956025 0.18984375 0.03342128408091469 0.029687500000000002
0 0.4916446789797714 0.9148437500000001 0.040457343887423045 0.029687500000000002
0 0.5391380826737028 0.915625 0.040457343887423045 0.028125
0 0.6473175021987687 0.91171875 0.04221635883905013 0.029687500000000002
2 0.25241864555848725 0.9234375 0.04397537379067722 0.03125
0 0.40281442392260336 0.14296875 0.029903254177660512 0.026562500000000003
0 0.6697449428320141 0.047656250000000004 0.018469656992084433 0.060937500000000006
0 0.7014072119613017 0.03828125 0.016710642040457344 0.051562500000000004
0 0.009234828496042216 0.5281250000000001 0.018469656992084433 0.034375
