2 0.15127528584 0.5734375 0.0334212840809 0.028125
0 0.0303430079156 0.54140625 0.0395778364116 0.0296875
0 0.0571679859279 0.62265625 0.0369393139842 0.0296875
0 0.171064204046 0.6203125 0.0413368513632 0.034375
0 0.370712401055 0.63671875 0.03781882146 0.0328125
0 0.473175021988 0.4671875 0.0404573438874 0.028125
0 0.403693931398 0.2328125 0.0369393139842 0.028125
0 0.454265611258 0.2578125 0.0307827616535 0.03125
0 0.45382585752 0.22421875 0.0369393139842 0.0296875
0 0.451187335092 0.18828125 0.0369393139842 0.0265625
0 0.402814423923 0.1421875 0.0316622691293 0.028125
0 0.669744942832 0.04453125 0.0167106420405 0.0578125
0 0.701407211961 0.0375 0.0149516270888 0.053125
0 0.0483729111697 0.940625 0.0474934036939 0.034375
0 0.108619173263 0.9359375 0.0430958663149 0.03125
0 0.200087950748 0.928125 0.0430958663149 0.03125
0 0.392260334213 0.91875 0.0404573438874 0.03125
0 0.437115215479 0.91640625 0.0439753737907 0.0359375
0 0.493403693931 0.915625 0.0404573438874 0.03125
0 0.537379067722 0.9125 0.0422163588391 0.03125
0 0.647317502199 0.9109375 0.0439753737907 0.028125
2 0.251099384345 0.92265625 0.0430958663149 0.0328125
0 0.992963940193 0.8421875 0.0123131046614 0.034375
