2 0.2911169744942832 0.33828125000000003 0.029903254177660512 0.026562500000000003
0 0.18249780123131049 0.515625 0.03781882145998241 0.0625
0 0.05716798592788039 0.9375 0.021108179419525065 0.08125
0 0.28583992963940197 0.6828125 0.04221635883905013 0.03125
0 0.33948988566402816 0.68671875 0.040457343887423045 0.029687500000000002
0 0.42963940193491645 0.6882812500000001 0.03781882145998241 0.026562500000000003
0 0.6130167106420404 0.69921875 0.036939313984168866 0.029687500000000002
0 0.6543535620052771 0.6976562500000001 0.040457343887423045 0.029687500000000002
0 0.7088830255057168 0.703125 0.03518029903254178 0.03125
0 0.7519788918205805 0.70625 0.040457343887423045 0.025
0 0.8544415127528584 0.7125 0.0395778364116095 0.028125
0 0.4670184696569921 0.39687500000000003 0.036939313984168866 0.028125
0 0.3887423043095867 0.3921875 0.040457343887423045 0.03125
0 0.2695690413368514 0.3828125 0.03605980650835532 0.03125
0 0.2423043095866315 0.42812500000000003 0.03430079155672824 0.028125
0 0.5351802990325418 0.39687500000000003 0.04133685136323659 0.028125
0 0.689094107299912 0.26953125 0.04133685136323659 0.029687500000000002
0 0.6701846965699209 0.053125000000000006 0.03342128408091469 0.037500000000000006
0 0.33333333333333337 0.29453125 0.040457343887423045 0.0328125
2 0.48197009674582236 0.6898437500000001 0.04221635883905013 0.029687500000000002
0 0.6244503078276166 0.02109375 0.024626209322779244 0.029687500000000002
0 0.6684256816182937 0.017968750000000002 0.036939313984168866 0.035937500000000004
