2 0.35532102022867196 0.17421875 0.026385224274406333 0.045312500000000006
0 0.1600703605980651 0.1625 0.03342128408091469 0.046875
0 0.3043095866314864 0.2015625 0.028144239226033423 0.046875
0 0.3311345646437995 0.18828125 0.030782761653474055 0.045312500000000006
0 0.22427440633245382 0.39296875000000003 0.03518029903254178 0.060937500000000006
0 0.2594547053649956 0.45156250000000003 0.0316622691292876 0.053125000000000006
0 0.3148636763412489 0.54453125 0.029903254177660512 0.051562500000000004
0 0.440193491644679 0.7671875 0.03430079155672824 0.059375000000000004
0 0.4718557607739666 0.8203125 0.03430079155672824 0.065625
0 0.5092348284960423 0.890625 0.03518029903254178 0.065625
0 0.5413368513632366 0.9484375 0.03605980650835532 0.0625
0 0.6675461741424803 0.54609375 0.03869832893579596 0.060937500000000006
0 0.7075637642919965 0.28828125 0.03430079155672824 0.0546875
0 0.737467018469657 0.36562500000000003 0.029023746701846966 0.043750000000000004
0 0.7475813544415127 0.33828125000000003 0.03342128408091469 0.0578125
0 0.7634124890061565 0.3140625 0.0316622691292876 0.046875
0 0.7405452946350044 0.21640625000000002 0.03342128408091469 0.0484375
0 0.401495162708883 0.30546875 0.03430079155672824 0.0578125
2 0.34784520668425684 0.6039062500000001 0.032541776605101144 0.060937500000000006
0 0.012313104661389622 0.015625 0.024626209322779244 0.03125
0 0.0316622691292876 0.0484375 0.026385224274406333 0.043750000000000004
0 0.00967458223394899 0.32734375000000004 0.01934916446789798 0.045312500000000006
