2 0.05101143359718558 0.390625 0.03342128408091469 0.03125
0 0.04309586631486368 0.7375 0.04397537379067722 0.028125
0 0.1029023746701847 0.7351562500000001 0.040457343887423045 0.029687500000000002
0 0.1917326297273527 0.7265625 0.036939313984168866 0.028125
0 0.03869832893579596 0.434375 0.040457343887423045 0.028125
0 0.016710642040457344 0.48203125 0.03342128408091469 0.035937500000000004
0 0.15303430079155675 0.43203125000000003 0.040457343887423045 0.0328125
0 0.27836411609498685 0.34453125 0.03781882145998241 0.026562500000000003
0 0.37642919964819704 0.7171875000000001 0.036939313984168866 0.028125
0 0.4195250659630607 0.7140625 0.036939313984168866 0.028125
0 0.4736147757255937 0.7109375 0.03781882145998241 0.028125
0 0.5167106420404574 0.7109375 0.0395778364116095 0.025
0 0.6187335092348285 0.7078125000000001 0.0395778364116095 0.028125
0 0.4467897977132806 0.41875 0.036939313984168866 0.03125
0 0.4511873350923483 0.28203125 0.03869832893579596 0.026562500000000003
0 0.37950747581354444 0.037500000000000006 0.03605980650835532 0.028125
0 0.43007915567282323 0.030468750000000003 0.036939313984168866 0.0234375
0 0.43183817062445035 0.06484375 0.029903254177660512 0.0328125
0 0.7748460861917327 0.40156250000000004 0.04221635883905013 0.034375
0 0.9687774846086192 0.64375 0.04133685136323659 0.03125
2 0.24098504837291118 0.7250000000000001 0.040457343887423045 0.034375
