2 0.209322779244 0.5703125 0.0299032541777 0.034375
0 0.0571679859279 0.62421875 0.0386983289358 0.0296875
0 0.127528583993 0.53984375 0.0369393139842 0.0265625
0 0.0496921723835 0.9421875 0.0483729111697 0.028125
0 0.108619173263 0.9359375 0.0413368513632 0.025
0 0.203605980651 0.9296875 0.03781882146 0.028125
0 0.393579595427 0.91953125 0.03781882146 0.0296875
0 0.437994722955 0.91640625 0.0422163588391 0.0328125
0 0.493843447669 0.91484375 0.0395778364116 0.0296875
0 0.541776605101 0.91328125 0.0422163588391 0.0296875
0 0.649956024626 0.9140625 0.0422163588391 0.03125
0 0.46437994723 0.60390625 0.0369393139842 0.0453125
0 0.474494283201 0.46875 0.0395778364116 0.028125
0 0.404573438874 0.2328125 0.0351802990325 0.028125
0 0.45382585752 0.2234375 0.0351802990325 0.025
0 0.455145118734 0.2578125 0.0307827616535 0.03125
0 0.454265611258 0.1859375 0.0307827616535 0.028125
0 0.669305189094 0.04453125 0.0158311345646 0.0546875
0 0.701407211961 0.034375 0.0149516270888 0.05
0 0.172823218997 0.61796875 0.0413368513632 0.0328125
0 0.980211081794 0.83984375 0.03781882146 0.0359375
2 0.252858399296 0.925 0.0466138962181 0.03125
0 0.402374670185 0.14140625 0.0325417766051 0.0296875
