0 0.317941952507 0.36171875 0.0272647317502 0.0453125
0 0.37598944591 0.3453125 0.0272647317502 0.05
0 0.392700087951 0.371875 0.0307827616535 0.05
0 0.405013192612 0.39296875 0.0255057167986 0.0515625
0 0.485488126649 0.046875 0.0263852242744 0.046875
0 0.499560246262 0.521875 0.0334212840809 0.059375
0 0.679419525066 0.6546875 0.0272647317502 0.05
0 0.612137203166 0.93828125 0.0299032541777 0.0671875
0 0.646437994723 0.88046875 0.0299032541777 0.0734375
0 0.682497801231 0.81328125 0.0316622691293 0.0578125
0 0.711961301671 0.76015625 0.0325417766051 0.0671875
0 0.780562884785 0.64140625 0.0307827616535 0.0609375
0 0.815743183817 0.490625 0.0325417766051 0.065625
0 0.889182058047 0.3328125 0.0246262093228 0.046875
0 0.503957783641 0.01796875 0.028144239226 0.0359375
