2 0.5901495162708883 0.20625000000000002 0.06860158311345647 0.109375
0 0.3579595426561126 0.44453125000000004 0.0316622691292876 0.0546875
0 0.21767810026385226 0.7421875 0.0395778364116095 0.065625
0 0.14951627088830255 0.8914062500000001 0.04221635883905013 0.06406250000000001
0 0.44591029023746703 0.8703125 0.03342128408091469 0.053125000000000006
0 0.48021108179419525 0.8148437500000001 0.0316622691292876 0.0546875
0 0.5219876868953386 0.7585937500000001 0.03781882145998241 0.060937500000000006
0 0.5549692172383466 0.7109375 0.03518029903254178 0.059375000000000004
0 0.6306068601583114 0.6015625 0.03342128408091469 0.05625
0 0.21943711521547934 0.32421875 0.03605980650835532 0.051562500000000004
0 0.2594547053649956 0.27187500000000003 0.03342128408091469 0.053125000000000006
1 0.0681618293755497 0.97421875 0.051890941072999124 0.0484375
0 0.0237467018469657 0.9828125000000001 0.0316622691292876 0.03125
0 0.1838170624450308 0.25390625 0.03342128408091469 0.0546875
0 0.24758135444151277 0.23593750000000002 0.030782761653474055 0.046875
0 0.272207563764292 0.29296875 0.02726473175021988 0.0484375
