0 0.7823218997361477 0.39140625 0.04133685136323659 0.0390625
0 0.4986807387862797 0.62109375 0.04221635883905013 0.0421875
0 0.415127528583993 0.52890625 0.03869832893579596 0.0421875
0 0.2484608619173263 0.40078125000000003 0.0395778364116095 0.045312500000000006
0 0.11741424802110818 0.421875 0.0395778364116095 0.034375
0 0.11389621811785401 0.37265625 0.032541776605101144 0.0328125
0 0.15083553210202288 0.253125 0.03781882145998241 0.037500000000000006
0 0.09278803869832894 0.18984375 0.03430079155672824 0.035937500000000004
0 0.0870712401055409 0.76953125 0.028144239226033423 0.0765625
0 0.32849604221635886 0.625 0.04133685136323659 0.043750000000000004
0 0.3812664907651715 0.65234375 0.0395778364116095 0.0390625
0 0.46350043975373795 0.6890625 0.03342128408091469 0.037500000000000006
0 0.6442392260334213 0.7859375000000001 0.03605980650835532 0.043750000000000004
0 0.6873350923482849 0.8070312500000001 0.03781882145998241 0.0421875
0 0.7405452946350044 0.8367187500000001 0.04221635883905013 0.0421875
0 0.7849604221635884 0.8617187500000001 0.0395778364116095 0.0390625
0 0.890061565523307 0.9171875 0.04221635883905013 0.034375
0 0.7269129287598944 0.7523437500000001 0.04661389621811786 0.051562500000000004
0 0.7950747581354441 0.16171875000000002 0.03518029903254178 0.035937500000000004
0 0.7972735268249781 0.1234375 0.0395778364116095 0.037500000000000006
0 0.8043095866314864 0.08671875000000001 0.0395778364116095 0.029687500000000002
0 0.5017590149516271 0.35625 0.03605980650835532 0.037500000000000006
0 0.756816182937555 0.014843750000000001 0.03605980650835532 0.029687500000000002
0 0.7537379067722076 0.11015625000000001 0.028144239226033423 0.0390625
2 0.5153913808267371 0.71640625 0.040457343887423045 0.0390625
0 0.0158311345646438 0.44921875 0.0316622691292876 0.045312500000000006
0 0.11169744942832015 0.08671875000000001 0.040457343887423045 0.0421875
