2 0.3109058927 0.43984375 0.0395778364116 0.0609375
0 0.225153913808 0.51015625 0.0369393139842 0.0390625
0 0.104661389622 0.60546875 0.0351802990325 0.0421875
0 0.299472295515 0.1859375 0.0149516270888 0.04375
0 0.298153034301 0.23359375 0.0175901495163 0.0453125
0 0.308267370273 0.278125 0.0149516270888 0.046875
0 0.412049252419 0.69140625 0.0255057167986 0.0671875
0 0.498240985048 0.84140625 0.023746701847 0.0671875
0 0.547933157432 0.9078125 0.028144239226 0.06875
0 0.376429199648 0.03671875 0.0193491644679 0.0390625
0 0.409410729991 0.075 0.0149516270888 0.0375
0 0.482849604222 0.1890625 0.0211081794195 0.053125
0 0.435795954266 0.7703125 0.0219876868953 0.065625
0 0.472295514512 0.9046875 0.0246262093228 0.071875
2 0.49164467898 0.9734375 0.0246262093228 0.05
0 0.237027264732 0.0125 0.0167106420405 0.025
0 0.425681618294 0.02578125 0.0175901495163 0.0421875
0 0.270448548813 0.13046875 0.0184696569921 0.0453125
0 0.281882145998 0.178125 0.0202286719437 0.046875
0 0.97273526825 0.83125 0.0316622691293 0.05625
0 0.927440633245 0.890625 0.0290237467018 0.06875
0 0.96437994723 0.9625 0.0360598065084 0.0625
0 0.947229551451 0.984375 0.0246262093228 0.028125
0 0.982849604222 0.953125 0.0325417766051 0.075
