2 0.14204045734388743 0.578125 0.03781882145998241 0.08750000000000001
0 0.7198768689533861 0.6109375 0.04133685136323659 0.03125
0 0.6539138082673703 0.26640625 0.032541776605101144 0.0234375
0 0.7049252418645559 0.32421875 0.03605980650835532 0.029687500000000002
0 0.7036059806508356 0.36015625 0.036939313984168866 0.029687500000000002
0 0.7036059806508356 0.39296875000000003 0.03342128408091469 0.026562500000000003
0 0.9230430958663149 0.23125 0.018469656992084433 0.059375000000000004
0 0.9547053649956025 0.22890625 0.018469656992084433 0.0546875
0 0.28935795954265614 0.9851562500000001 0.0474934036939314 0.026562500000000003
0 0.0316622691292876 0.5085937500000001 0.0474934036939314 0.0328125
0 0.6631486367634125 0.3609375 0.024626209322779244 0.034375
