2 0.0963060686016 0.3953125 0.0343007915567 0.075
0 0.240545294635 0.16171875 0.0325417766051 0.0515625
0 0.22471416007 0.3296875 0.0290237467018 0.04375
0 0.303430079156 0.19296875 0.0299032541777 0.0484375
0 0.386983289358 0.54609375 0.0351802990325 0.0546875
0 0.271767810026 0.55078125 0.0351802990325 0.0546875
0 0.532981530343 0.6734375 0.0386983289358 0.059375
0 0.527704485488 0.8859375 0.0334212840809 0.05625
0 0.564204045734 0.9390625 0.03781882146 0.05625
0 0.730870712401 0.60078125 0.0404573438874 0.0546875
0 0.789797713281 0.37109375 0.0334212840809 0.0484375
0 0.0303430079156 0.540625 0.0360598065084 0.05625
0 0.313544415128 0.6 0.0307827616535 0.05
0 0.380826737027 0.684375 0.0299032541777 0.053125
2 0.419525065963 0.740625 0.0386983289358 0.059375
0 0.00703605980651 0.14765625 0.014072119613 0.0328125
0 0.0131926121372 0.1953125 0.0263852242744 0.05
0 0.0408970976253 0.2328125 0.0307827616535 0.05
0 0.102462620932 0.22734375 0.0325417766051 0.0453125
0 0.198328935796 0.00703125 0.0307827616535 0.0140625
0 0.185576077397 0.05546875 0.0299032541777 0.0453125
0 0.747581354442 0.328125 0.0334212840809 0.046875
0 0.80255057168 0.33984375 0.0343007915567 0.0390625
0 0.775725593668 0.24765625 0.0228671943712 0.0390625
0 0.606420404573 0.9828125 0.03781882146 0.03125
