2 0.219876868953 0.34140625 0.0316622691293 0.0265625
0 0.209762532982 0.690625 0.0448548812665 0.03125
0 0.26473175022 0.6921875 0.0369393139842 0.028125
0 0.353562005277 0.6953125 0.0369393139842 0.028125
0 0.320140721196 0.396875 0.0386983289358 0.03125
0 0.401934916447 0.40625 0.0369393139842 0.034375
0 0.207124010554 0.38671875 0.03781882146 0.0265625
0 0.176781002639 0.43046875 0.0369393139842 0.0265625
0 0.270448548813 0.30234375 0.03781882146 0.0296875
0 0.526385224274 0.41015625 0.0395778364116 0.0328125
0 0.53781882146 0.70703125 0.0360598065084 0.0296875
0 0.580035180299 0.70703125 0.03781882146 0.0296875
0 0.633245382586 0.7125 0.0386983289358 0.028125
0 0.676341248901 0.71640625 0.0422163588391 0.0296875
0 0.781882145998 0.72734375 0.0369393139842 0.0296875
0 0.618293755497 0.28046875 0.0404573438874 0.0328125
0 0.0549692172383 0.2140625 0.0184696569921 0.071875
0 0.60290237467 0.02890625 0.0360598065084 0.0359375
0 0.60290237467 0.06328125 0.0325417766051 0.0296875
0 0.5545294635 0.0296875 0.0325417766051 0.034375
2 0.402814423923 0.6953125 0.0422163588391 0.0375
