2 0.125329815303 0.51484375 0.0343007915567 0.0859375
0 0.306948109059 0.76796875 0.0422163588391 0.0296875
0 0.363676341249 0.778125 0.0395778364116 0.03125
0 0.45162708883 0.78671875 0.0395778364116 0.0265625
0 0.637203166227 0.821875 0.03781882146 0.03125
0 0.681618293755 0.828125 0.0404573438874 0.028125
0 0.736147757256 0.83828125 0.0422163588391 0.0296875
0 0.727792436236 0.4046875 0.0395778364116 0.034375
0 0.715919085312 0.1921875 0.0316622691293 0.028125
0 0.71635883905 0.15703125 0.03781882146 0.0359375
0 0.717678100264 0.1234375 0.0316622691293 0.028125
0 0.667106420405 0.06171875 0.0360598065084 0.0265625
0 0.781882145998 0.8484375 0.0404573438874 0.034375
0 0.890501319261 0.87109375 0.0395778364116 0.0328125
0 0.00703605980651 0.59296875 0.014072119613 0.0296875
0 0.0721196130167 0.97265625 0.0246262093228 0.0515625
2 0.503957783641 0.79765625 0.0386983289358 0.0296875
0 0.675901495163 0.1578125 0.0202286719437 0.028125
0 0.0373790677221 0.3203125 0.0413368513632 0.034375
0 0.9454705365 0.02421875 0.0211081794195 0.0484375
0 0.97889182058 0.02421875 0.0228671943712 0.0484375
