0 0.0971855760774 0.81171875 0.0360598065084 0.0359375
0 0.193051890941 0.77890625 0.0395778364116 0.0296875
0 0.14072119613 0.56875 0.0386983289358 0.034375
0 0.0448548812665 0.7703125 0.0422163588391 0.040625
0 0.318381706245 0.81640625 0.0404573438874 0.0359375
0 0.372031662269 0.7953125 0.0386983289358 0.040625
0 0.299472295515 0.509375 0.0395778364116 0.0375
0 0.34036939314 0.4484375 0.0386983289358 0.0375
0 0.426121372032 0.678125 0.0343007915567 0.0375
0 0.459542656113 0.76015625 0.03781882146 0.0421875
0 0.64072119613 0.69375 0.0360598065084 0.034375
0 0.682937554969 0.6796875 0.0395778364116 0.0375
0 0.733509234828 0.6625 0.0369393139842 0.0375
0 0.777484608619 0.64921875 0.0386983289358 0.0359375
0 0.660510114336 0.246875 0.0404573438874 0.0375
0 0.767370272647 0.35078125 0.0413368513632 0.0390625
0 0.614335971856 0.03828125 0.0307827616535 0.0296875
0 0.973175021988 0.1953125 0.0430958663149 0.0375
0 0.879947229551 0.61328125 0.0360598065084 0.0328125
2 0.510114335972 0.7421875 0.0386983289358 0.040625
0 0.562445030783 0.02421875 0.0343007915567 0.0265625
0 0.608179419525 0.01015625 0.03781882146 0.0203125
