2 0.5690413368513633 0.15781250000000002 0.07563764291996482 0.1125
1 0.4050131926121372 0.047656250000000004 0.05364995602462621 0.0890625
0 0.29991204925241866 0.27109375 0.03342128408091469 0.0578125
0 0.5861917326297273 0.296875 0.0395778364116095 0.05
0 0.544415127528584 0.61875 0.03342128408091469 0.059375000000000004
0 0.5778364116094987 0.67109375 0.036939313984168866 0.0546875
0 0.6204925241864556 0.7289062500000001 0.03605980650835532 0.0546875
0 0.6561125769569042 0.784375 0.040457343887423045 0.05625
0 0.741424802110818 0.9070312500000001 0.036939313984168866 0.0546875
0 0.34256816182937555 0.3328125 0.032541776605101144 0.05
0 0.4036939313984169 0.42265625 0.03518029903254178 0.0546875
0 0.06288478452066842 0.24765625000000002 0.03430079155672824 0.060937500000000006
3 0.3799472295514512 0.07265625 0.029903254177660512 0.0546875
0 0.47405452946350046 0.14765625000000002 0.03869832893579596 0.06406250000000001
0 0.4516270888302551 0.06015625 0.03605980650835532 0.0546875
2 0.4432717678100264 0.47421875 0.03518029903254178 0.060937500000000006
0 0.7911169744942832 0.08125 0.032541776605101144 0.053125000000000006
0 0.820580474934037 0.15781250000000002 0.036939313984168866 0.043750000000000004
0 0.8324538258575198 0.125 0.0395778364116095 0.05625
0 0.8474054529463501 0.09843750000000001 0.03430079155672824 0.046875
