2 0.492524186456 0.36015625 0.0738786279683 0.1046875
0 0.372471416007 0.43828125 0.0343007915567 0.0546875
0 0.154353562005 0.80859375 0.0413368513632 0.0609375
0 0.154353562005 0.865625 0.0448548812665 0.065625
0 0.0215479331574 0.9625 0.0395778364116 0.0625
0 0.281002638522 0.253125 0.0325417766051 0.05
0 0.292436235708 0.28125 0.0255057167986 0.046875
0 0.448548812665 0.8640625 0.0334212840809 0.053125
0 0.485488126649 0.8171875 0.0351802990325 0.059375
0 0.529023746702 0.76328125 0.0307827616535 0.0578125
0 0.562884784521 0.7171875 0.0316622691293 0.05625
0 0.64291996482 0.615625 0.0316622691293 0.05625
0 0.207124010554 0.228125 0.0272647317502 0.04375
0 0.241424802111 0.3 0.03781882146 0.05
0 0.267370272647 0.22265625 0.0316622691293 0.0546875
1 0.0602462620932 0.9578125 0.0747581354442 0.08125
