2 0.19393139841688656 0.3515625 0.03605980650835532 0.078125
0 0.4102902374670185 0.603125 0.03605980650835532 0.065625
0 0.3698328935795954 0.54140625 0.03430079155672824 0.060937500000000006
0 0.12620932277924363 0.49609375 0.03781882145998241 0.060937500000000006
0 0.1376429199648197 0.16484375 0.030782761653474055 0.051562500000000004
0 0.10993843447669306 0.1203125 0.029903254177660512 0.05625
0 0.09674582233948989 0.05625 0.029903254177660512 0.046875
0 0.193051890941073 0.10234375000000001 0.02726473175021988 0.0484375
0 0.028144239226033423 0.68671875 0.03518029903254178 0.06406250000000001
0 0.4762532981530343 0.69921875 0.029023746701846966 0.051562500000000004
0 0.6191732629727353 0.92734375 0.03518029903254178 0.06406250000000001
0 0.7493403693931399 0.71015625 0.040457343887423045 0.0703125
0 0.8425681618293756 0.6671875 0.040457343887423045 0.059375000000000004
0 0.9221635883905014 0.43046875 0.03781882145998241 0.0578125
0 0.9072119613016711 0.46406250000000004 0.03430079155672824 0.046875
0 0.9366754617414248 0.39921875 0.03342128408091469 0.045312500000000006
0 0.9098504837291117 0.29375 0.0395778364116095 0.053125000000000006
0 0.0712401055408971 0.060937500000000006 0.0316622691292876 0.05
0 0.1358839050131926 0.01953125 0.029023746701846966 0.0390625
0 0.040897097625329816 0.01640625 0.03781882145998241 0.0328125
2 0.5140721196130167 0.759375 0.03781882145998241 0.059375000000000004
0 0.8808267370272648 0.384375 0.02726473175021988 0.046875
