0 0.5021987686895338 0.80859375 0.03518029903254178 0.0484375
0 0.6376429199648197 0.83203125 0.036939313984168866 0.045312500000000006
0 0.6767810026385225 0.80078125 0.0395778364116095 0.0546875
0 0.6882145998240985 0.6960937500000001 0.0395778364116095 0.0546875
0 0.723834652594547 0.7562500000000001 0.03869832893579596 0.046875
0 0.06464379947229552 0.9734375000000001 0.04309586631486368 0.05
0 0.5892700087950747 0.38515625000000003 0.03869832893579596 0.0484375
0 0.44063324538258575 0.14140625 0.0316622691292876 0.0421875
0 0.4995602462620933 0.15234375 0.03342128408091469 0.045312500000000006
0 0.5087950747581355 0.184375 0.03430079155672824 0.040625
0 0.5197889182058048 0.21250000000000002 0.028144239226033423 0.043750000000000004
0 0.7629727352682498 0.7203125 0.0395778364116095 0.05
0 0.7814423922603343 0.58046875 0.030782761653474055 0.0390625
0 0.8522427440633246 0.6421875 0.03518029903254178 0.046875
2 0.5158311345646438 0.9437500000000001 0.03781882145998241 0.053125000000000006
0 0.4656992084432718 0.9789062500000001 0.03781882145998241 0.0390625
0 0.4656992084432718 0.2171875 0.03605980650835532 0.03125
