0 0.12049252418645559 0.3140625 0.03869832893579596 0.034375
0 0.29683377308707126 0.3140625 0.044854881266490766 0.040625
0 0.06596306068601583 0.8757812500000001 0.026385224274406333 0.07968750000000001
0 0.3073878627968338 0.68515625 0.04309586631486368 0.0390625
0 0.36103781882146 0.70234375 0.0395778364116095 0.0328125
0 0.4463500439753738 0.72421875 0.03430079155672824 0.0328125
0 0.5646437994722956 0.65546875 0.03518029903254178 0.0390625
0 0.6297273526824978 0.7859375000000001 0.04221635883905013 0.037500000000000006
0 0.6587510993843448 0.72578125 0.036939313984168866 0.0390625
0 0.7427440633245382 0.3765625 0.04133685136323659 0.037500000000000006
0 0.7475813544415127 0.0734375 0.036939313984168866 0.028125
0 0.7445030782761654 0.11406250000000001 0.03781882145998241 0.034375
0 0.7418645558487248 0.15000000000000002 0.03430079155672824 0.03125
0 0.8394898856640282 0.5546875 0.044854881266490766 0.040625
0 0.7999120492524187 0.7296875 0.04661389621811786 0.053125000000000006
0 0.6728232189973615 0.80078125 0.04221635883905013 0.035937500000000004
0 0.727792436235708 0.8226562500000001 0.04133685136323659 0.035937500000000004
0 0.7726473175021988 0.83984375 0.04309586631486368 0.0421875
0 0.8733509234828496 0.8718750000000001 0.04397537379067722 0.028125
0 0.9608619173262973 0.8390625 0.0395778364116095 0.037500000000000006
0 0.7018469656992085 0.109375 0.01934916446789798 0.034375
0 0.6978891820580475 0.010937500000000001 0.03781882145998241 0.021875000000000002
2 0.49824098504837294 0.7445312500000001 0.04133685136323659 0.0421875
0 0.055848724714160074 0.1859375 0.044854881266490766 0.043750000000000004
0 0.9872471416007037 0.0171875 0.020228671943711522 0.034375
