2 0.572559366755 0.6453125 0.0686015831135 0.103125
1 0.403693931398 0.5265625 0.0527704485488 0.08125
0 0.153913808267 0.3328125 0.028144239226 0.05
0 0.45162708883 0.09453125 0.0219876868953 0.0421875
0 0.291116974494 0.7390625 0.0334212840809 0.05625
0 0.332453825858 0.803125 0.0299032541777 0.05
0 0.0576077396658 0.29296875 0.0272647317502 0.0390625
0 0.0496921723835 0.33359375 0.0255057167986 0.0421875
0 0.0554089709763 0.71328125 0.0369393139842 0.0578125
0 0.660510114336 0.80625 0.0404573438874 0.040625
0 0.465699208443 0.6140625 0.03781882146 0.059375
0 0.448988566403 0.53515625 0.0343007915567 0.0453125
0 0.397537379068 0.4703125 0.028144239226 0.046875
0 0.244063324538 0.21015625 0.0307827616535 0.0390625
3 0.3781882146 0.553125 0.0299032541777 0.046875
0 0.00967458223395 0.3015625 0.0193491644679 0.04375
0 0.0598065083553 0.38203125 0.0299032541777 0.0484375
0 0.0839929639402 0.41953125 0.023746701847 0.0390625
2 0.0993843447669 0.3484375 0.0633245382586 0.103125
0 0.0299032541777 0.3375 0.0228671943712 0.040625
0 0.148197009675 0.084375 0.023746701847 0.034375
0 0.396657871592 0.8859375 0.0334212840809 0.05625
2 0.431838170624 0.94453125 0.0369393139842 0.0640625
0 0.770888302551 0.5546875 0.0343007915567 0.05
0 0.800791556728 0.47890625 0.023746701847 0.0359375
0 0.807827616535 0.62890625 0.0307827616535 0.0328125
0 0.813984168865 0.59921875 0.03781882146 0.0515625
0 0.824538258575 0.56796875 0.0325417766051 0.0453125
