0 0.237027264732 0.2328125 0.03781882146 0.04375
0 0.8109058927 0.19453125 0.0369393139842 0.0359375
0 0.815303430079 0.15625 0.0386983289358 0.0375
0 0.82145998241 0.11875 0.0386983289358 0.040625
0 0.779683377309 0.03359375 0.0343007915567 0.0328125
0 0.226473175022 0.4015625 0.03781882146 0.04375
0 0.0870712401055 0.72578125 0.0316622691293 0.0734375
0 0.328496042216 0.5125 0.0395778364116 0.046875
0 0.331134564644 0.6109375 0.0430958663149 0.04375
0 0.382145998241 0.63984375 0.0395778364116 0.0421875
0 0.462620932278 0.68515625 0.0351802990325 0.0421875
0 0.546613896218 0.6609375 0.0501319261214 0.053125
0 0.510993843448 0.71640625 0.0369393139842 0.0484375
0 0.639401934916 0.8015625 0.0386983289358 0.0375
0 0.682497801231 0.82734375 0.0404573438874 0.0453125
0 0.73526824978 0.86171875 0.0422163588391 0.0484375
0 0.777044854881 0.89296875 0.0430958663149 0.0484375
0 0.883025505717 0.96171875 0.0422163588391 0.0453125
0 0.701846965699 0.4703125 0.0386983289358 0.0375
0 0.790677220756 0.421875 0.0404573438874 0.04375
0 0.0527704485488 0.2515625 0.0386983289358 0.046875
0 0.00879507475814 0.30703125 0.0175901495163 0.0359375
0 0.0211081794195 0.40546875 0.0369393139842 0.0421875
0 0.0307827616535 0.9671875 0.0334212840809 0.0625
0 0.131486367634 0.0546875 0.0395778364116 0.05
0 0.770008795075 0.13828125 0.0290237467018 0.0390625
