0 0.02154793315743184 0.58046875 0.0395778364116095 0.0390625
0 0.31310466138962184 0.50234375 0.040457343887423045 0.035937500000000004
0 0.3544415127528584 0.7046875 0.03342128408091469 0.040625
0 0.3073878627968338 0.81171875 0.04309586631486368 0.0390625
0 0.36367634124890064 0.7976562500000001 0.0395778364116095 0.0390625
0 0.4938434476693052 0.6218750000000001 0.0395778364116095 0.034375
0 0.45866314863676344 0.6859375000000001 0.03605980650835532 0.034375
0 0.45074758135444154 0.7671875 0.03781882145998241 0.03125
0 0.6319261213720317 0.7125 0.03605980650835532 0.03125
0 0.6759014951627089 0.7015625000000001 0.0395778364116095 0.034375
0 0.7247141600703606 0.61328125 0.03869832893579596 0.0328125
0 0.5215479331574319 0.37343750000000003 0.040457343887423045 0.043750000000000004
0 0.6613896218117854 0.26484375 0.040457343887423045 0.0421875
0 0.6191732629727353 0.0546875 0.0316622691292876 0.040625
0 0.7273526824978013 0.68671875 0.036939313984168866 0.0328125
0 0.7695690413368514 0.6742187500000001 0.03869832893579596 0.035937500000000004
0 0.8733509234828496 0.64765625 0.0316622691292876 0.035937500000000004
2 0.5013192612137204 0.7507812500000001 0.036939313984168866 0.045312500000000006
0 0.6134564643799473 0.0203125 0.03781882145998241 0.040625
0 0.567722075637643 0.037500000000000006 0.03430079155672824 0.03125
