2 0.5549692172383466 0.26015625000000003 0.06684256816182937 0.11093750000000001
0 0.1490765171503958 0.88671875 0.044854881266490766 0.0703125
0 0.19393139841688656 0.7742187500000001 0.04133685136323659 0.0671875
0 0.44766930518909415 0.8679687500000001 0.0316622691292876 0.0578125
0 0.4815303430079156 0.8187500000000001 0.03605980650835532 0.059375000000000004
0 0.5237467018469657 0.7601562500000001 0.03430079155672824 0.060937500000000006
0 0.5571679859278804 0.7109375 0.03605980650835532 0.05625
0 0.6358839050131927 0.6046875 0.03342128408091469 0.05625
0 0.36015831134564646 0.44843750000000004 0.03605980650835532 0.059375000000000004
0 0.22295514511873352 0.32265625000000003 0.03781882145998241 0.051562500000000004
0 0.26341248900615655 0.27109375 0.03430079155672824 0.051562500000000004
0 0.2770448548812665 0.29453125 0.028144239226033423 0.0484375
0 0.2484608619173263 0.2390625 0.030782761653474055 0.05
0 0.18777484608619174 0.25 0.03605980650835532 0.059375000000000004
1 0.06992084432717678 0.97578125 0.05364995602462621 0.045312500000000006
0 0.02154793315743184 0.98203125 0.03430079155672824 0.0328125
