0 0.44722955145118737 0.7484375000000001 0.03430079155672824 0.06875
0 0.31046613896218117 0.6023437500000001 0.024626209322779244 0.0484375
0 0.32541776605101147 0.6203125 0.026385224274406333 0.05625
0 0.3438874230430959 0.6421875 0.024626209322779244 0.053125000000000006
0 0.2510993843447669 0.6335937500000001 0.02726473175021988 0.051562500000000004
0 0.39973614775725597 0.28984375 0.02726473175021988 0.0484375
0 0.41600703605980655 0.25234375000000003 0.022867194371152155 0.0421875
0 0.7361477572559367 0.61875 0.026385224274406333 0.053125000000000006
0 0.7348284960422163 0.79609375 0.0237467018469657 0.0578125
0 0.681618293755497 0.9328125 0.029903254177660512 0.07500000000000001
0 0.8254177660510115 0.46718750000000003 0.0237467018469657 0.05625
0 0.8992963940193492 0.05390625 0.018469656992084433 0.045312500000000006
0 0.8799472295514512 0.28750000000000003 0.018469656992084433 0.034375
0 0.2959542656112577 0.6796875 0.030782761653474055 0.043750000000000004
0 0.9854881266490766 0.22187500000000002 0.02726473175021988 0.028125
0 0.6609498680738787 0.98203125 0.0237467018469657 0.0328125
