2 0.5285839929639402 0.42265625 0.079155672823219 0.08281250000000001
1 0.2532981530343008 0.34140625 0.06156552330694811 0.0671875
0 0.1838170624450308 0.6109375 0.04221635883905013 0.046875
0 0.2379067722075638 0.64375 0.032541776605101144 0.037500000000000006
0 0.3170624450307828 0.6898437500000001 0.0395778364116095 0.045312500000000006
0 0.4876868953386104 0.796875 0.03605980650835532 0.046875
0 0.5277044854881267 0.8203125 0.040457343887423045 0.046875
0 0.5800351802990326 0.8539062500000001 0.03781882145998241 0.045312500000000006
0 0.6218117854001759 0.88046875 0.03869832893579596 0.045312500000000006
0 0.6262093227792437 0.434375 0.03869832893579596 0.034375
3 0.23394898856640284 0.37812500000000004 0.03342128408091469 0.040625
0 0.237467018469657 0.2890625 0.03518029903254178 0.040625
0 0.30255057167985927 0.32578125 0.040457343887423045 0.045312500000000006
0 0.33641160949868076 0.3921875 0.04133685136323659 0.05
0 0.6112576956904134 0.1765625 0.03869832893579596 0.040625
0 0.6539138082673703 0.22812500000000002 0.032541776605101144 0.03125
0 0.6596306068601584 0.19609375 0.036939313984168866 0.0390625
0 0.7233948988566403 0.9484375 0.0395778364116095 0.043750000000000004
0 0.8975373790677221 0.153125 0.02198768689533861 0.059375000000000004
0 0.9291996481970097 0.1625 0.02198768689533861 0.05625
2 0.3623570800351803 0.7156250000000001 0.04221635883905013 0.046875
0 0.627528583992964 0.08515625 0.02726473175021988 0.0328125
0 0.6635883905013193 0.1609375 0.03430079155672824 0.03125
0 0.013192612137203167 0.0890625 0.026385224274406333 0.040625
