1 0.061125769569 0.94453125 0.0694810905893 0.0984375
0 0.148197009675 0.83125 0.0395778364116 0.071875
0 0.270888302551 0.6140625 0.0369393139842 0.06875
0 0.356640281442 0.3921875 0.0343007915567 0.059375
0 0.256816182938 0.2109375 0.0351802990325 0.05
0 0.270008795075 0.23828125 0.0263852242744 0.0484375
0 0.0211081794195 0.94609375 0.0404573438874 0.0640625
0 0.44327176781 0.8109375 0.0369393139842 0.0625
0 0.478012313105 0.759375 0.0343007915567 0.0625
0 0.518029903254 0.70234375 0.0369393139842 0.0578125
0 0.550571679859 0.653125 0.0316622691293 0.065625
0 0.628847845207 0.54609375 0.0316622691293 0.0609375
3 0.147757255937 0.89296875 0.0386983289358 0.0671875
2 0.670624450308 0.0515625 0.0712401055409 0.103125
0 0.179859278804 0.19140625 0.0343007915567 0.0484375
0 0.214599824099 0.25859375 0.0369393139842 0.0453125
0 0.243183817062 0.18046875 0.0325417766051 0.0453125
