2 0.12576956904133685 0.53671875 0.036939313984168866 0.07968750000000001
0 0.32585751978891825 0.66328125 0.04133685136323659 0.045312500000000006
0 0.07871591908531222 0.79296875 0.02726473175021988 0.0765625
0 0.052770448548812667 0.37109375 0.040457343887423045 0.0390625
0 0.015391380826737027 0.47265625 0.030782761653474055 0.0390625
0 0.3768689533861038 0.69296875 0.04133685136323659 0.0421875
0 0.459542656112577 0.73828125 0.03605980650835532 0.0390625
0 0.6389621811785401 0.8460937500000001 0.03430079155672824 0.0484375
0 0.6824978012313105 0.8718750000000001 0.04221635883905013 0.046875
0 0.7348284960422163 0.9046875000000001 0.04133685136323659 0.046875
0 0.7801231310466139 0.9343750000000001 0.04397537379067722 0.043750000000000004
0 0.7836411609498681 0.45937500000000003 0.04221635883905013 0.043750000000000004
0 0.7985927880386984 0.234375 0.036939313984168866 0.034375
0 0.8007915567282322 0.19609375 0.0395778364116095 0.035937500000000004
0 0.8051890941073 0.16015625 0.03781882145998241 0.0328125
0 0.7620932277924363 0.0765625 0.03605980650835532 0.034375
0 0.7550571679859279 0.1796875 0.030782761653474055 0.034375
0 0.12313104661389622 0.1203125 0.040457343887423045 0.046875
2 0.5101143359718557 0.7679687500000001 0.03869832893579596 0.0484375
