0 0.3883025505716799 0.45703125 0.0395778364116095 0.026562500000000003
0 0.3197009674582234 0.7781250000000001 0.04309586631486368 0.03125
0 0.3768689533861038 0.76953125 0.03781882145998241 0.035937500000000004
0 0.4639401934916447 0.74921875 0.03430079155672824 0.026562500000000003
0 0.6499560246262094 0.71875 0.036939313984168866 0.028125
0 0.616094986807388 0.37343750000000003 0.03605980650835532 0.034375
0 0.697009674582234 0.2703125 0.0395778364116095 0.040625
0 0.8315743183817063 0.33515625000000004 0.0395778364116095 0.035937500000000004
0 0.6956904133685137 0.7093750000000001 0.03869832893579596 0.03125
0 0.7480211081794196 0.703125 0.04133685136323659 0.034375
0 0.7919964819700968 0.6953125 0.0395778364116095 0.03125
0 0.8970976253298153 0.68125 0.04221635883905013 0.034375
0 0.662269129287599 0.0546875 0.03342128408091469 0.034375
2 0.10070360598065084 0.8890625000000001 0.03430079155672824 0.09375
2 0.5158311345646438 0.7406250000000001 0.0395778364116095 0.037500000000000006
0 0.010554089709762533 0.40859375000000003 0.021108179419525065 0.035937500000000004
0 0.6169744942832014 0.028125 0.02198768689533861 0.028125
0 0.658311345646438 0.018750000000000003 0.03781882145998241 0.037500000000000006
