0 0.07871591908531222 0.6390625000000001 0.032541776605101144 0.06875
0 0.08839050131926121 0.2703125 0.044854881266490766 0.05625
0 0.03781882145998241 0.30625 0.036939313984168866 0.046875
0 0.3280562884784521 0.5796875 0.04221635883905013 0.053125000000000006
0 0.37642919964819704 0.62265625 0.036939313984168866 0.0484375
0 0.4529463500439754 0.6875 0.03342128408091469 0.043750000000000004
0 0.6204925241864556 0.8421875000000001 0.03781882145998241 0.053125000000000006
0 0.6596306068601584 0.8812500000000001 0.040457343887423045 0.05625
0 0.7102022867194372 0.92734375 0.0395778364116095 0.0578125
0 0.7506596306068601 0.9656250000000001 0.04309586631486368 0.059375000000000004
0 0.7871591908531222 0.87421875 0.03518029903254178 0.0578125
0 0.8557607739665788 0.9796875 0.040457343887423045 0.037500000000000006
0 0.915127528583993 0.77109375 0.044854881266490766 0.0546875
0 0.6433597185576078 0.5242187500000001 0.04133685136323659 0.0546875
0 0.7977132805628848 0.5015625 0.040457343887423045 0.05
0 0.8337730870712401 0.28046875 0.036939313984168866 0.0390625
0 0.8386103781882146 0.24296875 0.0395778364116095 0.0484375
0 0.8500439753737907 0.21171875 0.04133685136323659 0.045312500000000006
0 0.010554089709762533 0.8703125 0.021108179419525065 0.078125
0 0.14995602462620933 0.034375 0.044854881266490766 0.053125000000000006
0 0.3034300791556728 0.40937500000000004 0.04221635883905013 0.05625
2 0.5008795074758136 0.73046875 0.0395778364116095 0.0484375
0 0.8117854001759015 0.1171875 0.036939313984168866 0.040625
0 0.7968337730870713 0.21796875000000002 0.029903254177660512 0.0421875
0 0.011433597185576077 0.27734375 0.022867194371152155 0.0390625
