2 0.1297273526824978 0.6507812500000001 0.03781882145998241 0.0859375
0 0.7229551451187335 0.6101562500000001 0.040457343887423045 0.029687500000000002
0 0.6552330694810906 0.26796875000000003 0.03342128408091469 0.026562500000000003
0 0.7049252418645559 0.325 0.03605980650835532 0.025
0 0.7062445030782762 0.3609375 0.03518029903254178 0.028125
0 0.7053649956024627 0.39375000000000004 0.03342128408091469 0.025
0 0.924802110817942 0.22890625 0.018469656992084433 0.0578125
0 0.9573438874230431 0.22578125000000002 0.018469656992084433 0.0546875
0 0.03342128408091469 0.51171875 0.04221635883905013 0.035937500000000004
0 0.6596306068601584 0.3609375 0.029903254177660512 0.025
0 0.2906772207563764 0.9867187500000001 0.04661389621811786 0.0234375
