0 0.10686015831134565 0.45390625 0.03605980650835532 0.0328125
0 0.18865435356200527 0.69296875 0.0395778364116095 0.035937500000000004
0 0.31618293755496923 0.8679687500000001 0.04133685136323659 0.0390625
0 0.370712401055409 0.8835937500000001 0.03781882145998241 0.035937500000000004
0 0.39533861037818824 0.796875 0.03781882145998241 0.037500000000000006
0 0.46350043975373795 0.76875 0.03342128408091469 0.034375
0 0.4608619173262973 0.90234375 0.03342128408091469 0.0328125
0 0.6956904133685137 0.7835937500000001 0.040457343887423045 0.035937500000000004
0 0.648636763412489 0.6335937500000001 0.044854881266490766 0.029687500000000002
0 0.7524186455584873 0.5296875 0.04661389621811786 0.040625
0 0.7440633245382586 0.30781250000000004 0.036939313984168866 0.034375
0 0.7440633245382586 0.27187500000000003 0.03869832893579596 0.034375
0 0.7436235708003518 0.23515625 0.03605980650835532 0.0328125
0 0.6974494283201408 0.17109375000000002 0.036939313984168866 0.035937500000000004
0 0.978891820580475 0.15000000000000002 0.01759014951627089 0.06875
0 0.8157431838170625 0.87890625 0.04133685136323659 0.0421875
0 0.8795074758135445 0.9554687500000001 0.04573438874230431 0.035937500000000004
0 0.6525945470536499 0.95859375 0.040457343887423045 0.045312500000000006
0 0.6978891820580475 0.9750000000000001 0.04309586631486368 0.037500000000000006
0 0.7554969217238346 0.9851562500000001 0.0474934036939314 0.026562500000000003
0 0.07431838170624451 0.37578125 0.04133685136323659 0.045312500000000006
2 0.5123131046613897 0.91328125 0.03781882145998241 0.0421875
0 0.7005277044854882 0.2671875 0.02726473175021988 0.028125
