0 0.107299912049 0.50390625 0.0369393139842 0.0359375
0 0.0866314863676 0.89765625 0.0272647317502 0.0796875
0 0.31926121372 0.6046875 0.0386983289358 0.034375
0 0.322339489886 0.6984375 0.0413368513632 0.04375
0 0.37598944591 0.7109375 0.0413368513632 0.034375
0 0.463500439754 0.728125 0.0386983289358 0.040625
0 0.572119613017 0.584375 0.0413368513632 0.0375
0 0.367194371152 0.57421875 0.0343007915567 0.0328125
0 0.194810905893 0.3171875 0.0360598065084 0.0375
0 0.647317502199 0.78203125 0.0386983289358 0.0359375
0 0.707124010554 0.67734375 0.0404573438874 0.0390625
0 0.689973614776 0.7953125 0.0430958663149 0.04375
0 0.775725593668 0.74296875 0.0439753737907 0.0390625
0 0.74582233949 0.8109375 0.0404573438874 0.040625
0 0.791116974494 0.82578125 0.0430958663149 0.0421875
0 0.898416886544 0.859375 0.0395778364116 0.03125
0 0.778364116095 0.50234375 0.0439753737907 0.0421875
0 0.754617414248 0.3640625 0.0404573438874 0.0375
0 0.0681618293755 0.2109375 0.0483729111697 0.046875
2 0.512752858399 0.7421875 0.0386983289358 0.046875
0 0.709322779244 0.09296875 0.0167106420405 0.0296875
0 0.752418645558 0.0640625 0.03781882146 0.03125
0 0.750219876869 0.1 0.0351802990325 0.03125
0 0.750659630607 0.13515625 0.0343007915567 0.0265625
