0 0.14028144239226034 0.27187500000000003 0.032541776605101144 0.05
0 0.21811785400175904 0.16796875 0.03342128408091469 0.051562500000000004
0 0.16226912928759896 0.07890625000000001 0.032541776605101144 0.045312500000000006
0 0.28891820580474936 0.18671875000000002 0.030782761653474055 0.0421875
0 0.3043095866314864 0.43515625 0.03518029903254178 0.045312500000000006
0 0.2405452946350044 0.515625 0.03605980650835532 0.046875
0 0.28715919085312225 0.56171875 0.03605980650835532 0.045312500000000006
0 0.35839929639401935 0.628125 0.032541776605101144 0.046875
0 0.4419525065963061 0.5164062500000001 0.03781882145998241 0.051562500000000004
0 0.519349164467898 0.7890625 0.03605980650835532 0.05
0 0.5606860158311346 0.83359375 0.03605980650835532 0.051562500000000004
0 0.6055408970976254 0.8828125 0.03781882145998241 0.059375000000000004
0 0.648636763412489 0.9234375 0.0395778364116095 0.053125000000000006
0 0.702726473175022 0.4703125 0.040457343887423045 0.046875
0 0.7418645558487248 0.26875 0.030782761653474055 0.037500000000000006
0 0.7489006156552331 0.23671875 0.032541776605101144 0.0484375
2 0.048372911169744945 0.39609375 0.036939313984168866 0.08281250000000001
2 0.4050131926121372 0.6687500000000001 0.03605980650835532 0.05
0 0.756816182937555 0.2 0.030782761653474055 0.034375
0 0.702726473175022 0.2 0.03342128408091469 0.043750000000000004
