0 0.16446789797713282 0.6265625 0.03869832893579596 0.046875
0 0.18337730870712401 0.665625 0.0395778364116095 0.05
0 0.20712401055408972 0.89765625 0.03605980650835532 0.051562500000000004
0 0.22207563764292 0.8210937500000001 0.04133685136323659 0.0484375
0 0.301231310466139 0.8250000000000001 0.03781882145998241 0.046875
0 0.3311345646437995 0.88984375 0.04133685136323659 0.051562500000000004
0 0.38390501319261217 0.846875 0.0395778364116095 0.046875
0 0.4656992084432718 0.78125 0.03430079155672824 0.037500000000000006
0 0.5272647317502199 0.6375000000000001 0.03605980650835532 0.043750000000000004
0 0.633245382585752 0.6492187500000001 0.03518029903254178 0.045312500000000006
0 0.5474934036939314 0.3953125 0.03605980650835532 0.046875
0 0.6020228671943711 0.20468750000000002 0.03781882145998241 0.046875
0 0.7405452946350044 0.16562500000000002 0.04221635883905013 0.053125000000000006
0 0.6715039577836412 0.6179687500000001 0.03781882145998241 0.045312500000000006
0 0.7203166226912929 0.58203125 0.036939313984168866 0.0421875
0 0.760773966578716 0.55234375 0.03869832893579596 0.045312500000000006
0 0.8526824978012314 0.48359375000000004 0.03605980650835532 0.0421875
2 0.5118733509234829 0.7445312500000001 0.040457343887423045 0.051562500000000004
0 0.030343007915567283 0.26875 0.02726473175021988 0.06875
0 0.4828496042216359 0.018750000000000003 0.0316622691292876 0.037500000000000006
0 0.5364995602462621 0.0203125 0.03342128408091469 0.040625
