0 0.5263852242744064 0.4625 0.032541776605101144 0.05625
0 0.415127528583993 0.26796875000000003 0.03342128408091469 0.051562500000000004
0 0.42656112576956906 0.29296875 0.03342128408091469 0.051562500000000004
0 0.4388742304309587 0.31796875 0.024626209322779244 0.0484375
0 0.35532102022867196 0.27421875 0.03342128408091469 0.045312500000000006
0 0.6319261213720317 0.7093750000000001 0.03605980650835532 0.05625
0 0.6209322779243623 0.88671875 0.03342128408091469 0.0578125
0 0.6569920844327177 0.8304687500000001 0.0316622691292876 0.0578125
0 0.6965699208443272 0.7703125000000001 0.03342128408091469 0.05
0 0.7295514511873351 0.7289062500000001 0.03430079155672824 0.0671875
0 0.7849604221635884 0.5515625000000001 0.030782761653474055 0.053125000000000006
0 0.8025505716798593 0.62265625 0.032541776605101144 0.06406250000000001
0 0.8685136323658752 0.4078125 0.029023746701846966 0.046875
