0 0.2154793315743184 0.7835937500000001 0.028144239226033423 0.060937500000000006
0 0.2660510114335972 0.82734375 0.02726473175021988 0.045312500000000006
0 0.27660510114335973 0.74375 0.02550571679859279 0.0625
0 0.2959542656112577 0.759375 0.02550571679859279 0.059375000000000004
0 0.3122251539138083 0.7796875000000001 0.021108179419525065 0.05625
0 0.42392260334212845 0.878125 0.03342128408091469 0.07187500000000001
0 0.3597185576077397 0.41640625000000003 0.028144239226033423 0.0421875
0 0.37467018469656993 0.3765625 0.026385224274406333 0.034375
0 0.7137203166226913 0.88984375 0.0237467018469657 0.0671875
0 0.7405452946350044 0.6109375 0.022867194371152155 0.05
0 0.8117854001759015 0.4734375 0.022867194371152155 0.053125000000000006
0 0.8337730870712401 0.14765625000000002 0.0158311345646438 0.0484375
0 0.8544415127528584 0.2828125 0.016710642040457344 0.040625
0 0.965259454705365 0.29609375 0.030782761653474055 0.0328125
0 0.5175901495162709 0.12578125 0.018469656992084433 0.026562500000000003
0 0.5351802990325418 0.11953125 0.0237467018469657 0.029687500000000002
0 0.5426561125769569 0.08984375 0.021108179419525065 0.035937500000000004
