0 0.0255057167986 0.45703125 0.0369393139842 0.0328125
0 0.0879507475814 0.86875 0.0228671943712 0.078125
0 0.244942832014 0.55859375 0.0395778364116 0.0296875
0 0.271328056288 0.5234375 0.0325417766051 0.028125
0 0.284960422164 0.3109375 0.0351802990325 0.03125
0 0.32145998241 0.66796875 0.0413368513632 0.0328125
0 0.377308707124 0.6859375 0.0422163588391 0.0375
0 0.455145118734 0.52421875 0.0395778364116 0.0328125
0 0.46218117854 0.7015625 0.0360598065084 0.03125
2 0.512752858399 0.7140625 0.0422163588391 0.034375
0 0.605980650836 0.61484375 0.0404573438874 0.0359375
0 0.645998240985 0.75546875 0.03781882146 0.0421875
0 0.682937554969 0.6796875 0.0430958663149 0.040625
0 0.690853122252 0.76875 0.0430958663149 0.040625
0 0.744942832014 0.78203125 0.0422163588391 0.0390625
0 0.790677220756 0.80078125 0.0386983289358 0.0359375
0 0.898856640281 0.828125 0.0369393139842 0.03125
0 0.919085312225 0.76796875 0.0510114335972 0.0453125
0 0.910290237467 0.50078125 0.0492524186456 0.0390625
0 0.754617414248 0.33671875 0.0457343887423 0.0390625
0 0.750219876869 0.10625 0.0351802990325 0.0375
0 0.75417766051 0.06875 0.0395778364116 0.03125
0 0.755057167986 0.03046875 0.0395778364116 0.0265625
0 0.0672823218997 0.18046875 0.0430958663149 0.0421875
