0 0.07343887423043097 0.21015625000000002 0.0395778364116095 0.0421875
0 0.23878627968337732 0.234375 0.04309586631486368 0.046875
0 0.06552330694810907 0.78828125 0.029023746701846966 0.0765625
0 0.3122251539138083 0.64609375 0.04397537379067722 0.0484375
0 0.3645558487247142 0.671875 0.04133685136323659 0.040625
0 0.44722955145118737 0.7109375 0.032541776605101144 0.040625
0 0.6411609498680739 0.6984375 0.03342128408091469 0.040625
0 0.6262093227792437 0.8078125 0.03869832893579596 0.043750000000000004
0 0.6688654353562006 0.8304687500000001 0.04133685136323659 0.0484375
0 0.7273526824978013 0.7890625 0.03869832893579596 0.043750000000000004
0 0.7216358839050132 0.8601562500000001 0.0395778364116095 0.045312500000000006
0 0.7660510114335972 0.8875000000000001 0.04221635883905013 0.05
0 0.8948988566402815 0.8406250000000001 0.044854881266490766 0.053125000000000006
0 0.7717678100263853 0.5734375 0.04309586631486368 0.046875
0 0.7651715039577837 0.41718750000000004 0.04221635883905013 0.037500000000000006
0 0.09366754617414248 0.10703125000000001 0.0395778364116095 0.0421875
2 0.4995602462620933 0.73828125 0.03342128408091469 0.045312500000000006
0 0.7401055408970977 0.039843750000000004 0.03430079155672824 0.035937500000000004
0 0.7343887423043096 0.1390625 0.0316622691292876 0.040625
0 0.7871591908531222 0.11484375000000001 0.03518029903254178 0.035937500000000004
0 0.7766051011433598 0.15234375 0.04397537379067722 0.0421875
0 0.776165347405453 0.19296875000000002 0.03781882145998241 0.0328125
