0 0.6319261213720317 0.23593750000000002 0.0395778364116095 0.043750000000000004
0 0.5963060686015832 0.31875000000000003 0.04573438874230431 0.05
0 0.39006156552330695 0.49921875000000004 0.04133685136323659 0.045312500000000006
0 0.3966578715919086 0.66953125 0.040457343887423045 0.0421875
0 0.4006156552330695 0.7234375000000001 0.03605980650835532 0.040625
0 0.29683377308707126 0.7734375 0.03430079155672824 0.043750000000000004
0 0.6495162708883025 0.596875 0.03781882145998241 0.040625
0 0.07431838170624451 0.6531250000000001 0.044854881266490766 0.05
0 0.31574318381706246 0.8484375000000001 0.04397537379067722 0.05
0 0.3702726473175022 0.8226562500000001 0.040457343887423045 0.0484375
0 0.45382585751978893 0.775 0.036939313984168866 0.037500000000000006
0 0.6319261213720317 0.6859375000000001 0.03781882145998241 0.043750000000000004
0 0.6741424802110818 0.6640625 0.03781882145998241 0.046875
0 0.7247141600703606 0.63984375 0.03869832893579596 0.0484375
0 0.7673702726473175 0.61875 0.04133685136323659 0.05
0 0.8619173262972736 0.5703125 0.03869832893579596 0.040625
0 0.01802990325417766 0.62890625 0.03605980650835532 0.0421875
0 0.048372911169744945 0.02890625 0.021108179419525065 0.0546875
2 0.5057167985927881 0.7515625 0.040457343887423045 0.043750000000000004
0 0.5259454705364995 0.029687500000000002 0.03869832893579596 0.037500000000000006
0 0.5773966578715919 0.03359375 0.029023746701846966 0.0390625
0 0.5708003518029904 0.0125 0.040457343887423045 0.025
