2 0.517150395778 0.41640625 0.0791556728232 0.0640625
1 0.100263852243 0.646875 0.0668425681618 0.05625
0 0.690413368514 0.7390625 0.0351802990325 0.034375
0 0.591468777485 0.775 0.03781882146 0.034375
0 0.54837291117 0.790625 0.0395778364116 0.025
0 0.496481970097 0.80859375 0.0360598065084 0.0359375
0 0.452066842568 0.82265625 0.0334212840809 0.0328125
0 0.175901495163 0.934375 0.0386983289358 0.03125
0 0.115215479332 0.96171875 0.0457343887423 0.0328125
0 0.175461741425 0.578125 0.0448548812665 0.034375
0 0.198328935796 0.6109375 0.0448548812665 0.04375
0 0.0672823218997 0.6140625 0.0430958663149 0.0375
0 0.475813544415 0.384375 0.0334212840809 0.040625
3 0.0923482849604 0.696875 0.0386983289358 0.034375
2 0.317062445031 0.87890625 0.0466138962181 0.0484375
0 0.266930518909 0.89921875 0.0466138962181 0.0390625
0 0.375109938434 0.08828125 0.0307827616535 0.0296875
0 0.389621811785 0.17109375 0.0351802990325 0.0296875
0 0.428320140721 0.11875 0.0334212840809 0.034375
0 0.4327176781 0.153125 0.0351802990325 0.028125
0 0.437115215479 0.1875 0.0299032541777 0.0375
