1 0.281882145998241 0.48359375000000004 0.05716798592788039 0.06406250000000001
2 0.5092348284960423 0.52109375 0.07739665787159192 0.08281250000000001
3 0.26253298153034305 0.51875 0.032541776605101144 0.040625
0 0.05145118733509235 0.25 0.03605980650835532 0.037500000000000006
0 0.2660510114335972 0.43046875 0.032541776605101144 0.0390625
0 0.3298153034300792 0.46640625 0.03869832893579596 0.0421875
0 0.3623570800351803 0.5265625 0.040457343887423045 0.05
0 0.6380826737027265 0.56640625 0.04133685136323659 0.0421875
0 0.681618293755497 0.32265625000000003 0.03518029903254178 0.0390625
0 0.677660510114336 0.35546875 0.03430079155672824 0.035937500000000004
0 0.9182058047493404 0.2671875 0.021108179419525065 0.053125000000000006
0 0.9533861037818822 0.2765625 0.01759014951627089 0.053125000000000006
0 0.5180299032541776 0.93359375 0.03869832893579596 0.0421875
0 0.5624450307827616 0.9625 0.03605980650835532 0.046875
0 0.21328056288478453 0.75390625 0.04309586631486368 0.0484375
0 0.6481970096745823 0.21953125 0.028144239226033423 0.0328125
0 0.6358839050131927 0.30312500000000003 0.03342128408091469 0.040625
0 0.6851363236587511 0.28515625 0.03342128408091469 0.035937500000000004
0 0.3452066842568162 0.82734375 0.03430079155672824 0.0421875
2 0.3909410729991205 0.8546875 0.03781882145998241 0.046875
0 0.26341248900615655 0.7828125 0.03605980650835532 0.053125000000000006
