2 0.530782761653474 0.434375 0.07827616534740546 0.07187500000000001
1 0.22207563764292 0.37812500000000004 0.06244503078276166 0.059375000000000004
3 0.20316622691292877 0.41640625000000003 0.03518029903254178 0.0421875
0 0.16534740545294635 0.6578125 0.04397537379067722 0.040625
0 0.22119613016710643 0.6843750000000001 0.03430079155672824 0.037500000000000006
0 0.3007915567282322 0.7195312500000001 0.03869832893579596 0.035937500000000004
0 0.47889182058047497 0.80078125 0.03781882145998241 0.0390625
0 0.5206684256816183 0.82421875 0.036939313984168866 0.0390625
0 0.5734388742304309 0.8453125 0.040457343887423045 0.037500000000000006
0 0.6152154793315744 0.8703125 0.0395778364116095 0.037500000000000006
0 0.7185576077396658 0.92109375 0.040457343887423045 0.0390625
0 0.6015831134564644 0.42031250000000003 0.03518029903254178 0.037500000000000006
0 0.8518029903254178 0.10703125000000001 0.014951627088830256 0.0578125
0 0.8852242744063324 0.11406250000000001 0.014951627088830256 0.05625
0 0.27088830255057167 0.35625 0.040457343887423045 0.043750000000000004
0 0.3073878627968338 0.415625 0.04133685136323659 0.040625
0 0.20448548812664907 0.32656250000000003 0.030782761653474055 0.037500000000000006
2 0.3500439753737907 0.7429687500000001 0.04221635883905013 0.0546875
0 0.5857519788918206 0.07421875 0.0316622691292876 0.029687500000000002
0 0.5782761653474054 0.16640625 0.02726473175021988 0.029687500000000002
0 0.6266490765171504 0.14375000000000002 0.032541776605101144 0.03125
0 0.6226912928759895 0.17890625000000002 0.036939313984168866 0.0390625
0 0.6222515391380827 0.2109375 0.030782761653474055 0.03125
