0 0.38522427440633245 0.5296875 0.04573438874230431 0.0625
0 0.33773087071240104 0.5734375 0.03869832893579596 0.053125000000000006
0 0.38434476693051894 0.6140625000000001 0.03342128408091469 0.05
0 0.08795074758135445 0.6335937500000001 0.029903254177660512 0.0703125
0 0.07387862796833773 0.184375 0.036939313984168866 0.05
0 0.19085312225153914 0.34218750000000003 0.036939313984168866 0.05
0 0.39226033421284084 0.28671875 0.036939313984168866 0.045312500000000006
0 0.5492524186455585 0.44921875 0.03605980650835532 0.051562500000000004
0 0.8065083553210203 0.49140625000000004 0.040457343887423045 0.045312500000000006
0 0.6301671064204046 0.83359375 0.0395778364116095 0.045312500000000006
0 0.6693051890941073 0.8695312500000001 0.03869832893579596 0.0546875
0 0.7185576077396658 0.915625 0.040457343887423045 0.05625
0 0.7620932277924363 0.95625 0.04133685136323659 0.05625
0 0.8711521547933158 0.9437500000000001 0.04309586631486368 0.05625
0 0.9107299912049253 0.6859375000000001 0.04133685136323659 0.05625
0 0.8434476693051891 0.27187500000000003 0.03518029903254178 0.043750000000000004
0 0.8509234828496043 0.23359375000000002 0.0395778364116095 0.051562500000000004
0 0.8619173262972736 0.19843750000000002 0.040457343887423045 0.043750000000000004
0 0.8201407211961302 0.10546875 0.03605980650835532 0.0421875
0 0.46437994722955145 0.6804687500000001 0.0316622691292876 0.045312500000000006
2 0.5065963060686016 0.7203125 0.040457343887423045 0.05625
0 0.0158311345646438 0.8679687500000001 0.029903254177660512 0.0703125
0 0.016710642040457344 0.26875 0.03342128408091469 0.046875
0 0.04925241864555849 0.3015625 0.03869832893579596 0.046875
0 0.8087071240105541 0.20390625 0.0237467018469657 0.035937500000000004
