0 0.31838170624450307 0.2484375 0.040457343887423045 0.046875
0 0.03474054529463501 0.34765625 0.03781882145998241 0.0484375
0 0.14731750219876869 0.29921875000000003 0.03605980650835532 0.045312500000000006
0 0.2559366754617414 0.434375 0.03869832893579596 0.046875
0 0.08575197889182058 0.67734375 0.030782761653474055 0.0765625
0 0.022427440633245383 0.9164062500000001 0.029023746701846966 0.07968750000000001
0 0.33377308707124015 0.5890625 0.04133685136323659 0.053125000000000006
0 0.38434476693051894 0.628125 0.040457343887423045 0.05
0 0.4621811785400176 0.6000000000000001 0.048372911169744945 0.05625
0 0.4621811785400176 0.6820312500000001 0.030782761653474055 0.0421875
0 0.6358839050131927 0.81640625 0.03342128408091469 0.0421875
0 0.6772207563764292 0.8523437500000001 0.04221635883905013 0.045312500000000006
0 0.7273526824978013 0.88984375 0.036939313984168866 0.0484375
0 0.7713280562884784 0.92890625 0.04221635883905013 0.051562500000000004
0 0.8073878627968338 0.56640625 0.040457343887423045 0.045312500000000006
0 0.8003518029903255 0.4546875 0.040457343887423045 0.043750000000000004
0 0.8298153034300791 0.234375 0.03781882145998241 0.034375
0 0.8368513632365876 0.19843750000000002 0.03781882145998241 0.05
0 0.8443271767810027 0.16171875000000002 0.036939313984168866 0.0328125
0 0.8043095866314864 0.07421875 0.03605980650835532 0.0390625
0 0.4547053649956025 0.37343750000000003 0.03869832893579596 0.05
0 0.010114335971855761 0.32109375 0.020228671943711522 0.0390625
0 0.15963060686015831 0.02109375 0.04133685136323659 0.0421875
0 0.7919964819700968 0.17421875 0.03430079155672824 0.045312500000000006
2 0.5092348284960423 0.72421875 0.04397537379067722 0.0546875
