0 0.3909410729991205 0.23515625 0.030782761653474055 0.0484375
0 0.4520668425681619 0.22968750000000002 0.0316622691292876 0.043750000000000004
0 0.4626209322779244 0.26171875 0.03518029903254178 0.045312500000000006
0 0.4727352682497801 0.28984375 0.029023746701846966 0.0484375
0 0.5545294635004397 0.44765625000000003 0.0395778364116095 0.051562500000000004
0 0.5729991204925242 0.79453125 0.032541776605101144 0.045312500000000006
0 0.6279683377308708 0.88671875 0.03518029903254178 0.0421875
0 0.6675461741424803 0.83984375 0.036939313984168866 0.060937500000000006
0 0.7431838170624451 0.6546875000000001 0.03518029903254178 0.053125000000000006
0 0.7075637642919965 0.78515625 0.03605980650835532 0.0484375
0 0.7475813544415127 0.74375 0.03518029903254178 0.05625
0 0.8276165347405453 0.64765625 0.0316622691292876 0.051562500000000004
0 0.8320140721196131 0.521875 0.0316622691292876 0.046875
