2 0.11961301671064205 0.5609375 0.036939313984168866 0.084375
0 0.07651715039577837 0.8703125 0.028144239226033423 0.078125
0 0.026385224274406333 0.45234375000000004 0.03869832893579596 0.029687500000000002
0 0.31926121372031663 0.69453125 0.04221635883905013 0.0390625
0 0.3737906772207564 0.71640625 0.036939313984168866 0.0328125
0 0.4573438874230431 0.7453125 0.03342128408091469 0.03125
0 0.6416007036059806 0.81953125 0.03781882145998241 0.035937500000000004
0 0.6851363236587511 0.8375 0.040457343887423045 0.034375
0 0.737467018469657 0.859375 0.04133685136323659 0.037500000000000006
0 0.7849604221635884 0.88203125 0.0395778364116095 0.035937500000000004
0 0.8940193491644679 0.9265625000000001 0.0395778364116095 0.043750000000000004
0 0.7620932277924363 0.4109375 0.04133685136323659 0.037500000000000006
0 0.7638522427440634 0.18359375 0.032541776605101144 0.0328125
0 0.7656112576956905 0.14765625000000002 0.03781882145998241 0.0328125
0 0.7695690413368514 0.11015625000000001 0.03518029903254178 0.035937500000000004
0 0.7211961301671065 0.0390625 0.03342128408091469 0.025
0 0.08311345646437995 0.18906250000000002 0.0395778364116095 0.040625
2 0.5105540897097626 0.7664062500000001 0.044854881266490766 0.035937500000000004
0 0.006596306068601583 0.5640625 0.013192612137203167 0.028125
0 0.7181178540017591 0.140625 0.03430079155672824 0.037500000000000006
