2 0.18557607739665788 0.43203125000000003 0.040457343887423045 0.0734375
0 0.370712401055409 0.5320312500000001 0.02726473175021988 0.0484375
0 0.3276165347405453 0.6335937500000001 0.032541776605101144 0.060937500000000006
0 0.3619173262972735 0.7015625000000001 0.02726473175021988 0.05625
0 0.10729991204925242 0.5476562500000001 0.03869832893579596 0.0546875
0 0.29463500439753737 0.45078125 0.028144239226033423 0.051562500000000004
0 0.08883025505716799 0.13515625 0.026385224274406333 0.045312500000000006
0 0.13016710642040458 0.178125 0.024626209322779244 0.043750000000000004
0 0.13544415127528583 0.22890625 0.028144239226033423 0.051562500000000004
0 0.15523306948109059 0.2703125 0.02550571679859279 0.046875
0 0.28583992963940197 0.15937500000000002 0.026385224274406333 0.043750000000000004
0 0.33465259454705365 0.19843750000000002 0.02550571679859279 0.043750000000000004
0 0.5259454705364995 0.846875 0.03518029903254178 0.06875
0 0.781882145998241 0.8539062500000001 0.03869832893579596 0.0671875
0 0.8531222515391381 0.6687500000000001 0.0316622691292876 0.05
0 0.8636763412489007 0.6421875 0.036939313984168866 0.0625
0 0.8223394898856641 0.58515625 0.03518029903254178 0.0578125
0 0.24098504837291118 0.035937500000000004 0.022867194371152155 0.037500000000000006
0 0.32541776605101147 0.10078125 0.028144239226033423 0.0484375
0 0.026385224274406333 0.01640625 0.01934916446789798 0.0328125
0 0.10861917326297274 0.17500000000000002 0.02198768689533861 0.043750000000000004
0 0.41600703605980655 0.8093750000000001 0.03342128408091469 0.06875
2 0.44854881266490765 0.87421875 0.036939313984168866 0.0671875
0 0.8592788038698329 0.5171875 0.026385224274406333 0.043750000000000004
0 0.8781882145998241 0.6140625000000001 0.03605980650835532 0.05
