2 0.1187335092348285 0.5703125 0.036939313984168866 0.084375
0 0.014951627088830256 0.5265625 0.029903254177660512 0.028125
0 0.08003518029903255 0.94140625 0.024626209322779244 0.07968750000000001
0 0.3144239226033421 0.7250000000000001 0.04309586631486368 0.034375
0 0.37115215479331576 0.7367187500000001 0.040457343887423045 0.0328125
0 0.4560246262093228 0.7515625 0.03430079155672824 0.03125
0 0.6433597185576078 0.7992187500000001 0.03781882145998241 0.0390625
0 0.6855760773966579 0.8093750000000001 0.04133685136323659 0.037500000000000006
0 0.741424802110818 0.8226562500000001 0.040457343887423045 0.0390625
0 0.7651715039577837 0.86640625 0.0 0.0015625
0 0.7871591908531222 0.8343750000000001 0.04221635883905013 0.040625
0 0.8948988566402815 0.8625 0.0395778364116095 0.03125
0 0.7431838170624451 0.37578125 0.040457343887423045 0.035937500000000004
0 0.6864555848724715 0.013281250000000001 0.03605980650835532 0.026562500000000003
0 0.7383465259454706 0.07578125000000001 0.03781882145998241 0.029687500000000002
0 0.7357080035180299 0.11484375000000001 0.03605980650835532 0.0328125
0 0.7348284960422163 0.15078125 0.03605980650835532 0.029687500000000002
0 0.05716798592788039 0.24765625000000002 0.04573438874230431 0.0421875
2 0.5079155672823219 0.76328125 0.0395778364116095 0.0421875
0 0.6895338610378189 0.11093750000000001 0.029903254177660512 0.03125
