2 0.477132805629 0.509375 0.03781882146 0.046875
0 0.0822339489886 0.59296875 0.03781882146 0.0203125
0 0.138962181179 0.584375 0.0334212840809 0.025
0 0.273526824978 0.559375 0.0351802990325 0.025
0 0.391380826737 0.53671875 0.0351802990325 0.0265625
0 0.500439753738 0.3640625 0.0158311345646 0.04375
0 0.498240985048 0.31953125 0.0131926121372 0.0453125
0 0.507475813544 0.278125 0.014072119613 0.040625
0 0.560246262093 0.265625 0.014072119613 0.04375
0 0.489885664028 0.21953125 0.014072119613 0.0421875
0 0.651715039578 0.18203125 0.014072119613 0.0359375
0 0.68073878628 0.35703125 0.0175901495163 0.0453125
0 0.531222515391 0.7984375 0.0175901495163 0.06875
0 0.536939313984 0.890625 0.0202286719437 0.065625
0 0.478012313105 0.08203125 0.0149516270888 0.0390625
