2 0.266051011434 0.43671875 0.0817941952507 0.0796875
0 0.260334212841 0.5375 0.0386983289358 0.046875
0 0.157871591909 0.59140625 0.0413368513632 0.0484375
0 0.0760773966579 0.59609375 0.0395778364116 0.0453125
0 0.0963060686016 0.67890625 0.0395778364116 0.0421875
0 0.165787159191 0.909375 0.0430958663149 0.046875
0 0.48328935796 0.71640625 0.0360598065084 0.0359375
0 0.521987686895 0.6921875 0.0343007915567 0.040625
0 0.569481090589 0.665625 0.0395778364116 0.04375
0 0.613016710642 0.64375 0.0369393139842 0.04375
0 0.707124010554 0.590625 0.0369393139842 0.046875
1 0.0175901495163 0.67421875 0.0351802990325 0.0546875
0 0.222075637643 0.87578125 0.03781882146 0.0515625
0 0.306068601583 0.821875 0.0386983289358 0.046875
2 0.353122251539 0.7953125 0.0413368513632 0.05
0 0.375549692172 0.08515625 0.0316622691293 0.0390625
0 0.427000879507 0.08671875 0.0325417766051 0.0421875
0 0.418645558487 0.053125 0.0369393139842 0.04375
0 0.417326297274 0.01953125 0.0325417766051 0.0390625
