0 0.4050131926121372 0.60546875 0.04133685136323659 0.0546875
0 0.4384344766930519 0.48125 0.03781882145998241 0.05
0 0.5756376429199649 0.50625 0.03605980650835532 0.043750000000000004
0 0.6424802110817942 0.38671875 0.03605980650835532 0.0484375
0 0.6873350923482849 0.5476562500000001 0.03605980650835532 0.0484375
0 0.534740545294635 0.75390625 0.036939313984168866 0.045312500000000006
0 0.47141600703605985 0.946875 0.03869832893579596 0.053125000000000006
0 0.51363236587511 0.90546875 0.036939313984168866 0.0546875
0 0.5606860158311346 0.8656250000000001 0.03430079155672824 0.05
0 0.5993843447669306 0.82734375 0.03781882145998241 0.051562500000000004
0 0.6908531222515392 0.74609375 0.03605980650835532 0.051562500000000004
0 0.880386983289358 0.478125 0.03869832893579596 0.040625
0 0.19656992084432717 0.88203125 0.04309586631486368 0.060937500000000006
0 0.29727352682497804 0.22812500000000002 0.03342128408091469 0.040625
0 0.32585751978891825 0.30546875 0.029023746701846966 0.045312500000000006
0 0.3575197889182058 0.2390625 0.032541776605101144 0.046875
0 0.36675461741424803 0.27109375 0.03518029903254178 0.045312500000000006
0 0.37642919964819704 0.29921875000000003 0.026385224274406333 0.035937500000000004
