3 0.7273526824978013 0.8484375000000001 0.04221635883905013 0.05625
1 0.32893579595426564 0.5015625 0.06156552330694811 0.084375
0 0.07827616534740546 0.3875 0.03518029903254178 0.046875
0 0.32102022867194374 0.6960937500000001 0.03869832893579596 0.0546875
0 0.2484608619173263 0.7132812500000001 0.03430079155672824 0.0421875
0 0.5853122251539138 0.971875 0.0395778364116095 0.053125000000000006
0 0.22251539138082674 0.54609375 0.01759014951627089 0.06406250000000001
0 0.0839929639401935 0.20078125000000002 0.030782761653474055 0.0390625
0 0.15567282321899736 0.1796875 0.03518029903254178 0.046875
0 0.008355321020228672 0.7351562500000001 0.016710642040457344 0.0546875
0 0.00967458223394899 0.43828125 0.01934916446789798 0.0390625
0 0.7304309586631487 0.33359375 0.032541776605101144 0.0421875
0 0.7115215479331575 0.4140625 0.0316622691292876 0.05
0 0.7647317502198769 0.42031250000000003 0.032541776605101144 0.037500000000000006
0 0.7563764291996482 0.44921875 0.036939313984168866 0.0484375
0 0.7506596306068601 0.48125 0.032541776605101144 0.034375
0 0.36631486367634125 0.8359375 0.03781882145998241 0.05625
0 0.29507475813544415 0.7585937500000001 0.032541776605101144 0.0484375
2 0.40765171503957787 0.8796875000000001 0.0395778364116095 0.0625
