0 0.157871591909 0.95 0.0430958663149 0.04375
0 0.0589270008795 0.74296875 0.0422163588391 0.0578125
0 0.480211081794 0.478125 0.0386983289358 0.04375
0 0.488566402814 0.81640625 0.03781882146 0.0359375
0 0.530782761653 0.7984375 0.0360598065084 0.03125
0 0.584872471416 0.78203125 0.0351802990325 0.0359375
0 0.626209322779 0.76171875 0.0404573438874 0.0359375
0 0.712401055409 0.7 0.0369393139842 0.0375
0 0.728671943712 0.72890625 0.0360598065084 0.0359375
0 0.845646437995 0.62734375 0.0395778364116 0.0359375
0 0.926121372032 0.565625 0.0369393139842 0.0375
0 0.841248900616 0.34453125 0.0395778364116 0.0453125
0 0.21855760774 0.92421875 0.0395778364116 0.0421875
0 0.306068601583 0.88828125 0.0457343887423 0.0359375
2 0.356640281442 0.86875 0.0448548812665 0.046875
0 0.477132805629 0.17578125 0.0290237467018 0.0390625
0 0.425681618294 0.16171875 0.0351802990325 0.0328125
0 0.412928759894 0.07734375 0.0307827616535 0.0328125
0 0.467458223395 0.10546875 0.0343007915567 0.0328125
0 0.470096745822 0.14296875 0.0360598065084 0.0359375
