1 0.4410729991204925 0.5453125 0.05013192612137203 0.096875
0 0.4133685136323659 0.7429687500000001 0.026385224274406333 0.0546875
0 0.3390501319261214 0.71640625 0.030782761653474055 0.0578125
0 0.4876868953386104 0.83359375 0.03430079155672824 0.06406250000000001
0 0.17854001759014954 0.35000000000000003 0.021108179419525065 0.037500000000000006
0 0.15875109938434478 0.31015625 0.02550571679859279 0.045312500000000006
0 0.1569920844327177 0.25703125 0.02198768689533861 0.0421875
0 0.12005277044854881 0.625 0.0395778364116095 0.05
0 0.4212840809146878 0.89453125 0.029903254177660512 0.06406250000000001
0 0.059806508355321024 0.08203125 0.022867194371152155 0.0390625
0 0.10905892700087952 0.05 0.024626209322779244 0.046875
0 0.12005277044854881 0.21250000000000002 0.02198768689533861 0.040625
0 0.13544415127528583 0.2515625 0.021108179419525065 0.040625
0 0.27000879507475817 0.0421875 0.021108179419525065 0.037500000000000006
0 0.34740545294635006 0.18671875000000002 0.026385224274406333 0.045312500000000006
0 0.010554089709762533 0.77109375 0.021108179419525065 0.051562500000000004
0 0.37115215479331576 0.78515625 0.029903254177660512 0.051562500000000004
2 0.45646437994722955 0.96015625 0.036939313984168866 0.06406250000000001
0 0.8720316622691293 0.60078125 0.030782761653474055 0.051562500000000004
0 0.837730870712401 0.6726562500000001 0.030782761653474055 0.0578125
0 0.8795074758135445 0.7296875 0.036939313984168866 0.059375000000000004
0 0.8698328935795955 0.7585937500000001 0.029903254177660512 0.0484375
0 0.8927000879507476 0.70234375 0.0316622691292876 0.0546875
