0 0.31310466138962184 0.2171875 0.03518029903254178 0.05625
0 0.36851363236587514 0.18203125 0.029903254177660512 0.0546875
0 0.5 0.35546875 0.03605980650835532 0.0578125
0 0.5466138962181178 0.584375 0.029023746701846966 0.05
0 0.5804749340369394 0.63203125 0.03342128408091469 0.060937500000000006
0 0.6213720316622692 0.7039062500000001 0.032541776605101144 0.0578125
0 0.6530343007915568 0.753125 0.030782761653474055 0.053125000000000006
0 0.7361477572559367 0.88203125 0.03342128408091469 0.0578125
0 0.6055408970976254 0.2734375 0.03430079155672824 0.05625
0 0.7700087950747582 0.34765625 0.03605980650835532 0.0546875
0 0.34784520668425684 0.27265625 0.03605980650835532 0.0578125
0 0.4120492524186456 0.36875 0.03430079155672824 0.05625
2 0.4489885664028144 0.42421875000000003 0.03605980650835532 0.0578125
0 0.07739665787159192 0.16171875000000002 0.03342128408091469 0.060937500000000006
2 0.14335971855760773 0.03515625 0.04397537379067722 0.0703125
0 0.8170624450307828 0.07109375 0.029903254177660512 0.0578125
0 0.8443271767810027 0.153125 0.0316622691292876 0.05
0 0.8557607739665788 0.12421875 0.036939313984168866 0.06406250000000001
0 0.8715919085312226 0.09140625000000001 0.03518029903254178 0.0578125
