2 0.24362357080035182 0.7835937500000001 0.08267370272647317 0.1078125
0 0.4780123131046614 0.69296875 0.03430079155672824 0.0546875
0 0.2515391380826737 0.8835937500000001 0.040457343887423045 0.0578125
0 0.19217238346525947 0.940625 0.04309586631486368 0.0625
0 0.133245382585752 0.94296875 0.044854881266490766 0.0671875
0 0.6983289357959543 0.8078125 0.03518029903254178 0.05625
0 0.6064204045734389 0.8984375 0.03430079155672824 0.0625
0 0.503957783641161 0.084375 0.01934916446789798 0.046875
0 0.5272647317502199 0.0578125 0.016710642040457344 0.043750000000000004
0 0.56948109058927 0.93515625 0.03605980650835532 0.051562500000000004
0 0.5167106420404574 0.9734375000000001 0.04661389621811786 0.05
0 0.29683377308707126 0.33046875000000003 0.02726473175021988 0.035937500000000004
0 0.3197009674582234 0.41015625 0.03605980650835532 0.045312500000000006
0 0.35224274406332456 0.33984375 0.030782761653474055 0.0421875
0 0.3623570800351803 0.37109375 0.03342128408091469 0.0484375
0 0.3720316622691293 0.39609375 0.028144239226033423 0.0390625
