2 0.179419525066 0.64921875 0.0809146877748 0.1390625
1 0.089709762533 0.946875 0.0633245382586 0.103125
0 0.163148636763 0.81328125 0.0413368513632 0.0796875
0 0.140281442392 0.9296875 0.0360598065084 0.065625
0 0.106420404573 0.85234375 0.0404573438874 0.0734375
0 0.321020228672 0.96171875 0.0334212840809 0.0671875
0 0.448109058927 0.71171875 0.0307827616535 0.0609375
0 0.477132805629 0.65546875 0.0325417766051 0.0640625
0 0.511433597186 0.58671875 0.0307827616535 0.0609375
0 0.540897097625 0.5359375 0.0316622691293 0.059375
0 0.608619173263 0.4046875 0.0316622691293 0.05625
0 0.206684256816 0.73203125 0.0334212840809 0.0703125
2 0.355321020229 0.89375 0.0369393139842 0.06875
0 0.0404573438874 0.965625 0.0422163588391 0.065625
0 0.124890061566 0.175 0.0299032541777 0.05
0 0.170624450308 0.23828125 0.028144239226 0.0546875
0 0.219876868953 0.196875 0.028144239226 0.059375
0 0.203166226913 0.17421875 0.0316622691293 0.0578125
0 0.1890941073 0.146875 0.0228671943712 0.053125
