0 0.19261213720316622 0.51328125 0.04221635883905013 0.0328125
0 0.1569920844327177 0.3875 0.032541776605101144 0.028125
0 0.21328056288478453 0.34765625 0.03605980650835532 0.026562500000000003
0 0.17766051011433598 0.20703125 0.040457343887423045 0.0328125
0 0.523306948109059 0.47890625000000003 0.036939313984168866 0.026562500000000003
0 0.5101143359718557 0.5671875000000001 0.03518029903254178 0.03125
0 0.5536499560246262 0.57578125 0.03430079155672824 0.026562500000000003
0 0.6033421284080915 0.5859375 0.03869832893579596 0.03125
0 0.6495162708883025 0.596875 0.03781882145998241 0.028125
0 0.7203166226912929 0.50234375 0.04397537379067722 0.0390625
0 0.7546174142480211 0.6156250000000001 0.03869832893579596 0.034375
0 0.762532981530343 0.3484375 0.03869832893579596 0.034375
0 0.895778364116095 0.28359375000000003 0.04309586631486368 0.035937500000000004
0 0.612137203166227 0.15078125 0.03869832893579596 0.0328125
0 0.3311345646437995 0.53515625 0.04133685136323659 0.0328125
0 0.247141600703606 0.52265625 0.03869832893579596 0.035937500000000004
2 0.380386983289358 0.5421875 0.0395778364116095 0.034375
