1 0.4599824098504838 0.32734375000000004 0.05101143359718558 0.09531250000000001
3 0.4098504837291117 0.17500000000000002 0.028144239226033423 0.05
0 0.029903254177660512 0.50625 0.03869832893579596 0.05
0 0.14291996481970098 0.371875 0.03605980650835532 0.046875
0 0.3566402814423923 0.47578125000000004 0.030782761653474055 0.0578125
0 0.3896218117854002 0.54296875 0.024626209322779244 0.045312500000000006
0 0.4445910290237467 0.546875 0.029023746701846966 0.05625
0 0.43931398416886547 0.6414062500000001 0.029023746701846966 0.0578125
0 0.4815303430079156 0.54140625 0.03430079155672824 0.06406250000000001
0 0.36015831134564646 0.29921875000000003 0.029023746701846966 0.051562500000000004
0 0.1899736147757256 0.115625 0.021108179419525065 0.043750000000000004
0 0.24450307827616535 0.0734375 0.024626209322779244 0.043750000000000004
0 0.17238346525945472 0.07421875 0.028144239226033423 0.051562500000000004
0 0.16754617414248021 0.025 0.02550571679859279 0.043750000000000004
0 0.19085312225153914 0.015625 0.022867194371152155 0.03125
0 0.8781882145998241 0.5554687500000001 0.032541776605101144 0.0484375
0 0.8935795954265612 0.52734375 0.03518029903254178 0.0578125
0 0.8540017590149517 0.47265625 0.03342128408091469 0.051562500000000004
0 0.5532102022867195 0.88203125 0.0316622691292876 0.060937500000000006
0 0.58311345646438 0.9437500000000001 0.03518029903254178 0.06875
0 0.8935795954265612 0.40703125 0.024626209322779244 0.035937500000000004
0 0.909410729991205 0.50234375 0.029903254177660512 0.051562500000000004
2 0.4683377308707124 0.70078125 0.03430079155672824 0.0671875
0 0.14687774846086193 0.02109375 0.021108179419525065 0.0390625
