0 0.37906772207563766 0.6351562500000001 0.022867194371152155 0.0421875
0 0.40017590149516274 0.6023437500000001 0.022867194371152155 0.0421875
0 0.662269129287599 0.77890625 0.028144239226033423 0.0546875
0 0.8390501319261214 0.8609375 0.024626209322779244 0.053125000000000006
0 0.8570800351802991 0.8890625000000001 0.02550571679859279 0.05
0 0.8720316622691293 0.8 0.02550571679859279 0.05625
0 0.909410729991205 0.7265625 0.028144239226033423 0.05
0 0.9058927000879508 0.8015625000000001 0.024626209322779244 0.046875
0 0.9155672823218998 0.43671875000000004 0.021108179419525065 0.035937500000000004
0 0.9331574318381707 0.36015625 0.021108179419525065 0.035937500000000004
0 0.963500439753738 0.35781250000000003 0.02198768689533861 0.034375
0 0.6143359718557608 0.371875 0.02550571679859279 0.034375
0 0.6015831134564644 0.39453125 0.022867194371152155 0.029687500000000002
0 0.5809146877748461 0.39687500000000003 0.020228671943711522 0.03125
0 0.17106420404573439 0.9617187500000001 0.029023746701846966 0.0390625
0 0.23394898856640284 0.9460937500000001 0.03518029903254178 0.0578125
0 0.247141600703606 0.9750000000000001 0.040457343887423045 0.046875
