3 0.3306948109058927 0.32578125 0.03518029903254178 0.060937500000000006
1 0.09102902374670185 0.625 0.06420404573438875 0.096875
0 0.3214599824098505 0.09765625 0.03430079155672824 0.060937500000000006
0 0.1978891820580475 0.46718750000000003 0.04221635883905013 0.065625
0 0.10114335971855762 0.54296875 0.03342128408091469 0.0484375
0 0.17634124890061567 0.9078125 0.03781882145998241 0.06875
0 0.4274406332453826 0.515625 0.03342128408091469 0.05
0 0.459542656112577 0.46796875000000004 0.030782761653474055 0.0546875
0 0.49824098504837294 0.40937500000000004 0.03430079155672824 0.053125000000000006
0 0.5316622691292876 0.36171875000000003 0.030782761653474055 0.0578125
0 0.6072999120492525 0.24453125 0.029023746701846966 0.0546875
0 0.21943711521547934 0.8359375 0.03781882145998241 0.0625
0 0.2854001759014952 0.7296875 0.03781882145998241 0.0625
2 0.32409850483729113 0.6734375 0.03430079155672824 0.059375000000000004
0 0.4569041336851363 0.02890625 0.0395778364116095 0.0578125
