3 0.5351802990325418 0.4421875 0.02198768689533861 0.05625
0 0.1649076517150396 0.465625 0.030782761653474055 0.040625
0 0.18029903254177662 0.41875 0.026385224274406333 0.034375
0 0.2502198768689534 0.96640625 0.030782761653474055 0.06406250000000001
0 0.3452066842568162 0.8718750000000001 0.02726473175021988 0.06875
0 0.5571679859278804 0.8929687500000001 0.02726473175021988 0.0703125
0 0.4322779243623571 0.67890625 0.029023746701846966 0.0765625
0 0.5628847845206685 0.21406250000000002 0.022867194371152155 0.05625
0 0.6781002638522428 0.22265625 0.0158311345646438 0.0390625
0 0.6644678979771328 0.0390625 0.016710642040457344 0.046875
0 0.024626209322779244 0.9140625 0.028144239226033423 0.05625
0 0.079155672823219 0.9546875 0.03342128408091469 0.059375000000000004
0 0.08927000879507477 0.8523437500000001 0.02726473175021988 0.0671875
0 0.10598065083553211 0.86875 0.03430079155672824 0.07187500000000001
0 0.1279683377308707 0.8828125 0.02726473175021988 0.0625
0 0.32365875109938436 0.10078125 0.026385224274406333 0.029687500000000002
0 0.3469656992084433 0.08515625 0.0237467018469657 0.029687500000000002
0 0.3540017590149516 0.053125000000000006 0.0237467018469657 0.03125
0 0.8570800351802991 0.19453125000000002 0.030782761653474055 0.029687500000000002
0 0.9256816182937555 0.22890625 0.02726473175021988 0.029687500000000002
0 0.9648197009674583 0.31953125000000004 0.0316622691292876 0.0328125
