1 0.7132805628847846 0.4 0.0474934036939314 0.08125
3 0.8992963940193492 0.17500000000000002 0.02726473175021988 0.043750000000000004
0 0.8500439753737907 0.18359375 0.030782761653474055 0.0546875
0 0.9564643799472295 0.12265625000000001 0.0237467018469657 0.0484375
0 0.8324538258575198 0.36171875000000003 0.020228671943711522 0.045312500000000006
0 0.9384344766930519 0.29296875 0.024626209322779244 0.0421875
0 0.6983289357959543 0.66171875 0.028144239226033423 0.045312500000000006
0 0.6473175021987687 0.88046875 0.0316622691292876 0.0578125
0 0.34212840809146877 0.84375 0.040457343887423045 0.0625
0 0.36103781882146 0.73359375 0.03430079155672824 0.060937500000000006
0 0.3812664907651715 0.23671875 0.0237467018469657 0.0484375
0 0.4036939313984169 0.2078125 0.022867194371152155 0.043750000000000004
0 0.26341248900615655 0.5625 0.03430079155672824 0.05
0 0.18865435356200527 0.54609375 0.03430079155672824 0.045312500000000006
0 0.22867194371152155 0.6109375 0.0316622691292876 0.05
0 0.2770448548812665 0.5859375 0.028144239226033423 0.046875
0 0.5765171503957784 0.9828125000000001 0.02550571679859279 0.03125
0 0.2519788918205805 0.53125 0.03605980650835532 0.053125000000000006
