1 0.173702726473 0.74296875 0.0501319261214 0.1140625
3 0.389182058047 0.1984375 0.0272647317502 0.06875
0 0.192612137203 0.5984375 0.0299032541777 0.0625
0 0.257695690413 0.5015625 0.0334212840809 0.084375
0 0.259014951627 0.21640625 0.0272647317502 0.0703125
0 0.435795954266 0.5546875 0.0255057167986 0.059375
0 0.457783641161 0.48671875 0.023746701847 0.0640625
0 0.484168865435 0.41171875 0.0272647317502 0.0734375
0 0.506156552331 0.34296875 0.0255057167986 0.0609375
0 0.558047493404 0.1875 0.0255057167986 0.059375
0 0.0307827616535 0.1296875 0.028144239226 0.059375
0 0.0892700087951 0.17265625 0.0272647317502 0.0578125
0 0.0901495162709 0.07109375 0.0290237467018 0.0671875
0 0.112137203166 0.096875 0.0290237467018 0.0625
0 0.133245382586 0.1125 0.0202286719437 0.059375
0 0.345206684257 0.83671875 0.0290237467018 0.0671875
2 0.366754617414 0.75859375 0.0316622691293 0.0734375
0 0.301671064204 0.97109375 0.0299032541777 0.0546875
