2 0.322779243624 0.1953125 0.0351802990325 0.059375
1 0.530343007916 0.17578125 0.0334212840809 0.0890625
0 0.241424802111 0.27265625 0.0343007915567 0.0359375
0 0.125769569041 0.36640625 0.0351802990325 0.0390625
0 0.430958663149 0.4484375 0.0246262093228 0.0625
0 0.452506596306 0.52578125 0.023746701847 0.0546875
0 0.488126649077 0.64921875 0.0228671943712 0.0640625
0 0.571240105541 0.95078125 0.0272647317502 0.0734375
0 0.711521547933 0.75 0.0299032541777 0.06875
0 0.841688654354 0.8703125 0.0351802990325 0.078125
0 0.478452066843 0.1125 0.0211081794195 0.05
0 0.401495162709 0.10859375 0.0255057167986 0.0578125
0 0.319700967458 0.03125 0.0184696569921 0.046875
0 0.489885664028 0.01875 0.0263852242744 0.0375
2 0.506596306069 0.72421875 0.0246262093228 0.0609375
0 0.928759894459 0.63046875 0.0316622691293 0.0671875
0 0.948548812665 0.728125 0.0325417766051 0.06875
0 0.965259454705 0.70703125 0.0325417766051 0.0703125
0 0.983729111697 0.6859375 0.0307827616535 0.071875
0 0.981530343008 0.57734375 0.0228671943712 0.0515625
