1 0.135883905013 0.74453125 0.0554089709763 0.1078125
3 0.356200527704 0.29921875 0.0316622691293 0.0703125
0 0.227792436236 0.534375 0.0334212840809 0.071875
0 0.150835532102 0.634375 0.0272647317502 0.06875
0 0.433157431838 0.54765625 0.0272647317502 0.0609375
0 0.456904133685 0.484375 0.0272647317502 0.059375
0 0.489885664028 0.4078125 0.028144239226 0.059375
0 0.512313104661 0.35 0.0290237467018 0.065625
0 0.572119613017 0.203125 0.0272647317502 0.06875
0 0.273966578716 0.1828125 0.0290237467018 0.065625
0 0.0523306948109 0.0546875 0.0290237467018 0.05625
0 0.105980650836 0.11328125 0.0325417766051 0.0546875
0 0.153474054529 0.06328125 0.0290237467018 0.0609375
0 0.134124890062 0.040625 0.0360598065084 0.0625
0 0.112576956904 0.02421875 0.0316622691293 0.0484375
2 0.352682497801 0.7359375 0.0299032541777 0.065625
0 0.321899736148 0.81171875 0.0299032541777 0.0609375
0 0.272207563764 0.9390625 0.0325417766051 0.06875
