2 0.17854001759014954 0.6640625 0.07387862796833773 0.13125
0 0.5092348284960423 0.58984375 0.026385224274406333 0.0578125
0 0.4762532981530343 0.65625 0.029023746701846966 0.053125000000000006
0 0.44766930518909415 0.7156250000000001 0.028144239226033423 0.059375000000000004
0 0.16182937554969218 0.83125 0.036939313984168866 0.07500000000000001
0 0.10993843447669306 0.86875 0.036939313984168866 0.07500000000000001
0 0.14291996481970098 0.94453125 0.03781882145998241 0.0734375
0 0.19656992084432717 0.18828125 0.03430079155672824 0.0578125
0 0.602462620932278 0.40078125000000003 0.028144239226033423 0.0578125
0 0.5382585751978892 0.53515625 0.0316622691292876 0.06406250000000001
0 0.17985927880386984 0.16015625 0.02726473175021988 0.051562500000000004
0 0.16578715919085313 0.246875 0.032541776605101144 0.043750000000000004
0 0.11785400175901496 0.19140625 0.0316622691292876 0.0578125
0 0.20844327176781002 0.7453125 0.03518029903254178 0.065625
1 0.09938434476693052 0.9546875 0.04925241864555849 0.08750000000000001
0 0.32409850483729113 0.96484375 0.03430079155672824 0.0671875
2 0.35839929639401935 0.8992187500000001 0.03781882145998241 0.0703125
