1 0.409850483729 0.52890625 0.0545294635004 0.0953125
3 0.503957783641 0.62734375 0.0316622691293 0.0546875
0 0.0844327176781 0.65 0.0386983289358 0.05625
0 0.190853122252 0.32578125 0.0263852242744 0.0546875
0 0.125329815303 0.36484375 0.023746701847 0.0390625
0 0.207124010554 0.41171875 0.0255057167986 0.0421875
0 0.32145998241 0.54453125 0.0360598065084 0.0609375
0 0.353562005277 0.6625 0.0316622691293 0.053125
0 0.312664907652 0.7078125 0.0343007915567 0.05625
0 0.351363236588 0.771875 0.0255057167986 0.05
0 0.408531222515 0.871875 0.0272647317502 0.053125
0 0.292436235708 0.175 0.0290237467018 0.05
0 0.0554089709763 0.23203125 0.0246262093228 0.0453125
0 0.0765171503958 0.275 0.0228671943712 0.040625
0 0.0993843447669 0.271875 0.0246262093228 0.04375
0 0.10510114336 0.325 0.0272647317502 0.04375
0 0.201846965699 0.03984375 0.0219876868953 0.0359375
0 0.0171503957784 0.0796875 0.023746701847 0.0375
2 0.442392260334 0.934375 0.0334212840809 0.059375
0 0.835092348285 0.525 0.0272647317502 0.04375
0 0.804309586631 0.59765625 0.0343007915567 0.0484375
0 0.846965699208 0.65078125 0.0386983289358 0.0515625
0 0.858839050132 0.62265625 0.0360598065084 0.0453125
0 0.836411609499 0.67734375 0.0316622691293 0.0390625
