0 0.465259454705 0.0828125 0.0299032541777 0.071875
0 0.532541776605 0.14765625 0.0343007915567 0.0765625
0 0.557607739666 0.40859375 0.028144239226 0.0609375
0 0.586631486368 0.47109375 0.028144239226 0.0578125
0 0.616534740545 0.5390625 0.0299032541777 0.0625
0 0.645118733509 0.603125 0.0272647317502 0.053125
0 0.712401055409 0.6421875 0.0316622691293 0.06875
0 0.707124010554 0.74921875 0.0299032541777 0.0609375
0 0.392260334213 0.03359375 0.028144239226 0.0640625
0 0.446789797713 0.15078125 0.0299032541777 0.0609375
2 0.476253298153 0.221875 0.0360598065084 0.065625
0 0.926121372032 0.03046875 0.0351802990325 0.0609375
0 0.908091468777 0.0578125 0.0290237467018 0.046875
0 0.95162708883 0.01484375 0.0228671943712 0.0296875
