2 0.2510993843447669 0.37109375 0.08179419525065963 0.0859375
1 0.04925241864555849 0.5750000000000001 0.06860158311345647 0.0625
0 0.11433597185576078 0.59140625 0.036939313984168866 0.0484375
0 0.11521547933157432 0.49609375 0.04221635883905013 0.045312500000000006
0 0.17941952506596306 0.5046875000000001 0.04397537379067722 0.046875
0 0.24890061565523308 0.46953125 0.040457343887423045 0.045312500000000006
0 0.14072119613016712 0.8453125 0.04397537379067722 0.043750000000000004
0 0.45822339489885666 0.6585937500000001 0.03518029903254178 0.035937500000000004
0 0.4995602462620933 0.6375000000000001 0.03342128408091469 0.037500000000000006
0 0.5461741424802111 0.60859375 0.036939313984168866 0.035937500000000004
0 0.5875109938434477 0.58359375 0.03869832893579596 0.0328125
0 0.6820580474934037 0.5375 0.03430079155672824 0.040625
0 0.1983289357959543 0.81171875 0.0395778364116095 0.045312500000000006
0 0.281882145998241 0.7609375 0.04309586631486368 0.046875
2 0.3298153034300792 0.73203125 0.040457343887423045 0.045312500000000006
3 0.009234828496042216 0.64765625 0.018469656992084433 0.035937500000000004
0 0.3518029903254178 0.01953125 0.040457343887423045 0.0390625
0 0.40633245382585753 0.0234375 0.029903254177660512 0.040625
