1 0.12181178540017591 0.33828125000000003 0.0712401055408971 0.0734375
0 0.20228671943711524 0.5906250000000001 0.040457343887423045 0.037500000000000006
0 0.5145118733509235 0.7265625 0.03518029903254178 0.034375
0 0.6701846965699209 0.7140625 0.040457343887423045 0.034375
0 0.6899736147757256 0.7734375 0.03605980650835532 0.034375
0 0.6534740545294635 0.79296875 0.04397537379067722 0.045312500000000006
0 0.7638522427440634 0.73046875 0.0395778364116095 0.0421875
0 0.6064204045734389 0.7742187500000001 0.04309586631486368 0.045312500000000006
0 0.7541776605101144 0.83984375 0.04309586631486368 0.045312500000000006
0 0.9186455584872472 0.8562500000000001 0.03781882145998241 0.037500000000000006
0 0.969217238346526 0.5734375 0.04925241864555849 0.043750000000000004
0 0.31882145998240985 0.38593750000000004 0.03605980650835532 0.034375
0 0.256816182937555 0.61640625 0.03342128408091469 0.035937500000000004
0 0.3386103781882146 0.64609375 0.036939313984168866 0.0421875
2 0.3856640281442392 0.66796875 0.04133685136323659 0.0421875
0 0.609938434476693 0.08125 0.03605980650835532 0.040625
0 0.6561125769569042 0.12578125 0.0316622691292876 0.026562500000000003
0 0.6574318381706244 0.0921875 0.03781882145998241 0.037500000000000006
0 0.6609498680738787 0.0578125 0.03605980650835532 0.037500000000000006
0 0.8988566402814424 0.0203125 0.01934916446789798 0.040625
0 0.9318381706244504 0.0234375 0.0237467018469657 0.046875
