2 0.25417766051 0.27109375 0.0369393139842 0.0671875
0 0.42656112577 0.40234375 0.028144239226 0.0609375
0 0.343887423043 0.24921875 0.0246262093228 0.0515625
0 0.0598065083553 0.48125 0.0351802990325 0.046875
0 0.173262972735 0.36328125 0.0369393139842 0.0421875
0 0.380826737027 0.48828125 0.0263852242744 0.0609375
0 0.453386103782 0.67109375 0.0307827616535 0.0640625
0 0.5672823219 0.46015625 0.0299032541777 0.0609375
0 0.769569041337 0.9140625 0.0386983289358 0.071875
0 0.81310466139 0.79140625 0.03781882146 0.0703125
0 0.919085312225 0.6078125 0.0316622691293 0.059375
0 0.560246262093 0.934375 0.028144239226 0.059375
0 0.408091468777 0.5609375 0.0263852242744 0.059375
2 0.482849604222 0.7375 0.0316622691293 0.06875
0 0.879067722076 0.53828125 0.0290237467018 0.0578125
0 0.903254177661 0.63046875 0.0299032541777 0.0484375
0 0.93491644679 0.5859375 0.0334212840809 0.05625
0 0.923922603342 0.4796875 0.0219876868953 0.05
1 0.386983289358 0.03125 0.0369393139842 0.0625
0 0.23526824978 0.10703125 0.0202286719437 0.0453125
0 0.216798592788 0.0640625 0.0219876868953 0.04375
0 0.216798592788 0.0203125 0.0219876868953 0.040625
