2 0.40545294635 0.43984375 0.0369393139842 0.0546875
0 0.197889182058 0.54375 0.0334212840809 0.028125
0 0.31926121372 0.49140625 0.0316622691293 0.0296875
0 0.061125769569 0.6046875 0.03781882146 0.03125
0 0.547053649956 0.565625 0.0175901495163 0.059375
0 0.480650835532 0.70625 0.0202286719437 0.06875
0 0.495602462621 0.79140625 0.0167106420405 0.0484375
0 0.519788918206 0.92421875 0.0193491644679 0.0671875
0 0.728671943712 0.8640625 0.0272647317502 0.075
1 0.703166226913 0.915625 0.0395778364116 0.1125
0 0.602462620932 0.50625 0.0175901495163 0.046875
0 0.62401055409 0.490625 0.0202286719437 0.05625
0 0.640281442392 0.6421875 0.0228671943712 0.0625
3 0.918205804749 0.25546875 0.0457343887423 0.0421875
0 0.416886543536 0.28984375 0.0175901495163 0.0390625
0 0.414687774846 0.19921875 0.0149516270888 0.0390625
0 0.370272647318 0.0171875 0.0175901495163 0.034375
0 0.414687774846 0.00859375 0.0149516270888 0.0171875
0 0.393139841689 0.14375 0.0158311345646 0.04375
0 0.40765171504 0.24140625 0.0167106420405 0.0484375
0 0.400175901495 0.1890625 0.0158311345646 0.046875
0 0.0101143359719 0.62578125 0.0202286719437 0.0265625
0 0.589709762533 0.234375 0.0184696569921 0.046875
0 0.549692172383 0.06875 0.014072119613 0.040625
