0 0.05496921723834653 0.31640625 0.03781882145998241 0.0328125
0 0.23043095866314864 0.49843750000000003 0.03342128408091469 0.03125
0 0.18073878627968337 0.61875 0.04133685136323659 0.03125
0 0.23834652594547054 0.6179687500000001 0.0316622691292876 0.0234375
0 0.3139841688654354 0.44609375 0.036939313984168866 0.026562500000000003
0 0.609938434476693 0.5203125000000001 0.04133685136323659 0.034375
0 0.5043975373790678 0.609375 0.03781882145998241 0.025
0 0.5470536499560247 0.609375 0.036939313984168866 0.03125
0 0.5989445910290238 0.6125 0.03342128408091469 0.025
0 0.6442392260334213 0.6140625000000001 0.03605980650835532 0.028125
0 0.7493403693931399 0.61328125 0.03342128408091469 0.026562500000000003
0 0.8183817062445031 0.51484375 0.0395778364116095 0.029687500000000002
0 0.7972735268249781 0.26640625 0.044854881266490766 0.0390625
0 0.6358839050131927 0.35234375 0.04221635883905013 0.0328125
0 0.5765171503957784 0.18046875 0.04133685136323659 0.0328125
0 0.32102022867194374 0.61484375 0.040457343887423045 0.0328125
2 0.3720316622691293 0.6125 0.04221635883905013 0.03125
