0 0.5505716798592788 0.32578125 0.036939313984168866 0.0328125
0 0.7000879507475813 0.38906250000000003 0.04573438874230431 0.046875
0 0.519349164467898 0.49921875000000004 0.0395778364116095 0.0328125
0 0.4230430958663149 0.6023437500000001 0.03518029903254178 0.026562500000000003
0 0.31090589270008795 0.66796875 0.03781882145998241 0.026562500000000003
0 0.16886543535620052 0.8132812500000001 0.04397537379067722 0.029687500000000002
0 0.4973614775725594 0.7585937500000001 0.03430079155672824 0.026562500000000003
0 0.5422163588390502 0.75390625 0.0395778364116095 0.026562500000000003
0 0.5945470536499561 0.75 0.040457343887423045 0.034375
0 0.6398416886543536 0.7406250000000001 0.03605980650835532 0.03125
0 0.7018469656992085 0.63828125 0.040457343887423045 0.029687500000000002
0 0.7445030782761654 0.7273437500000001 0.03781882145998241 0.029687500000000002
0 0.9142480211081795 0.6101562500000001 0.04133685136323659 0.0328125
0 0.2247141600703606 0.80234375 0.044854881266490766 0.0328125
0 0.31266490765171506 0.7828125 0.0395778364116095 0.037500000000000006
2 0.3645558487247142 0.78046875 0.04309586631486368 0.035937500000000004
0 0.5202286719437116 0.049218750000000006 0.03430079155672824 0.026562500000000003
0 0.4780123131046614 0.09609375 0.029023746701846966 0.0328125
0 0.5241864555848725 0.08203125 0.03869832893579596 0.035937500000000004
0 0.5268249780123131 0.115625 0.0316622691292876 0.03125
