2 0.387862796834 0.16875 0.0369393139842 0.05625
1 0.636763412489 0.4046875 0.0351802990325 0.096875
0 0.184256816183 0.290625 0.0343007915567 0.03125
0 0.303430079156 0.2265625 0.0351802990325 0.028125
0 0.0457343887423 0.35546875 0.0334212840809 0.0328125
0 0.472295514512 0.44140625 0.0211081794195 0.0640625
0 0.490765171504 0.52421875 0.0175901495163 0.0546875
0 0.514951627089 0.65390625 0.0167106420405 0.0640625
0 0.616534740545 0.66171875 0.0246262093228 0.0703125
0 0.63236587511 0.51015625 0.0211081794195 0.0609375
0 0.573878627968 0.965625 0.023746701847 0.065625
0 0.855760773967 0.96328125 0.0299032541777 0.0703125
0 0.978012313105 0.85859375 0.0263852242744 0.0640625
0 0.558487247142 0.11171875 0.0228671943712 0.0515625
0 0.633245382586 0.28203125 0.0228671943712 0.0546875
2 0.531222515391 0.7328125 0.0246262093228 0.06875
0 0.967458223395 0.75703125 0.0316622691293 0.0640625
0 0.397977132806 0.01171875 0.0202286719437 0.0234375
