0 0.5971855760773966 0.7421875 0.026385224274406333 0.07187500000000001
0 0.623570800351803 0.7507812500000001 0.029903254177660512 0.051562500000000004
0 0.5083553210202287 0.89375 0.040457343887423045 0.05
0 0.5435356200527705 0.8523437500000001 0.03342128408091469 0.0546875
0 0.4608619173262973 0.9484375 0.040457343887423045 0.043750000000000004
0 0.39973614775725597 0.35234375 0.0237467018469657 0.0546875
0 0.4102902374670185 0.055468750000000004 0.0237467018469657 0.051562500000000004
0 0.43491644678979774 0.02734375 0.0237467018469657 0.0484375
0 0.8487247141600704 0.38515625000000003 0.03342128408091469 0.0484375
0 0.8834652594547054 0.3921875 0.0237467018469657 0.037500000000000006
0 0.9243623570800352 0.3484375 0.026385224274406333 0.043750000000000004
0 0.940193491644679 0.27890625 0.03342128408091469 0.0484375
0 0.8927000879507476 0.33828125000000003 0.03342128408091469 0.0484375
0 0.20448548812664907 0.32734375000000004 0.029023746701846966 0.0390625
0 0.23482849604221637 0.40390625 0.03518029903254178 0.045312500000000006
0 0.2669305189094107 0.32656250000000003 0.030782761653474055 0.043750000000000004
0 0.2752858399296394 0.35859375000000004 0.036939313984168866 0.0421875
0 0.28891820580474936 0.384375 0.02726473175021988 0.046875
0 0.4243623570800352 0.98203125 0.0395778364116095 0.0328125
