1 0.33509234828496043 0.59921875 0.059806508355321024 0.08281250000000001
0 0.39182058047493407 0.8656250000000001 0.03781882145998241 0.046875
0 0.4766930518909411 0.9085937500000001 0.03518029903254178 0.051562500000000004
0 0.6385224274406333 0.9078125 0.04221635883905013 0.053125000000000006
0 0.2616534740545295 0.81953125 0.03781882145998241 0.045312500000000006
0 0.015391380826737027 0.846875 0.030782761653474055 0.06875
0 0.07387862796833773 0.18046875 0.029903254177660512 0.0328125
0 0.18425681618293757 0.28515625 0.032541776605101144 0.0421875
0 0.009234828496042216 0.5078125 0.018469656992084433 0.037500000000000006
0 0.025945470536499562 0.53515625 0.029023746701846966 0.0390625
0 0.3056288478452067 0.8703125 0.032541776605101144 0.053125000000000006
0 0.37730870712401055 0.9476562500000001 0.036939313984168866 0.0578125
2 0.415127528583993 0.98203125 0.03869832893579596 0.0328125
0 0.7493403693931399 0.453125 0.024626209322779244 0.034375
0 0.7308707124010554 0.53515625 0.028144239226033423 0.045312500000000006
0 0.7849604221635884 0.5375 0.03605980650835532 0.040625
0 0.7757255936675462 0.56640625 0.03518029903254178 0.0421875
0 0.768249780123131 0.6000000000000001 0.032541776605101144 0.040625
