1 0.296394019349 0.6234375 0.0615655233069 0.071875
0 0.131486367634 0.3421875 0.0325417766051 0.0375
0 0.238786279683 0.8640625 0.0395778364116 0.05
0 0.288038698329 0.90859375 0.0360598065084 0.0453125
0 0.364116094987 0.97265625 0.0386983289358 0.0484375
0 0.428759894459 0.934375 0.03781882146 0.04375
0 0.509234828496 0.95546875 0.0404573438874 0.0515625
0 0.564204045734 0.840625 0.0430958663149 0.05
0 0.690853122252 0.50390625 0.0343007915567 0.0390625
0 0.737906772208 0.5296875 0.0386983289358 0.040625
0 0.733069481091 0.5625 0.0307827616535 0.034375
0 0.987686895339 0.525 0.0211081794195 0.05625
0 0.0149516270888 0.24453125 0.0228671943712 0.0296875
0 0.708443271768 0.42265625 0.0290237467018 0.0296875
0 0.744063324538 0.49609375 0.0334212840809 0.0359375
