2 0.42700087950747584 0.5125000000000001 0.03781882145998241 0.05
3 0.9758135444151276 0.35390625000000003 0.04661389621811786 0.0421875
0 0.08179419525065963 0.65390625 0.03518029903254178 0.0328125
0 0.22251539138082674 0.603125 0.036939313984168866 0.028125
0 0.341688654353562 0.55703125 0.03430079155672824 0.0234375
0 0.4956024626209323 0.790625 0.02198768689533861 0.06875
0 0.5065963060686016 0.88046875 0.022867194371152155 0.06406250000000001
0 0.6490765171503958 0.7210937500000001 0.021108179419525065 0.051562500000000004
0 0.6745822339489886 0.7117187500000001 0.024626209322779244 0.060937500000000006
0 0.7000879507475813 0.9078125 0.026385224274406333 0.07187500000000001
0 0.538698328935796 0.5 0.020228671943711522 0.053125000000000006
0 0.44063324538258575 0.36328125 0.0158311345646438 0.0390625
0 0.4357959542656113 0.3203125 0.014951627088830256 0.046875
0 0.4419525065963061 0.275 0.016710642040457344 0.040625
0 0.42216358839050133 0.22109375 0.0158311345646438 0.0421875
0 0.6174142480211082 0.32734375000000004 0.01934916446789798 0.045312500000000006
0 0.4036939313984169 0.0859375 0.01759014951627089 0.05
0 0.4384344766930519 0.014843750000000001 0.014951627088830256 0.029687500000000002
0 0.021108179419525065 0.67578125 0.040457343887423045 0.035937500000000004
0 0.5800351802990326 0.15546875000000002 0.011433597185576077 0.0390625
