1 0.248021108179 0.22265625 0.0668425681618 0.0734375
0 0.579595426561 0.690625 0.0351802990325 0.046875
0 0.656992084433 0.72109375 0.0386983289358 0.0484375
0 0.524186455585 0.73125 0.0334212840809 0.046875
0 0.565963060686 0.7703125 0.0360598065084 0.046875
0 0.611697449428 0.81328125 0.03781882146 0.0484375
0 0.646437994723 0.80078125 0.0369393139842 0.0546875
0 0.653913808267 0.84765625 0.03781882146 0.0546875
0 0.784520668426 0.89609375 0.0351802990325 0.0453125
0 0.241424802111 0.48828125 0.03781882146 0.0453125
0 0.362796833773 0.59140625 0.0360598065084 0.0390625
0 0.440193491645 0.38203125 0.03781882146 0.0484375
0 0.714599824099 0.0453125 0.0325417766051 0.040625
0 0.694371152155 0.1359375 0.0343007915567 0.040625
0 0.749340369393 0.13203125 0.0351802990325 0.0453125
0 0.740545294635 0.16328125 0.0369393139842 0.0421875
0 0.732629727353 0.19453125 0.0316622691293 0.0359375
0 0.992963940193 0.1671875 0.0123131046614 0.0625
0 0.751978891821 0.934375 0.0439753737907 0.05625
0 0.289357959543 0.52578125 0.0334212840809 0.0421875
2 0.406772207564 0.6265625 0.0360598065084 0.05
0 0.00703605980651 0.54375 0.014072119613 0.0625
