0 0.712840809147 0.3578125 0.0395778364116 0.04375
0 0.938874230431 0.49296875 0.03781882146 0.0421875
0 0.874670184697 0.56328125 0.0360598065084 0.0421875
0 0.704925241865 0.67578125 0.0413368513632 0.0453125
0 0.714160070361 0.7046875 0.0386983289358 0.040625
0 0.620052770449 0.7625 0.0404573438874 0.040625
0 0.576077396658 0.7875 0.0404573438874 0.040625
0 0.525065963061 0.8109375 0.0369393139842 0.04375
0 0.483729111697 0.8359375 0.0351802990325 0.040625
0 0.383025505717 0.53984375 0.0395778364116 0.0453125
0 0.0171503957784 0.8875 0.0343007915567 0.078125
0 0.303430079156 0.94375 0.0439753737907 0.04375
2 0.352242744063 0.915625 0.0448548812665 0.05
0 0.213720316623 0.98515625 0.0422163588391 0.0265625
0 0.367194371152 0.11015625 0.0343007915567 0.0359375
0 0.386103781882 0.19375 0.0316622691293 0.034375
0 0.423922603342 0.1328125 0.0299032541777 0.0375
0 0.430079155673 0.16640625 0.0369393139842 0.0390625
0 0.435356200528 0.1984375 0.0316622691293 0.046875
