1 0.598504837291117 0.28750000000000003 0.032541776605101144 0.09062500000000001
2 0.37115215479331576 0.17734375000000002 0.03869832893579596 0.060937500000000006
0 0.5765171503957784 0.1375 0.02198768689533861 0.053125000000000006
0 0.16842568161829377 0.30703125000000003 0.03605980650835532 0.035937500000000004
0 0.28627968337730875 0.23750000000000002 0.03605980650835532 0.034375
0 0.46174142480211083 0.43984375000000003 0.022867194371152155 0.0671875
0 0.4784520668425682 0.5234375 0.021108179419525065 0.05625
0 0.5092348284960423 0.6468750000000001 0.022867194371152155 0.065625
0 0.5743183817062445 0.9609375 0.024626209322779244 0.07500000000000001
0 0.6613896218117854 0.8695312500000001 0.028144239226033423 0.07968750000000001
0 0.7748460861917327 0.9617187500000001 0.028144239226033423 0.0734375
0 0.8544415127528584 0.93515625 0.032541776605101144 0.0765625
0 0.029903254177660512 0.38671875 0.03342128408091469 0.0328125
0 0.37598944591029027 0.0171875 0.018469656992084433 0.034375
0 0.9591029023746702 0.7125 0.02550571679859279 0.065625
0 0.9700967458223395 0.81171875 0.0316622691292876 0.06406250000000001
0 0.9868073878627969 0.7984375 0.024626209322779244 0.07500000000000001
2 0.523306948109059 0.7296875 0.028144239226033423 0.07187500000000001
