0 0.3830255057167986 0.19687500000000002 0.02550571679859279 0.040625
0 0.4036939313984169 0.16562500000000002 0.022867194371152155 0.046875
0 0.6495162708883025 0.828125 0.030782761653474055 0.06875
0 0.5729991204925242 0.9460937500000001 0.03430079155672824 0.060937500000000006
0 0.19437115215479334 0.515625 0.029903254177660512 0.046875
0 0.2313104661389622 0.5789062500000001 0.029903254177660512 0.0484375
0 0.28100263852242746 0.55078125 0.02726473175021988 0.051562500000000004
0 0.25549692172383465 0.5007812500000001 0.03430079155672824 0.0546875
0 0.2678100263852243 0.52578125 0.03605980650835532 0.060937500000000006
2 0.19700967458223395 0.96015625 0.07036059806508356 0.0765625
0 0.32717678100263853 0.97421875 0.03869832893579596 0.0484375
0 0.5466138962181178 0.984375 0.02550571679859279 0.028125
