0 0.293315743184 0.65625 0.0395778364116 0.04375
0 0.464819700967 0.690625 0.0343007915567 0.040625
0 0.482849604222 0.8078125 0.0351802990325 0.046875
0 0.523306948109 0.78125 0.0404573438874 0.05
0 0.573878627968 0.75078125 0.0395778364116 0.0484375
0 0.472295514512 0.36171875 0.0369393139842 0.0453125
0 0.499120492524 0.4390625 0.0413368513632 0.053125
0 0.610817941953 0.53984375 0.0360598065084 0.0421875
0 0.745382585752 0.32734375 0.0360598065084 0.0421875
0 0.762972735268 0.25859375 0.03781882146 0.0453125
0 0.614775725594 0.7234375 0.0404573438874 0.04375
0 0.712840809147 0.66328125 0.0360598065084 0.0453125
0 0.837291116974 0.48828125 0.0386983289358 0.0421875
0 0.304309586631 0.93046875 0.0386983289358 0.0453125
2 0.352242744063 0.896875 0.0430958663149 0.0625
0 0.21855760774 0.98046875 0.0395778364116 0.0359375
0 0.350043975374 0.08359375 0.0263852242744 0.0328125
0 0.369393139842 0.1703125 0.0299032541777 0.03125
0 0.419525065963 0.17265625 0.0299032541777 0.0484375
0 0.405013192612 0.109375 0.0325417766051 0.040625
0 0.412928759894 0.14140625 0.03781882146 0.0421875
