1 0.43447669305189096 0.6828125 0.04221635883905013 0.1125
3 0.609938434476693 0.22109375 0.020228671943711522 0.051562500000000004
0 0.18557607739665788 0.42031250000000003 0.029903254177660512 0.037500000000000006
0 0.20052770448548812 0.37265625 0.028144239226033423 0.035937500000000004
0 0.44591029023746703 0.56875 0.024626209322779244 0.059375000000000004
0 0.5408970976253299 0.34218750000000003 0.022867194371152155 0.0625
0 0.6416007036059806 0.39375000000000004 0.016710642040457344 0.053125000000000006
0 0.5659630606860159 0.853125 0.02550571679859279 0.065625
0 0.266490765171504 0.92734375 0.028144239226033423 0.0765625
0 0.12752858399296393 0.82734375 0.03342128408091469 0.0734375
0 0.14643799472295516 0.8406250000000001 0.0237467018469657 0.059375000000000004
0 0.7009674582233949 0.057031250000000006 0.01759014951627089 0.045312500000000006
0 0.6926121372031663 0.013281250000000001 0.014951627088830256 0.026562500000000003
0 0.6433597185576078 0.01015625 0.018469656992084433 0.0203125
0 0.040457343887423045 0.86875 0.03518029903254178 0.065625
0 0.09542656112576957 0.9031250000000001 0.03605980650835532 0.053125000000000006
0 0.1077396657871592 0.80625 0.02726473175021988 0.0625
0 0.3698328935795954 0.0421875 0.02550571679859279 0.03125
0 0.37906772207563766 0.0140625 0.026385224274406333 0.028125
0 0.34916446789797717 0.05390625 0.024626209322779244 0.0328125
0 0.9832893579595428 0.29375 0.0316622691292876 0.037500000000000006
