1 0.449428320141 0.5578125 0.0492524186456 0.096875
3 0.442392260334 0.4859375 0.028144239226 0.053125
0 0.353122251539 0.19765625 0.0255057167986 0.0453125
0 0.20580474934 0.23828125 0.0211081794195 0.0421875
0 0.164907651715 0.25859375 0.0184696569921 0.0359375
0 0.156992084433 0.18203125 0.0202286719437 0.0453125
0 0.184696569921 0.35234375 0.0228671943712 0.0421875
0 0.165787159191 0.3078125 0.0255057167986 0.04375
0 0.345206684257 0.71953125 0.0307827616535 0.0609375
0 0.37598944591 0.7890625 0.0255057167986 0.05625
0 0.431838170624 0.70078125 0.0299032541777 0.0609375
0 0.419525065963 0.7578125 0.0299032541777 0.059375
0 0.128847845207 0.62109375 0.0360598065084 0.0515625
0 0.314863676341 0.4609375 0.028144239226 0.053125
0 0.317941952507 0.53515625 0.023746701847 0.0453125
0 0.274846086192 0.05234375 0.0184696569921 0.0359375
0 0.141600703606 0.25859375 0.0211081794195 0.0421875
0 0.125329815303 0.21796875 0.0272647317502 0.0421875
0 0.0686015831135 0.0921875 0.0228671943712 0.046875
0 0.427880386983 0.89765625 0.0290237467018 0.0640625
2 0.459102902375 0.9671875 0.0316622691293 0.0625
0 0.882585751979 0.628125 0.0307827616535 0.046875
0 0.847405452946 0.69921875 0.0307827616535 0.0578125
0 0.902814423923 0.73046875 0.0343007915567 0.0484375
0 0.888302550572 0.75703125 0.0422163588391 0.0609375
0 0.879067722076 0.78515625 0.0290237467018 0.0453125
0 0.0149516270888 0.76484375 0.0299032541777 0.0609375
