1 0.46174142480211083 0.15781250000000002 0.05101143359718558 0.109375
0 0.35883905013192613 0.1953125 0.024626209322779244 0.053125000000000006
0 0.35839929639401935 0.3296875 0.030782761653474055 0.0625
0 0.13940193491644678 0.2109375 0.03430079155672824 0.05
0 0.03342128408091469 0.359375 0.036939313984168866 0.05
0 0.4335971855760774 0.29609375 0.029903254177660512 0.0578125
0 0.4969217238346526 0.48984375 0.026385224274406333 0.0484375
0 0.49824098504837294 0.55703125 0.029023746701846966 0.06406250000000001
0 0.5839929639401935 0.6468750000000001 0.0316622691292876 0.06875
0 0.5527704485488127 0.7742187500000001 0.029023746701846966 0.060937500000000006
0 0.5826737027264732 0.84296875 0.030782761653474055 0.06406250000000001
0 0.6152154793315744 0.9242187500000001 0.030782761653474055 0.0671875
0 0.44063324538258575 0.51171875 0.028144239226033423 0.060937500000000006
2 0.4700967458223395 0.5789062500000001 0.02550571679859279 0.06406250000000001
0 0.39182058047493407 0.40234375 0.029023746701846966 0.06406250000000001
0 0.9023746701846966 0.2515625 0.024626209322779244 0.046875
0 0.8605980650835533 0.32656250000000003 0.029023746701846966 0.059375000000000004
0 0.895778364116095 0.38671875 0.03430079155672824 0.0671875
0 0.8817062445030783 0.41484375 0.032541776605101144 0.0578125
0 0.9107299912049253 0.3609375 0.032541776605101144 0.05625
0 0.8632365875109939 0.9734375000000001 0.03781882145998241 0.05
