0 0.724274406332 0.67109375 0.0202286719437 0.0515625
0 0.702286719437 0.75703125 0.0167106420405 0.0484375
0 0.683377308707 0.821875 0.0175901495163 0.0625
0 0.710642040457 0.80390625 0.0123131046614 0.0453125
0 0.729991204925 0.73671875 0.0158311345646 0.0390625
0 0.692612137203 0.415625 0.0167106420405 0.034375
0 0.68689533861 0.3734375 0.014072119613 0.034375
0 0.712401055409 0.36171875 0.014072119613 0.0296875
0 0.208883025506 0.8328125 0.0272647317502 0.040625
0 0.227792436236 0.790625 0.028144239226 0.040625
0 0.387423043096 0.503125 0.0272647317502 0.028125
0 0.412489006157 0.490625 0.0211081794195 0.028125
0 0.420844327177 0.46484375 0.0219876868953 0.0265625
0 0.785839929639 0.090625 0.0114335971856 0.025
0 0.889621811785 0.10390625 0.00967458223395 0.0234375
0 0.876868953386 0.14296875 0.014072119613 0.0265625
0 0.884784520668 0.63203125 0.0351802990325 0.0328125
