3 0.549252418646 0.69765625 0.0360598065084 0.0546875
1 0.390501319261 0.51875 0.0562884784521 0.09375
0 0.297713280563 0.71015625 0.0325417766051 0.0609375
0 0.323658751099 0.63515625 0.0263852242744 0.0578125
0 0.265171503958 0.4859375 0.0307827616535 0.046875
0 0.494283201407 0.91328125 0.0386983289358 0.0703125
0 0.122251539138 0.2703125 0.028144239226 0.05
0 0.146877748461 0.36015625 0.0228671943712 0.0390625
0 0.0993843447669 0.375 0.0263852242744 0.040625
0 0.261213720317 0.1734375 0.0299032541777 0.04375
0 0.0743183817062 0.33671875 0.0290237467018 0.0453125
0 0.0668425681618 0.2828125 0.0246262093228 0.04375
0 0.0686015831135 0.01484375 0.0299032541777 0.0296875
0 0.165347405453 0.03828125 0.0228671943712 0.0359375
0 0.0439753737907 0.28828125 0.0263852242744 0.0421875
0 0.0646437994723 0.66484375 0.03781882146 0.0609375
0 0.0215479331574 0.24921875 0.0255057167986 0.0421875
0 0.335092348285 0.76640625 0.0316622691293 0.0578125
0 0.397537379068 0.86640625 0.0334212840809 0.0578125
2 0.435795954266 0.925 0.03781882146 0.06875
0 0.8109058927 0.478125 0.0316622691293 0.04375
0 0.783201407212 0.55625 0.0307827616535 0.053125
0 0.837291116974 0.571875 0.0369393139842 0.04375
0 0.826737027265 0.603125 0.0351802990325 0.05
0 0.81926121372 0.63359375 0.0255057167986 0.0359375
