1 0.849604221636 0.17734375 0.0545294635004 0.0984375
0 0.314423922603 0.96875 0.03781882146 0.059375
0 0.47889182058 0.97421875 0.0343007915567 0.0484375
0 0.515391380827 0.92421875 0.0334212840809 0.0484375
0 0.558047493404 0.86796875 0.0343007915567 0.0515625
0 0.59234828496 0.82578125 0.0307827616535 0.0546875
0 0.673262972735 0.71953125 0.0343007915567 0.0578125
0 0.83817062445 0.10625 0.0299032541777 0.04375
2 0.0866314863676 0.95 0.0958663148637 0.096875
0 0.240545294635 0.34296875 0.0325417766051 0.0421875
0 0.273966578716 0.41328125 0.0272647317502 0.0453125
0 0.30035180299 0.33359375 0.0307827616535 0.0515625
0 0.309146877748 0.3625 0.0360598065084 0.04375
0 0.322779243624 0.3875 0.0334212840809 0.046875
0 0.4327176781 0.0453125 0.0246262093228 0.05
0 0.457783641161 0.01875 0.0272647317502 0.0375
