2 0.6323658751099385 0.61640625 0.08091468777484609 0.0578125
1 0.3751099384344767 0.4921875 0.06772207563764292 0.053125000000000006
0 0.052330694810905895 0.6156250000000001 0.03781882145998241 0.0625
0 0.11345646437994723 0.7375 0.040457343887423045 0.034375
0 0.1600703605980651 0.8132812500000001 0.04573438874230431 0.029687500000000002
0 0.21899736147757257 0.7976562500000001 0.03518029903254178 0.029687500000000002
0 0.3060686015831135 0.7742187500000001 0.040457343887423045 0.029687500000000002
0 0.27000879507475817 0.70078125 0.03869832893579596 0.035937500000000004
0 0.3280562884784521 0.63828125 0.040457343887423045 0.0328125
0 0.42348284960422167 0.403125 0.03781882145998241 0.034375
0 0.44283201407211964 0.65625 0.04309586631486368 0.040625
0 0.48680738786279687 0.7250000000000001 0.03605980650835532 0.034375
0 0.5312225153913809 0.7156250000000001 0.03869832893579596 0.028125
0 0.5835532102022868 0.7046875 0.03605980650835532 0.034375
0 0.6262093227792437 0.6953125 0.03869832893579596 0.03125
0 0.727792436235708 0.671875 0.0395778364116095 0.034375
0 0.8755496921723835 0.54296875 0.0395778364116095 0.035937500000000004
2 0.35532102022867196 0.7625000000000001 0.04221635883905013 0.03125
0 0.4920844327176781 0.014843750000000001 0.029023746701846966 0.029687500000000002
0 0.44547053649956025 0.06796875000000001 0.0395778364116095 0.035937500000000004
0 0.49472295514511877 0.08750000000000001 0.032541776605101144 0.037500000000000006
0 0.4907651715039578 0.05234375 0.036939313984168866 0.0390625
