0 0.040457343887423045 0.37734375000000003 0.03869832893579596 0.0328125
0 0.09278803869832894 0.37109375 0.04309586631486368 0.0328125
0 0.13940193491644678 0.36953125000000003 0.04133685136323659 0.0328125
0 0.18293755496921724 0.36640625000000004 0.036939313984168866 0.0328125
0 0.22427440633245382 0.36562500000000003 0.040457343887423045 0.034375
0 0.35048372911169745 0.22421875000000002 0.04133685136323659 0.026562500000000003
0 0.7431838170624451 0.1921875 0.040457343887423045 0.03125
0 0.6693051890941073 0.33203125 0.036939313984168866 0.0328125
0 0.8051890941073 0.07187500000000001 0.018469656992084433 0.06875
0 0.9806508355321021 0.1703125 0.036939313984168866 0.037500000000000006
