1 0.810905892700088 0.234375 0.05804749340369393 0.09375
0 0.401495162708883 0.859375 0.03781882145998241 0.0625
0 0.4766930518909411 0.9765625 0.03518029903254178 0.043750000000000004
0 0.5131926121372032 0.9265625000000001 0.03781882145998241 0.043750000000000004
0 0.5571679859278804 0.8734375000000001 0.03605980650835532 0.05625
0 0.5919085312225154 0.8226562500000001 0.040457343887423045 0.060937500000000006
0 0.6741424802110818 0.7234375000000001 0.03605980650835532 0.059375000000000004
0 0.7906772207563765 0.1703125 0.03518029903254178 0.053125000000000006
0 0.2392260334212841 0.34140625 0.0316622691292876 0.0421875
0 0.27352682497801234 0.41328125000000004 0.0316622691292876 0.0484375
0 0.3227792436235708 0.390625 0.029903254177660512 0.046875
0 0.31090589270008795 0.36484375 0.03605980650835532 0.045312500000000006
0 0.2963940193491645 0.3359375 0.03342128408091469 0.053125000000000006
0 0.4335971855760774 0.046875 0.024626209322779244 0.043750000000000004
0 0.45514511873350927 0.017968750000000002 0.02550571679859279 0.035937500000000004
0 0.9199648197009676 0.01015625 0.028144239226033423 0.0203125
