1 0.690853122252 0.41796875 0.0606860158311 0.0953125
0 0.557167985928 0.88359375 0.0325417766051 0.0546875
0 0.593227792436 0.8359375 0.0325417766051 0.059375
0 0.672383465259 0.7390625 0.0343007915567 0.0625
0 0.658311345646 0.5390625 0.0343007915567 0.053125
0 0.615215479332 0.4171875 0.0343007915567 0.053125
0 0.820140721196 0.16953125 0.0343007915567 0.0484375
0 0.509234828496 0.93515625 0.0422163588391 0.0703125
0 0.472295514512 0.97265625 0.0439753737907 0.0515625
0 0.292875989446 0.98203125 0.0386983289358 0.0328125
0 0.250659630607 0.33515625 0.0299032541777 0.0390625
0 0.28144239226 0.4078125 0.0316622691293 0.04375
0 0.328496042216 0.3875 0.0307827616535 0.05
0 0.317502198769 0.359375 0.0334212840809 0.04375
0 0.307387862797 0.32890625 0.0325417766051 0.0453125
0 0.446789797713 0.05078125 0.0263852242744 0.0453125
0 0.467897977133 0.02109375 0.0263852242744 0.0421875
