1 0.33377308707124015 0.465625 0.06772207563764292 0.07187500000000001
2 0.8891820580474934 0.9609375 0.08443271767810026 0.07500000000000001
0 0.3597185576077397 0.56796875 0.040457343887423045 0.0421875
0 0.3280562884784521 0.64375 0.03518029903254178 0.040625
0 0.19744942832014073 0.665625 0.04309586631486368 0.040625
0 0.2484608619173263 0.6898437500000001 0.03605980650835532 0.0390625
0 0.14160070360598065 0.4234375 0.040457343887423045 0.053125000000000006
0 0.06904133685136324 0.5125000000000001 0.0395778364116095 0.05
0 0.5057167985927881 0.8250000000000001 0.03518029903254178 0.040625
0 0.5448548812664908 0.84765625 0.0395778364116095 0.0421875
0 0.5963060686015832 0.8812500000000001 0.04397537379067722 0.053125000000000006
0 0.6437994722955146 0.9078125 0.04221635883905013 0.046875
0 0.6715039577836412 0.8445312500000001 0.04309586631486368 0.045312500000000006
0 0.5936675461741425 0.7453125 0.03869832893579596 0.043750000000000004
0 0.4841688654353562 0.73046875 0.03781882145998241 0.0421875
0 0.7462620932277925 0.9609375 0.044854881266490766 0.043750000000000004
0 0.8979771328056289 0.1453125 0.01934916446789798 0.059375000000000004
0 0.9318381706244504 0.15546875000000002 0.020228671943711522 0.0484375
0 0.3311345646437995 0.7273437500000001 0.04133685136323659 0.0421875
2 0.3777484608619173 0.7523437500000001 0.04309586631486368 0.0484375
0 0.6253298153034301 0.10078125 0.026385224274406333 0.035937500000000004
0 0.6165347405452947 0.19375 0.0316622691292876 0.037500000000000006
0 0.6657871591908532 0.17421875 0.036939313984168866 0.029687500000000002
0 0.6591908531222516 0.20703125 0.03605980650835532 0.035937500000000004
0 0.6574318381706244 0.23828125 0.03430079155672824 0.026562500000000003
0 0.015391380826737027 0.15859375 0.030782761653474055 0.0390625
