4 0.4353562005277045 0.26328125 0.09322779243623572 0.09843750000000001
0 0.44283201407211964 0.21406250000000002 0.018469656992084433 0.05
0 0.4687774846086192 0.20625000000000002 0.01934916446789798 0.05625
3 0.5008795074758136 0.21484375 0.016710642040457344 0.0546875
3 0.5360598065083554 0.19921875 0.018469656992084433 0.060937500000000006
3 0.5026385224274407 0.27109375 0.02198768689533861 0.06406250000000001
0 0.43139841688654357 0.7359375 0.016710642040457344 0.06875
0 0.4335971855760774 0.82421875 0.01759014951627089 0.0765625
0 0.4309586631486368 0.9703125 0.01934916446789798 0.05625
3 0.5932277924362357 0.9242187500000001 0.018469656992084433 0.0703125
0 0.7739665787159191 0.37031250000000004 0.0316622691292876 0.05
0 0.7766051011433598 0.41328125000000004 0.028144239226033423 0.0421875
0 0.9656992084432718 0.17109375000000002 0.021108179419525065 0.0578125
