3 0.150395778364 0.17578125 0.0404573438874 0.0484375
0 0.218997361478 0.20703125 0.0351802990325 0.0328125
0 0.257255936675 0.228125 0.0360598065084 0.04375
0 0.302110817942 0.24921875 0.0325417766051 0.0359375
0 0.251099384345 0.325 0.0395778364116 0.040625
0 0.394459102902 0.54296875 0.0184696569921 0.0578125
0 0.371591908531 0.6953125 0.0219876868953 0.065625
0 0.356200527704 0.77890625 0.0246262093228 0.0734375
3 0.372031662269 0.896875 0.0228671943712 0.059375
0 0.0835532102023 0.0484375 0.0175901495163 0.071875
0 0.904133685136 0.55546875 0.0211081794195 0.0484375
0 0.85092348285 0.83203125 0.0219876868953 0.0609375
0 0.862796833773 0.77265625 0.0211081794195 0.0328125
0 0.966578715919 0.20859375 0.0211081794195 0.0609375
