0 0.2506596306068602 0.35703125 0.024626209322779244 0.060937500000000006
0 0.20800351802990327 0.5320312500000001 0.0237467018469657 0.06406250000000001
0 0.1693051890941073 0.68125 0.02726473175021988 0.0625
3 0.40897097625329815 0.63203125 0.05452946350043976 0.045312500000000006
6 0.43007915567282323 0.32578125 0.029903254177660512 0.0921875
4 0.612137203166227 0.6687500000000001 0.10554089709762533 0.10625000000000001
0 0.1442392260334213 0.76953125 0.026385224274406333 0.0703125
0 0.6877748460861918 0.8578125000000001 0.04221635883905013 0.053125000000000006
0 0.9784520668425682 0.9187500000000001 0.04133685136323659 0.043750000000000004
0 0.4023746701846966 0.30000000000000004 0.0237467018469657 0.0625
