0 0.248021108179 0.4078125 0.0439753737907 0.04375
3 0.948548812665 0.40390625 0.03781882146 0.0390625
3 0.791116974494 0.46875 0.0395778364116 0.04375
0 0.740985048373 0.4890625 0.03781882146 0.0375
0 0.886983289358 0.14140625 0.0430958663149 0.0390625
0 0.83201407212 0.1640625 0.0404573438874 0.040625
0 0.78364116095 0.1828125 0.0439753737907 0.046875
0 0.65963060686 0.234375 0.0386983289358 0.040625
0 0.565963060686 0.284375 0.0413368513632 0.046875
0 0.97053649956 0.109375 0.0448548812665 0.040625
4 0.645558487247 0.51875 0.105540897098 0.084375
