4 0.6512752858399297 0.6734375 0.06948109058927002 0.184375
0 0.35268249780123134 0.19843750000000002 0.01759014951627089 0.05
0 0.015391380826737027 0.5007812500000001 0.0237467018469657 0.060937500000000006
0 0.07211961301671065 0.7671875 0.028144239226033423 0.06875
0 0.37159190853122254 0.2625 0.02198768689533861 0.0625
0 0.401495162708883 0.37734375000000003 0.02198768689533861 0.06406250000000001
0 0.42172383465259455 0.4546875 0.0237467018469657 0.0625
3 0.5861917326297273 0.45937500000000003 0.02550571679859279 0.059375000000000004
3 0.5202286719437116 0.24375000000000002 0.02198768689533861 0.053125000000000006
0 0.6072999120492525 0.53359375 0.0237467018469657 0.060937500000000006
0 0.4410729991204925 0.5242187500000001 0.02726473175021988 0.0703125
0 0.4938434476693052 0.7156250000000001 0.02550571679859279 0.06875
0 0.5439753737906773 0.875 0.029023746701846966 0.078125
