0 0.253737906772 0.2265625 0.0167106420405 0.053125
0 0.274846086192 0.20390625 0.0202286719437 0.0546875
0 0.58619173263 0.15625 0.0343007915567 0.034375
0 0.360598065084 0.7046875 0.0228671943712 0.059375
0 0.381266490765 0.775 0.0272647317502 0.071875
0 0.413368513632 0.9171875 0.0263852242744 0.075
0 0.880826737027 0.3328125 0.0360598065084 0.04375
3 0.54617414248 0.74765625 0.0246262093228 0.0640625
3 0.341688654354 0.15390625 0.023746701847 0.0546875
3 0.310026385224 0.18671875 0.0219876868953 0.0515625
3 0.322339489886 0.2375 0.023746701847 0.05625
4 0.259014951627 0.27734375 0.10290237467 0.0609375
