3 0.911609498681 0.403125 0.0395778364116 0.040625
3 0.755057167986 0.46875 0.0395778364116 0.04375
0 0.704045734389 0.490625 0.03781882146 0.040625
0 0.62401055409 0.2375 0.0413368513632 0.046875
0 0.749340369393 0.18203125 0.0422163588391 0.0421875
0 0.796394019349 0.16640625 0.0413368513632 0.0421875
4 0.610378188215 0.5203125 0.107299912049 0.078125
0 0.526385224274 0.2859375 0.0413368513632 0.04375
0 0.850043975374 0.1453125 0.0430958663149 0.0375
0 0.934036939314 0.1078125 0.0422163588391 0.034375
0 0.980211081794 0.0890625 0.03781882146 0.040625
