3 0.2823218997361478 0.19140625 0.021108179419525065 0.0578125
0 0.2519788918205805 0.25625000000000003 0.020228671943711522 0.053125000000000006
0 0.2955145118733509 0.5125000000000001 0.024626209322779244 0.07187500000000001
0 0.05057167985927881 0.0421875 0.04133685136323659 0.037500000000000006
6 0.05145118733509235 0.09296875 0.0554089709762533 0.051562500000000004
0 0.6169744942832014 0.22578125000000002 0.018469656992084433 0.06406250000000001
0 0.6376429199648197 0.3015625 0.01934916446789798 0.059375000000000004
0 0.6534740545294635 0.37109375 0.01934916446789798 0.060937500000000006
0 0.6974494283201408 0.5640625 0.021108179419525065 0.065625
0 0.7401055408970977 0.7171875000000001 0.02726473175021988 0.07500000000000001
3 0.7919964819700968 0.34687500000000004 0.02550571679859279 0.0625
0 0.8122251539138083 0.41640625000000003 0.0237467018469657 0.060937500000000006
4 0.8535620052770448 0.55859375 0.06596306068601583 0.18281250000000002
3 0.7352682497801232 0.13046875 0.022867194371152155 0.051562500000000004
