0 0.37730870712401055 0.09296875 0.022867194371152155 0.051562500000000004
0 0.395778364116095 0.15703125 0.024626209322779244 0.0578125
0 0.627528583992964 0.41484375 0.0237467018469657 0.0578125
0 0.4656992084432718 0.40703125 0.0237467018469657 0.0734375
0 0.4256816182937555 0.26406250000000003 0.026385224274406333 0.065625
0 0.4463500439753738 0.34140625 0.02550571679859279 0.06406250000000001
0 0.519349164467898 0.5921875 0.029023746701846966 0.07187500000000001
0 0.5681618293755497 0.74140625 0.026385224274406333 0.0734375
4 0.6745822339489886 0.553125 0.06684256816182937 0.178125
3 0.6064204045734389 0.34453125 0.02726473175021988 0.060937500000000006
3 0.5417766051011433 0.13828125 0.022867194371152155 0.051562500000000004
0 0.10554089709762533 0.6375000000000001 0.028144239226033423 0.06875
0 0.04925241864555849 0.37890625 0.021108179419525065 0.051562500000000004
