0 0.9731750219876869 0.08203125 0.032541776605101144 0.0578125
0 0.9098504837291117 0.16640625 0.032541776605101144 0.060937500000000006
0 0.920844327176781 0.58046875 0.0316622691292876 0.0578125
0 0.9520668425681619 0.6421875 0.032541776605101144 0.059375000000000004
0 0.8768689533861038 0.67890625 0.029903254177660512 0.06406250000000001
0 0.7022867194371153 0.8289062500000001 0.030782761653474055 0.060937500000000006
0 0.671943711521548 0.8953125000000001 0.0316622691292876 0.07187500000000001
0 0.08970976253298153 0.2328125 0.028144239226033423 0.05625
0 0.03342128408091469 0.50390625 0.03518029903254178 0.06406250000000001
0 0.1187335092348285 0.28671875 0.026385224274406333 0.0484375
0 0.14819700967458224 0.3328125 0.029023746701846966 0.053125000000000006
0 0.2009674582233949 0.4375 0.02550571679859279 0.046875
0 0.3434476693051891 0.70078125 0.029023746701846966 0.051562500000000004
0 0.9881266490765171 0.31015625 0.02198768689533861 0.051562500000000004
