0 0.260334212841 0.3140625 0.0158311345646 0.053125
0 0.282321899736 0.29140625 0.0211081794195 0.0578125
0 0.36983289358 0.81328125 0.023746701847 0.0609375
0 0.390501319261 0.8875 0.028144239226 0.071875
3 0.560246262093 0.8578125 0.0246262093228 0.065625
0 0.598944591029 0.23828125 0.0351802990325 0.0359375
0 0.609058927001 0.27578125 0.0343007915567 0.0296875
3 0.317502198769 0.275 0.0211081794195 0.053125
3 0.331134564644 0.32890625 0.023746701847 0.0578125
3 0.348284960422 0.23828125 0.0228671943712 0.0546875
4 0.266051011434 0.3671875 0.10290237467 0.0625
0 0.902374670185 0.41953125 0.0351802990325 0.0484375
