0 0.882585751979 0.559375 0.0307827616535 0.0625
0 0.607739665787 0.22578125 0.0246262093228 0.0546875
0 0.582673702726 0.21953125 0.023746701847 0.0515625
4 0.565963060686 0.2640625 0.0835532102023 0.125
3 0.674582233949 0.259375 0.0228671943712 0.059375
3 0.638082673703 0.253125 0.023746701847 0.05625
3 0.627528583993 0.30546875 0.0219876868953 0.0578125
0 0.474934036939 0.70546875 0.0211081794195 0.0609375
0 0.46218117854 0.78359375 0.0255057167986 0.0765625
0 0.431838170624 0.93359375 0.0263852242744 0.0796875
3 0.594986807388 0.971875 0.0219876868953 0.053125
0 0.87598944591 0.6046875 0.028144239226 0.05625
