0 0.23526824978012315 0.2625 0.03605980650835532 0.065625
0 0.2673702726473175 0.19687500000000002 0.028144239226033423 0.05
0 0.44283201407211964 0.049218750000000006 0.029023746701846966 0.0484375
0 0.5171503957783642 0.0203125 0.0316622691292876 0.040625
0 0.5782761653474054 0.11640625 0.032541776605101144 0.0578125
0 0.6103781882145999 0.16562500000000002 0.03342128408091469 0.05
0 0.6424802110817942 0.21640625000000002 0.02550571679859279 0.045312500000000006
0 0.6855760773966579 0.28984375 0.032541776605101144 0.0546875
0 0.8346525945470537 0.25390625 0.03342128408091469 0.060937500000000006
0 0.870712401055409 0.78125 0.0316622691292876 0.053125000000000006
0 0.909410729991205 0.84140625 0.03518029903254178 0.06406250000000001
0 0.94415127528584 0.90390625 0.032541776605101144 0.0578125
0 0.9744942832014073 0.9539062500000001 0.0316622691292876 0.0546875
