0 0.0751978891821 0.34765625 0.023746701847 0.0546875
0 0.131926121372 0.603125 0.0228671943712 0.065625
0 0.399296394019 0.07109375 0.0211081794195 0.0515625
0 0.416446789798 0.121875 0.0255057167986 0.065625
0 0.448548812665 0.23671875 0.0263852242744 0.0578125
0 0.470096745822 0.3078125 0.023746701847 0.065625
0 0.48944591029 0.3765625 0.023746701847 0.0625
0 0.542216358839 0.5578125 0.023746701847 0.071875
0 0.591908531223 0.7046875 0.0246262093228 0.075
3 0.628847845207 0.31640625 0.0228671943712 0.0578125
0 0.64907651715 0.38515625 0.028144239226 0.0546875
4 0.693931398417 0.51953125 0.0703605980651 0.1765625
3 0.560246262093 0.11015625 0.0246262093228 0.0484375
