4 0.33201407211961304 0.765625 0.11345646437994723 0.084375
0 0.4291996481970097 0.7359375 0.040457343887423045 0.040625
3 0.4784520668425682 0.7195312500000001 0.03869832893579596 0.045312500000000006
3 0.6336851363236587 0.6578125 0.03605980650835532 0.05
0 0.5756376429199649 0.39609375 0.0395778364116095 0.0421875
0 0.6596306068601584 0.359375 0.040457343887423045 0.040625
0 0.7049252418645559 0.33906250000000004 0.03430079155672824 0.037500000000000006
0 0.4766930518909411 0.4296875 0.04221635883905013 0.037500000000000006
0 0.5246262093227793 0.41015625 0.04133685136323659 0.0484375
0 0.35268249780123134 0.478125 0.040457343887423045 0.043750000000000004
0 0.25769569041336854 0.525 0.040457343887423045 0.040625
