0 0.270008795075 0.4375 0.0299032541777 0.059375
0 0.237906772208 0.5 0.0360598065084 0.065625
0 0.492084432718 0.19375 0.0290237467018 0.05625
0 0.520668425682 0.2515625 0.0316622691293 0.059375
0 0.584432717678 0.359375 0.0307827616535 0.059375
0 0.615215479332 0.41328125 0.0307827616535 0.0578125
0 0.648636763412 0.45859375 0.0272647317502 0.0484375
0 0.693491644679 0.53671875 0.03781882146 0.0578125
0 0.447229551451 0.290625 0.0307827616535 0.05625
0 0.844327176781 0.5015625 0.0299032541777 0.059375
