0 0.6996481970096746 0.24296875 0.04661389621811786 0.045312500000000006
0 0.8232189973614776 0.19062500000000002 0.040457343887423045 0.040625
0 0.8724714160070361 0.17343750000000002 0.04221635883905013 0.043750000000000004
0 0.9256816182937555 0.15000000000000002 0.044854881266490766 0.043750000000000004
0 0.6033421284080915 0.296875 0.04221635883905013 0.043750000000000004
0 0.7792436235708003 0.49921875000000004 0.04221635883905013 0.0421875
0 0.28671943711521547 0.41796875 0.04221635883905013 0.0484375
4 0.6882145998240985 0.53046875 0.11169744942832015 0.07968750000000001
3 0.8328935795954266 0.47734375 0.040457343887423045 0.045312500000000006
3 0.9837291116974495 0.4140625 0.030782761653474055 0.040625
