4 0.25285839929639403 0.0703125 0.10114335971855762 0.05625
3 0.3170624450307828 0.040625 0.0237467018469657 0.05625
3 0.5268249780123131 0.50546875 0.022867194371152155 0.060937500000000006
3 0.5998240985048373 0.75 0.026385224274406333 0.06875
3 0.3060686015831135 0.01015625 0.01934916446789798 0.0203125
0 0.2726473175021988 0.018750000000000003 0.01934916446789798 0.037500000000000006
0 0.24934036939313986 0.025781250000000002 0.014951627088830256 0.0390625
0 0.6240105540897098 0.83203125 0.029023746701846966 0.0703125
0 0.3531222515391381 0.46328125000000003 0.02198768689533861 0.0546875
0 0.3724714160070361 0.53125 0.0237467018469657 0.065625
0 0.401495162708883 0.65546875 0.02726473175021988 0.0765625
0 0.42392260334212845 0.7445312500000001 0.026385224274406333 0.0734375
0 0.4432717678100264 0.82421875 0.0316622691292876 0.0734375
4 0.6578715919085313 0.9500000000000001 0.05804749340369393 0.096875
0 0.8474054529463501 0.13125 0.032541776605101144 0.040625
