0 0.353122251539 0.2875 0.0219876868953 0.046875
0 0.370272647318 0.34921875 0.0228671943712 0.0609375
0 0.401495162709 0.46171875 0.023746701847 0.0703125
0 0.42436235708 0.5453125 0.0219876868953 0.065625
0 0.44327176781 0.61796875 0.0246262093228 0.0671875
0 0.612576956904 0.62578125 0.023746701847 0.0640625
0 0.497361477573 0.81875 0.0255057167986 0.075
4 0.660949868074 0.77578125 0.0694810905893 0.1921875
3 0.591468777485 0.55078125 0.023746701847 0.0640625
3 0.522867194371 0.328125 0.0272647317502 0.059375
0 0.0123131046614 0.59296875 0.0246262093228 0.0609375
0 0.0668425681618 0.8765625 0.028144239226 0.071875
0 0.544415127529 0.9703125 0.0299032541777 0.05625
