0 0.6222515391380827 0.06171875 0.02726473175021988 0.0484375
0 0.5452946350043976 0.33515625000000004 0.029903254177660512 0.0546875
0 0.5004397537379068 0.4296875 0.029903254177660512 0.059375000000000004
0 0.575197889182058 0.39453125 0.03342128408091469 0.0546875
0 0.6402814423922604 0.50234375 0.0316622691292876 0.0578125
0 0.6706244503078277 0.55234375 0.032541776605101144 0.0546875
0 0.7053649956024627 0.6062500000000001 0.028144239226033423 0.046875
0 0.7502198768689534 0.6875 0.03342128408091469 0.059375000000000004
0 0.9014951627088831 0.6515625 0.0316622691292876 0.059375000000000004
0 0.2906772207563764 0.6421875 0.03605980650835532 0.06875
0 0.32365875109938436 0.57734375 0.0316622691292876 0.0546875
