0 0.530782761653474 0.04296875 0.014951627088830256 0.045312500000000006
0 0.5452946350043976 0.09609375 0.01934916446789798 0.060937500000000006
0 0.5716798592788039 0.21406250000000002 0.021108179419525065 0.065625
0 0.5875109938434477 0.2859375 0.021108179419525065 0.0625
0 0.6059806508355321 0.35625 0.021108179419525065 0.06875
3 0.6873350923482849 0.10546875 0.020228671943711522 0.051562500000000004
3 0.7462620932277925 0.3203125 0.02726473175021988 0.065625
0 0.7669305189094108 0.39296875000000003 0.024626209322779244 0.06406250000000001
4 0.8104661389621812 0.5281250000000001 0.07299912049252419 0.19062500000000002
0 0.6565523306948109 0.5476562500000001 0.029023746701846966 0.0734375
0 0.6965699208443272 0.6960937500000001 0.024626209322779244 0.0765625
0 0.20492524186455585 0.2609375 0.01934916446789798 0.05
0 0.24934036939313986 0.5164062500000001 0.0237467018469657 0.0671875
