0 0.831134564644 0.190625 0.0351802990325 0.0625
0 0.683377308707 0.23125 0.0316622691293 0.0625
0 0.576517150396 0.05703125 0.0325417766051 0.0546875
0 0.608179419525 0.10859375 0.0307827616535 0.0546875
0 0.640281442392 0.15625 0.028144239226 0.05
0 0.265171503958 0.1390625 0.0290237467018 0.05625
0 0.234828496042 0.20234375 0.0369393139842 0.0640625
0 0.86763412489 0.7171875 0.0307827616535 0.059375
0 0.90765171504 0.77734375 0.0334212840809 0.0578125
0 0.940193491645 0.840625 0.0334212840809 0.059375
0 0.973614775726 0.89375 0.0351802990325 0.059375
