0 0.08311345646437995 0.0546875 0.04133685136323659 0.034375
6 0.08619173262972736 0.10546875 0.05452946350043976 0.051562500000000004
3 0.31794195250659635 0.2015625 0.0237467018469657 0.05625
0 0.287598944591029 0.265625 0.01759014951627089 0.05625
0 0.33333333333333337 0.5281250000000001 0.021108179419525065 0.065625
0 0.8460861917326298 0.42265625 0.022867194371152155 0.060937500000000006
0 0.6706244503078277 0.30781250000000004 0.016710642040457344 0.05625
0 0.7770448548812665 0.7250000000000001 0.02550571679859279 0.07187500000000001
4 0.88830255057168 0.56171875 0.07036059806508356 0.1796875
3 0.8254177660510115 0.3484375 0.02198768689533861 0.05625
3 0.7660510114335972 0.13671875 0.022867194371152155 0.051562500000000004
