3 0.9630606860158312 0.9148437500000001 0.040457343887423045 0.0421875
3 0.8992963940193492 0.85078125 0.044854881266490766 0.0421875
3 0.9397537379067723 0.84140625 0.03781882145998241 0.0390625
0 0.12576956904133685 0.94453125 0.04925241864555849 0.0484375
0 0.2313104661389622 0.9 0.04397537379067722 0.040625
0 0.3645558487247142 0.8640625000000001 0.044854881266490766 0.043750000000000004
0 0.46921723834652596 0.83359375 0.04133685136323659 0.0390625
0 0.41424802110817943 0.84765625 0.04221635883905013 0.0390625
0 0.598504837291117 0.7953125000000001 0.03430079155672824 0.034375
0 0.5549692172383466 0.81171875 0.04221635883905013 0.0421875
0 0.9186455584872472 0.7234375000000001 0.03430079155672824 0.034375
0 0.9327176781002638 0.76484375 0.04133685136323659 0.035937500000000004
4 0.8825857519788919 0.71796875 0.0395778364116095 0.1921875
