3 0.3135444151275286 0.24375000000000002 0.02550571679859279 0.05
0 0.28715919085312225 0.31171875000000004 0.020228671943711522 0.0546875
0 0.3496042216358839 0.56015625 0.02550571679859279 0.0734375
0 0.06420404573438875 0.13515625 0.036939313984168866 0.045312500000000006
6 0.06948109058927002 0.1875 0.05101143359718558 0.05625
3 0.751099384344767 0.1 0.022867194371152155 0.046875
3 0.8227792436235708 0.29765625 0.0237467018469657 0.0578125
0 0.6455584872471416 0.21328125 0.022867194371152155 0.051562500000000004
0 0.8469656992084433 0.36796875 0.024626209322779244 0.0578125
4 0.8970976253298153 0.49765625 0.07563764291996482 0.1765625
0 0.8021108179419525 0.67578125 0.028144239226033423 0.0671875
