0 0.032981530343007916 0.1078125 0.029023746701846966 0.021875000000000002
0 0.18601583113456466 0.06640625 0.014951627088830256 0.0421875
0 0.24626209322779244 0.059375000000000004 0.012313104661389622 0.034375
0 0.3531222515391381 0.09453125000000001 0.02726473175021988 0.0203125
3 0.5672823218997362 0.09140625000000001 0.040457343887423045 0.0390625
0 0.6978891820580475 0.009375000000000001 0.014951627088830256 0.018750000000000003
0 0.7137203166226913 0.06953125 0.014951627088830256 0.0328125
0 0.7379067722075638 0.171875 0.01759014951627089 0.040625
6 0.6257695690413368 0.26875 0.02198768689533861 0.07187500000000001
6 0.6517150395778365 0.265625 0.01759014951627089 0.043750000000000004
4 0.9313984168865436 0.9593750000000001 0.03869832893579596 0.078125
