0 0.23614775725593667 0.321875 0.032541776605101144 0.065625
0 0.2673702726473175 0.2578125 0.029903254177660512 0.05625
0 0.4863676341248901 0.022656250000000003 0.03518029903254178 0.045312500000000006
0 0.5153913808267371 0.0703125 0.029903254177660512 0.05625
0 0.44239226033421286 0.11171875 0.029903254177660512 0.0578125
0 0.5795954265611258 0.17734375000000002 0.0316622691292876 0.0546875
0 0.6437994722955146 0.27734375 0.026385224274406333 0.051562500000000004
0 0.6864555848724715 0.35078125000000004 0.03605980650835532 0.060937500000000006
0 0.8372911169744943 0.3171875 0.03342128408091469 0.059375000000000004
0 0.6090589270008795 0.22812500000000002 0.03430079155672824 0.043750000000000004
0 0.8724714160070361 0.84296875 0.0316622691292876 0.051562500000000004
0 0.9124890061565524 0.909375 0.03430079155672824 0.0625
0 0.9476693051890942 0.9695312500000001 0.032541776605101144 0.0578125
