6 0.347845206684 0.29609375 0.023746701847 0.0921875
0 0.315303430079 0.28125 0.0202286719437 0.065625
4 0.562445030783 0.553125 0.10290237467 0.078125
3 0.362796833773 0.59453125 0.0554089709763 0.0484375
0 0.114335971856 0.82734375 0.0228671943712 0.0703125
0 0.132805628848 0.734375 0.0228671943712 0.078125
0 0.152154793316 0.5796875 0.0193491644679 0.06875
0 0.171943711522 0.3953125 0.0202286719437 0.065625
0 0.8109058927 0.84296875 0.0123131046614 0.0765625
0 0.895338610378 0.8546875 0.0228671943712 0.08125
0 0.927440633245 0.65234375 0.0413368513632 0.0359375
