4 0.917766051011 0.79921875 0.0360598065084 0.1984375
0 0.952946350044 0.80234375 0.0360598065084 0.0359375
0 0.969656992084 0.84453125 0.0430958663149 0.0390625
3 0.940633245383 0.93046875 0.0430958663149 0.0390625
3 0.978012313105 0.9203125 0.0369393139842 0.05
0 0.63236587511 0.896875 0.0351802990325 0.0375
0 0.585312225154 0.91875 0.0413368513632 0.040625
0 0.5 0.94375 0.0430958663149 0.0375
0 0.445910290237 0.96328125 0.0404573438874 0.0421875
0 0.394459102902 0.97734375 0.0448548812665 0.0421875
6 0.627528583993 0.08046875 0.023746701847 0.0703125
0 0.656112576957 0.078125 0.0193491644679 0.046875
