0 0.12489006156552332 0.8992187500000001 0.04397537379067722 0.0390625
0 0.23087071240105542 0.86640625 0.04133685136323659 0.0390625
0 0.36367634124890064 0.84296875 0.04309586631486368 0.0390625
0 0.41380826737027265 0.8343750000000001 0.04133685136323659 0.034375
0 0.4687774846086192 0.8250000000000001 0.04397537379067722 0.034375
0 0.5532102022867195 0.8125 0.04221635883905013 0.034375
0 0.5989445910290238 0.80078125 0.03342128408091469 0.035937500000000004
0 0.924802110817942 0.76171875 0.03605980650835532 0.035937500000000004
0 0.9375549692172384 0.8093750000000001 0.03869832893579596 0.037500000000000006
4 0.8896218117854002 0.7523437500000001 0.044854881266490766 0.19843750000000002
3 0.9023746701846966 0.88984375 0.04397537379067722 0.0390625
3 0.9406332453825857 0.88203125 0.03605980650835532 0.0328125
3 0.9586631486367635 0.96015625 0.040457343887423045 0.0390625
