0 0.423922603342 0.05390625 0.0211081794195 0.0515625
0 0.442832014072 0.10625 0.0219876868953 0.0625
0 0.473614775726 0.21953125 0.0219876868953 0.0671875
0 0.495162708883 0.29140625 0.0263852242744 0.0640625
0 0.514072119613 0.3578125 0.0272647317502 0.0625
3 0.654353562005 0.30078125 0.0246262093228 0.0609375
0 0.673702726473 0.36640625 0.0246262093228 0.0515625
3 0.584872471416 0.09375 0.0228671943712 0.053125
4 0.721635883905 0.50078125 0.0712401055409 0.1734375
0 0.566842568162 0.5359375 0.0255057167986 0.065625
0 0.618733509235 0.684375 0.0290237467018 0.06875
0 0.10290237467 0.328125 0.0246262093228 0.053125
0 0.159190853122 0.58359375 0.0316622691293 0.0609375
