0 0.4591029023746702 0.92890625 0.028144239226033423 0.051562500000000004
0 0.4283201407211962 0.61875 0.03518029903254178 0.05625
0 0.4357959542656113 0.48203125 0.03605980650835532 0.060937500000000006
0 0.3460861917326297 0.496875 0.032541776605101144 0.05625
0 0.6455584872471416 0.2859375 0.03342128408091469 0.05625
0 0.6116974494283202 0.340625 0.032541776605101144 0.053125000000000006
0 0.48812664907651715 0.40468750000000003 0.03518029903254178 0.059375000000000004
0 0.6143359718557608 0.19375 0.03781882145998241 0.059375000000000004
0 0.7176781002638523 0.16953125000000002 0.036939313984168866 0.0578125
0 0.30826737027264733 0.68515625 0.03430079155672824 0.060937500000000006
0 0.16886543535620052 0.915625 0.03342128408091469 0.05625
0 0.21108179419525067 0.8453125 0.03342128408091469 0.05625
0 0.2453825857519789 0.7976562500000001 0.03518029903254178 0.0546875
