0 0.2849604221635884 0.08046875 0.024626209322779244 0.0546875
0 0.27308707124010556 0.153125 0.02198768689533861 0.07187500000000001
0 0.26209322779243627 0.22734375 0.022867194371152155 0.0734375
0 0.2379067722075638 0.38125000000000003 0.018469656992084433 0.06875
0 0.22251539138082674 0.4546875 0.021108179419525065 0.0625
0 0.2911169744942832 0.484375 0.01934916446789798 0.065625
0 0.449868073878628 0.6859375000000001 0.032541776605101144 0.034375
0 0.4956024626209323 0.7078125000000001 0.04133685136323659 0.037500000000000006
0 0.048372911169744945 0.46718750000000003 0.03342128408091469 0.037500000000000006
0 0.009234828496042216 0.44609375 0.018469656992084433 0.026562500000000003
0 0.016710642040457344 0.6664062500000001 0.03342128408091469 0.045312500000000006
