0 0.5914687774846087 0.5171875 0.03430079155672824 0.059375000000000004
0 0.4890061565523307 0.54140625 0.03518029903254178 0.060937500000000006
0 0.5189094107299912 0.63671875 0.03518029903254178 0.06406250000000001
0 0.48548812664907653 0.69296875 0.03342128408091469 0.0578125
0 0.35883905013192613 0.76328125 0.03518029903254178 0.0671875
0 0.3060686015831135 0.846875 0.036939313984168866 0.0625
0 0.21196130167106422 0.86328125 0.03518029903254178 0.06406250000000001
0 0.2977132805628848 0.978125 0.03430079155672824 0.040625
0 0.34124890061565527 0.06171875 0.03518029903254178 0.060937500000000006
0 0.4362357080035181 0.10625000000000001 0.036939313984168866 0.059375000000000004
