0 0.09058927000879508 0.51171875 0.01759014951627089 0.06406250000000001
3 0.15479331574318383 0.6421875 0.04573438874230431 0.046875
0 0.22559366754617416 0.671875 0.03430079155672824 0.037500000000000006
0 0.2638522427440633 0.6898437500000001 0.036939313984168866 0.0421875
0 0.30958663148636767 0.7117187500000001 0.03518029903254178 0.0390625
0 0.25769569041336854 0.7914062500000001 0.03869832893579596 0.045312500000000006
0 0.04221635883905013 0.21171875 0.022867194371152155 0.06406250000000001
0 0.06508355321020229 0.08828125 0.01934916446789798 0.0546875
0 0.44283201407211964 0.01015625 0.03781882145998241 0.0203125
0 0.9802110817941952 0.66171875 0.020228671943711522 0.060937500000000006
0 0.8737906772207564 0.043750000000000004 0.03781882145998241 0.043750000000000004
0 0.9195250659630607 0.06406250000000001 0.04133685136323659 0.043750000000000004
0 0.025065963060686015 0.79453125 0.016710642040457344 0.0671875
