0 0.529903254178 0.53046875 0.0307827616535 0.0578125
0 0.562884784521 0.62421875 0.0334212840809 0.0609375
0 0.529023746702 0.68046875 0.0343007915567 0.0640625
0 0.634564643799 0.50234375 0.0343007915567 0.0609375
0 0.379507475814 0.04921875 0.0325417766051 0.0609375
0 0.477572559367 0.09609375 0.0316622691293 0.0546875
0 0.403254177661 0.753125 0.0360598065084 0.06875
0 0.350043975374 0.8328125 0.0386983289358 0.06875
0 0.256816182938 0.84921875 0.0334212840809 0.0671875
0 0.343007915567 0.97265625 0.0369393139842 0.0515625
