0 0.0501319261214 0.5859375 0.0211081794195 0.05625
0 0.0338610378188 0.69375 0.0202286719437 0.05625
0 0.0114335971856 0.81953125 0.0228671943712 0.0671875
0 0.0127528583993 0.375 0.0255057167986 0.0375
0 0.0712401055409 0.19609375 0.0369393139842 0.0359375
0 0.117854001759 0.2234375 0.0351802990325 0.0375
0 0.191292875989 0.2625 0.03781882146 0.04375
0 0.413368513632 0.59453125 0.0386983289358 0.0390625
0 0.399736147757 0.36875 0.0307827616535 0.034375
0 0.4454705365 0.39609375 0.0325417766051 0.0390625
0 0.621372031662 0.38984375 0.023746701847 0.0640625
0 0.638962181179 0.31484375 0.0219876868953 0.0671875
0 0.68689533861 0.02265625 0.0211081794195 0.0453125
0 0.676341248901 0.08984375 0.0228671943712 0.0671875
0 0.662269129288 0.16328125 0.0246262093228 0.0703125
0 0.692612137203 0.4140625 0.0219876868953 0.0625
0 0.898416886544 0.64609375 0.0413368513632 0.0390625
0 0.85092348285 0.6265625 0.0360598065084 0.040625
