0 0.0888302550572 0.1609375 0.0193491644679 0.06875
3 0.153034300792 0.29140625 0.0439753737907 0.0515625
0 0.222075637643 0.32109375 0.0343007915567 0.0359375
0 0.255936675462 0.4375 0.0369393139842 0.04375
0 0.306508355321 0.3609375 0.0343007915567 0.034375
0 0.262972735268 0.3390625 0.0369393139842 0.04375
0 0.400175901495 0.65546875 0.0193491644679 0.0578125
0 0.376868953386 0.81015625 0.0219876868953 0.0671875
0 0.359718557608 0.89453125 0.0246262093228 0.0765625
0 0.857959542656 0.9453125 0.023746701847 0.065625
0 0.909410729991 0.66875 0.0193491644679 0.05
0 0.971855760774 0.31875 0.0228671943712 0.0625
