0 0.4045734388742305 0.9242187500000001 0.03518029903254178 0.06406250000000001
0 0.415127528583993 0.77890625 0.036939313984168866 0.06406250000000001
0 0.4656992084432718 0.6953125 0.03781882145998241 0.065625
0 0.6266490765171504 0.5710937500000001 0.03430079155672824 0.0578125
0 0.5901495162708883 0.6265625 0.0316622691292876 0.059375000000000004
0 0.5941072999120492 0.478125 0.030782761653474055 0.053125000000000006
0 0.6983289357959543 0.45390625 0.03869832893579596 0.060937500000000006
0 0.5395778364116095 0.043750000000000004 0.032541776605101144 0.05625
0 0.449868073878628 0.014843750000000001 0.0237467018469657 0.029687500000000002
0 0.32058047493403696 0.8 0.03605980650835532 0.05625
