0 0.242744063325 0.684375 0.0369393139842 0.040625
0 0.023746701847 0.3578125 0.0386983289358 0.040625
0 0.232189973615 0.459375 0.0299032541777 0.0375
0 0.276605101143 0.48515625 0.0307827616535 0.0421875
0 0.468777484609 0.403125 0.0211081794195 0.065625
0 0.45382585752 0.47734375 0.0211081794195 0.0640625
0 0.522427440633 0.50078125 0.0211081794195 0.0640625
0 0.531222515391 0.01640625 0.014072119613 0.0328125
0 0.515391380827 0.10078125 0.0193491644679 0.0546875
0 0.505277044855 0.17578125 0.0219876868953 0.0640625
0 0.493843447669 0.2515625 0.023746701847 0.06875
0 0.680299032542 0.71171875 0.0343007915567 0.0359375
0 0.728232189974 0.73125 0.0404573438874 0.0375
