0 0.4700967458223395 0.5007812500000001 0.020228671943711522 0.0671875
0 0.415127528583993 0.4 0.022867194371152155 0.06875
0 0.43931398416886547 0.2484375 0.02198768689533861 0.06875
0 0.4516270888302551 0.17500000000000002 0.0237467018469657 0.065625
0 0.46130167106420406 0.10078125 0.02198768689533861 0.051562500000000004
0 0.4758135444151276 0.017968750000000002 0.0158311345646438 0.035937500000000004
0 0.17854001759014954 0.4609375 0.029903254177660512 0.03125
0 0.2233948988566403 0.484375 0.0316622691292876 0.037500000000000006
0 0.18865435356200527 0.6875 0.0395778364116095 0.043750000000000004
0 0.11169744942832015 0.62109375 0.03869832893579596 0.0390625
0 0.6262093227792437 0.7078125000000001 0.03869832893579596 0.037500000000000006
0 0.6728232189973615 0.728125 0.04221635883905013 0.043750000000000004
