0 0.610817941953 0.3078125 0.0325417766051 0.0625
0 0.644678979771 0.3984375 0.0351802990325 0.05625
0 0.609498680739 0.45234375 0.0351802990325 0.0578125
0 0.713280562885 0.28203125 0.0316622691293 0.0578125
0 0.484608619173 0.5171875 0.0334212840809 0.059375
0 0.433157431838 0.59453125 0.0343007915567 0.0640625
0 0.30255057168 0.80703125 0.0351802990325 0.0578125
0 0.340809146878 0.61796875 0.0360598065084 0.0546875
0 0.42436235708 0.73828125 0.0343007915567 0.0609375
0 0.239665787159 0.91640625 0.0343007915567 0.0578125
0 0.205364995602 0.9703125 0.0325417766051 0.05625
