0 0.09234828496042216 0.27578125000000003 0.01759014951627089 0.0671875
3 0.15567282321899736 0.40625 0.04573438874230431 0.05625
0 0.22515391380826738 0.4375 0.03518029903254178 0.034375
0 0.2638522427440633 0.4578125 0.036939313984168866 0.040625
0 0.3087071240105541 0.47968750000000004 0.0316622691292876 0.03125
0 0.25725593667546176 0.5554687500000001 0.03781882145998241 0.0390625
0 0.4019349164467898 0.7734375 0.01934916446789798 0.059375000000000004
0 0.37906772207563766 0.9265625000000001 0.01934916446789798 0.06875
0 0.3689533861037819 0.9867187500000001 0.014951627088830256 0.0234375
0 0.974934036939314 0.43281250000000004 0.02198768689533861 0.059375000000000004
0 0.9120492524186457 0.7835937500000001 0.021108179419525065 0.0546875
