0 0.0101143359719 0.31484375 0.0202286719437 0.0328125
0 0.0760773966579 0.35 0.03781882146 0.0375
0 0.284080914688 0.4546875 0.0316622691293 0.034375
0 0.328056288478 0.48046875 0.0299032541777 0.0359375
0 0.295074758135 0.67890625 0.0395778364116 0.0421875
0 0.217238346526 0.61640625 0.0404573438874 0.0421875
0 0.520228671944 0.39921875 0.0184696569921 0.0640625
0 0.504397537379 0.47265625 0.0184696569921 0.0609375
0 0.573878627968 0.49765625 0.0219876868953 0.0671875
0 0.545734388742 0.24375 0.0219876868953 0.06875
0 0.583553210202 0.015625 0.0184696569921 0.03125
0 0.5672823219 0.09609375 0.0193491644679 0.0515625
0 0.55672823219 0.171875 0.0211081794195 0.065625
0 0.733509234828 0.70859375 0.0351802990325 0.0390625
0 0.780123131047 0.72734375 0.0422163588391 0.0390625
