0 0.302990325418 0.87109375 0.0360598065084 0.0515625
0 0.240545294635 0.978125 0.0360598065084 0.040625
0 0.42436235708 0.80546875 0.0325417766051 0.0609375
0 0.339050131926 0.68359375 0.0343007915567 0.0578125
0 0.432277924362 0.66171875 0.0343007915567 0.0609375
0 0.483729111697 0.58125 0.0351802990325 0.0625
0 0.609938434477 0.36875 0.0360598065084 0.05625
0 0.642480211082 0.46171875 0.0343007915567 0.0578125
0 0.608619173263 0.5171875 0.0351802990325 0.053125
0 0.714599824099 0.34453125 0.0325417766051 0.0578125
