0 0.31926121372031663 0.78515625 0.036939313984168866 0.0671875
0 0.26824978012313105 0.8695312500000001 0.03869832893579596 0.06406250000000001
0 0.17282321899736147 0.88671875 0.032541776605101144 0.06406250000000001
0 0.4815303430079156 0.6609375000000001 0.03430079155672824 0.059375000000000004
0 0.44722955145118737 0.71484375 0.03430079155672824 0.060937500000000006
0 0.4494283201407212 0.56640625 0.03518029903254178 0.0578125
0 0.5536499560246262 0.53671875 0.03605980650835532 0.0578125
0 0.33157431838170626 0.0171875 0.0316622691292876 0.034375
0 0.301231310466139 0.08046875 0.03430079155672824 0.060937500000000006
0 0.39797713280562885 0.12578125 0.029023746701846966 0.0578125
