0 0.154353562005 0.79609375 0.0219876868953 0.0671875
0 0.03781882146 0.9203125 0.0422163588391 0.034375
0 0.654793315743 0.78359375 0.0202286719437 0.0703125
0 0.712401055409 0.93125 0.0211081794195 0.084375
0 0.661389621812 0.9625 0.0211081794195 0.071875
0 0.770448548813 0.371875 0.0404573438874 0.034375
0 0.679859278804 0.27421875 0.0386983289358 0.0328125
0 0.777484608619 0.2625 0.0404573438874 0.03125
0 0.823218997361 0.259375 0.0404573438874 0.03125
0 0.944151275286 0.34609375 0.0395778364116 0.0359375
