0 0.8355321020228672 0.6890625 0.03869832893579596 0.043750000000000004
0 0.6987686895338611 0.13593750000000002 0.02198768689533861 0.028125
0 0.7642919964819701 0.18125000000000002 0.01759014951627089 0.021875000000000002
0 0.6666666666666667 0.15078125 0.026385224274406333 0.026562500000000003
0 0.5294635004397538 0.15156250000000002 0.01759014951627089 0.034375
0 0.5008795074758136 0.234375 0.02550571679859279 0.03125
0 0.49340369393139843 0.03359375 0.014072119613016711 0.0328125
0 0.5065963060686016 0.07500000000000001 0.012313104661389622 0.034375
0 0.48724714160070365 0.00859375 0.010554089709762533 0.0171875
0 0.20668425681618294 0.371875 0.029903254177660512 0.028125
