0 0.6974494283201408 0.13046875 0.0158311345646438 0.0328125
0 0.6737027264731751 0.6023437500000001 0.026385224274406333 0.0328125
0 0.6363236587510994 0.62421875 0.032541776605101144 0.035937500000000004
0 0.7480211081794196 0.6640625 0.020228671943711522 0.025
0 0.6886543535620053 0.6984375 0.029903254177660512 0.034375
0 0.4371152154793316 0.43359375 0.014072119613016711 0.0390625
0 0.4445910290237467 0.4703125 0.013192612137203167 0.043750000000000004
0 0.4573438874230431 0.521875 0.0158311345646438 0.040625
0 0.4815303430079156 0.62265625 0.016710642040457344 0.045312500000000006
0 0.4450307827616535 0.7328125000000001 0.0316622691292876 0.037500000000000006
0 0.08795074758135445 0.9320312500000001 0.03869832893579596 0.035937500000000004
0 0.3913808267370273 0.08281250000000001 0.010554089709762533 0.03125
0 0.3975373790677221 0.11015625000000001 0.010554089709762533 0.029687500000000002
0 0.38214599824098505 0.19062500000000002 0.011433597185576077 0.03125
0 0.43139841688654357 0.26328125 0.014951627088830256 0.0328125
0 0.39006156552330695 0.23515625 0.013192612137203167 0.029687500000000002
0 0.37906772207563766 0.03515625 0.010554089709762533 0.0234375
