0 0.425681618294 0.3359375 0.0299032541777 0.0625
0 0.601143359719 0.26796875 0.0219876868953 0.0796875
0 0.624450307828 0.20625 0.0211081794195 0.071875
0 0.56508355321 0.01796875 0.0255057167986 0.0359375
0 0.564643799472 0.12265625 0.0211081794195 0.0703125
0 0.707124010554 0.72890625 0.0369393139842 0.0546875
0 0.686455584872 0.7890625 0.0395778364116 0.059375
2 0.528144239226 0.78125 0.0413368513632 0.034375
0 0.763852242744 0.9125 0.0325417766051 0.059375
2 0.129287598945 0.97578125 0.0615655233069 0.0453125
0 0.697889182058 0.034375 0.0202286719437 0.0625
0 0.751539138083 0.04140625 0.0202286719437 0.0578125
