2 0.014072119613 0.77421875 0.028144239226 0.0609375
6 0.0211081794195 0.165625 0.0422163588391 0.2
6 0.374670184697 0.1890625 0.145998240985 0.175
0 0.510114335972 0.04375 0.0369393139842 0.053125
0 0.862796833773 0.4546875 0.0422163588391 0.0375
0 0.789357959543 0.55625 0.0466138962181 0.03125
0 0.554089709763 0.871875 0.0369393139842 0.034375
0 0.690853122252 0.87421875 0.0325417766051 0.0328125
0 0.725153913808 0.875 0.0325417766051 0.03125
0 0.97889182058 0.88203125 0.0404573438874 0.0359375
0 0.93491644679 0.8828125 0.0404573438874 0.034375
0 0.890061565523 0.88046875 0.0369393139842 0.0328125
