0 0.415567282322 0.0140625 0.0131926121372 0.028125
0 0.448109058927 0.14375 0.0149516270888 0.03125
0 0.404573438874 0.084375 0.0105540897098 0.028125
0 0.410729991205 0.12109375 0.0105540897098 0.0296875
0 0.454705364996 0.28671875 0.014072119613 0.0328125
0 0.463500439754 0.3203125 0.0123131046614 0.0375
0 0.474054529464 0.36328125 0.014072119613 0.0359375
0 0.49780123131 0.446875 0.0158311345646 0.040625
0 0.671503957784 0.4296875 0.023746701847 0.028125
0 0.636763412489 0.44765625 0.0316622691293 0.0296875
0 0.738346525945 0.48046875 0.0167106420405 0.0234375
0 0.467018469657 0.53359375 0.0299032541777 0.0328125
0 0.150835532102 0.69140625 0.0325417766051 0.0328125
