0 0.545294635004 0.234375 0.0211081794195 0.059375
0 0.69964819701 0.28125 0.0219876868953 0.05
0 0.470976253298 0.0890625 0.0149516270888 0.05625
0 0.485048372911 0.18125 0.0184696569921 0.053125
0 0.601583113456 0.70078125 0.0246262093228 0.0640625
0 0.566842568162 0.5453125 0.0184696569921 0.0625
0 0.580474934037 0.61171875 0.0211081794195 0.0640625
0 0.886983289358 0.83125 0.0343007915567 0.0375
0 0.84036939314 0.86484375 0.0448548812665 0.0515625
0 0.907211961302 0.97734375 0.0413368513632 0.0421875
0 0.985488126649 0.9328125 0.0272647317502 0.046875
0 0.639401934916 0.8640625 0.0246262093228 0.0625
