0 0.4243623570800352 0.17578125 0.016710642040457344 0.045312500000000006
0 0.37291116974494287 0.13593750000000002 0.014072119613016711 0.043750000000000004
0 0.36015831134564646 0.06796875000000001 0.016710642040457344 0.0484375
0 0.40897097625329815 0.32343750000000004 0.01759014951627089 0.05625
0 0.4322779243623571 0.42812500000000003 0.018469656992084433 0.046875
0 0.4432717678100264 0.48281250000000003 0.01934916446789798 0.053125000000000006
0 0.45822339489885666 0.5546875 0.021108179419525065 0.05625
0 0.48856640281442393 0.6921875000000001 0.02198768689533861 0.059375000000000004
0 0.4489885664028144 0.8390625 0.03781882145998241 0.046875
0 0.7145998240985049 0.6671875 0.032541776605101144 0.037500000000000006
0 0.6715039577836412 0.6976562500000001 0.03781882145998241 0.0484375
0 0.7304309586631487 0.796875 0.03605980650835532 0.040625
0 0.8034300791556729 0.75390625 0.02726473175021988 0.0328125
