0 0.383465259455 0.0078125 0.0105540897098 0.015625
0 0.39489885664 0.0484375 0.0105540897098 0.028125
0 0.400615655233 0.07265625 0.0114335971856 0.0265625
0 0.385664028144 0.14765625 0.00967458223395 0.0359375
0 0.433157431838 0.21640625 0.0149516270888 0.0359375
0 0.393579595427 0.19140625 0.0114335971856 0.0328125
0 0.667546174142 0.53359375 0.0263852242744 0.0265625
0 0.682937554969 0.61953125 0.0290237467018 0.0296875
0 0.63236587511 0.55546875 0.0334212840809 0.0328125
0 0.48328935796 0.55546875 0.0167106420405 0.0390625
0 0.448109058927 0.65390625 0.0307827616535 0.0359375
0 0.439313984169 0.37734375 0.0131926121372 0.0359375
0 0.446789797713 0.41328125 0.014072119613 0.0359375
0 0.457783641161 0.45859375 0.0131926121372 0.0421875
0 0.73746701847 0.59140625 0.0149516270888 0.0265625
0 0.691732629727 0.0921875 0.0149516270888 0.034375
0 0.107299912049 0.83671875 0.0351802990325 0.0359375
