3 0.6169744942832014 0.6960937500000001 0.05716798592788039 0.045312500000000006
2 0.6974494283201408 0.640625 0.05804749340369393 0.05
2 0.01802990325417766 0.77109375 0.03605980650835532 0.035937500000000004
0 0.08047493403693932 0.80078125 0.04133685136323659 0.0328125
0 0.27308707124010556 0.76171875 0.03605980650835532 0.0328125
0 0.915127528583993 0.6531250000000001 0.03781882145998241 0.07187500000000001
0 0.7313104661389622 0.94140625 0.02726473175021988 0.026562500000000003
0 0.8966578715919086 0.03515625 0.018469656992084433 0.0671875
0 0.9164467897977133 0.17890625000000002 0.022867194371152155 0.0734375
0 0.9463500439753738 0.1421875 0.021108179419525065 0.06875
