0 0.426121372032 0.021875 0.0184696569921 0.04375
0 0.440193491645 0.10234375 0.0184696569921 0.0546875
0 0.498240985048 0.15390625 0.0202286719437 0.0546875
0 0.648197009675 0.2015625 0.0193491644679 0.04375
0 0.517150395778 0.45625 0.0211081794195 0.065625
0 0.529903254178 0.52109375 0.0184696569921 0.0546875
0 0.547493403694 0.603125 0.0219876868953 0.059375
0 0.583553210202 0.759375 0.0255057167986 0.065625
0 0.778803869833 0.76171875 0.0413368513632 0.0515625
0 0.825417766051 0.7296875 0.0360598065084 0.040625
0 0.843007915567 0.87265625 0.0395778364116 0.0484375
0 0.925681618294 0.81875 0.0395778364116 0.05
0 0.543975373791 0.9203125 0.03781882146 0.046875
