2 0.588830255057168 0.045312500000000006 0.032541776605101144 0.046875
0 0.4261213720316623 0.053125000000000006 0.016710642040457344 0.05
0 0.4674582233948989 0.014843750000000001 0.014951627088830256 0.029687500000000002
0 0.4705364995602463 0.0546875 0.014072119613016711 0.043750000000000004
0 0.49032541776605104 0.23515625 0.014951627088830256 0.045312500000000006
0 0.4916446789797714 0.278125 0.0158311345646438 0.05
0 0.29155672823219 0.11640625 0.018469656992084433 0.051562500000000004
0 0.32673702726473175 0.4296875 0.018469656992084433 0.0625
0 0.3276165347405453 0.546875 0.018469656992084433 0.065625
0 0.3566402814423923 0.534375 0.018469656992084433 0.0625
0 0.3878627968337731 0.66953125 0.01759014951627089 0.06406250000000001
0 0.3676341248900616 0.8203125 0.022867194371152155 0.07500000000000001
0 0.5373790677220757 0.8796875000000001 0.024626209322779244 0.07500000000000001
0 0.0158311345646438 0.36796875 0.024626209322779244 0.0484375
0 0.23878627968337732 0.9320312500000001 0.03430079155672824 0.060937500000000006
0 0.2590149516270888 0.8859375 0.03430079155672824 0.059375000000000004
3 0.6380826737027265 0.0546875 0.030782761653474055 0.040625
0 0.7453825857519789 0.03671875 0.02550571679859279 0.045312500000000006
