0 0.5219876868953386 0.06484375 0.018469656992084433 0.06406250000000001
0 0.5703605980650835 0.05859375 0.018469656992084433 0.045312500000000006
0 0.5782761653474054 0.10234375000000001 0.018469656992084433 0.045312500000000006
0 0.41600703605980655 0.2671875 0.021108179419525065 0.065625
0 0.4432717678100264 0.3015625 0.01934916446789798 0.0625
0 0.4815303430079156 0.4765625 0.020228671943711522 0.065625
0 0.4626209322779244 0.56875 0.01934916446789798 0.07187500000000001
0 0.4204045734388743 0.38515625000000003 0.01934916446789798 0.0703125
0 0.46130167106420406 0.8375 0.0395778364116095 0.059375000000000004
0 0.449868073878628 0.9046875000000001 0.03781882145998241 0.05625
0 0.1899736147757256 0.41250000000000003 0.029903254177660512 0.053125000000000006
