0 0.3623570800351803 0.08984375 0.014072119613016711 0.0421875
0 0.3720316622691293 0.14609375 0.012313104661389622 0.0390625
0 0.4177660510114336 0.18125000000000002 0.0158311345646438 0.037500000000000006
0 0.4261213720316623 0.3984375 0.016710642040457344 0.046875
0 0.43491644678979774 0.44765625000000003 0.016710642040457344 0.0484375
0 0.4494283201407212 0.51171875 0.0158311345646438 0.051562500000000004
0 0.47713280562884786 0.6335937500000001 0.020228671943711522 0.051562500000000004
0 0.6481970096745823 0.634375 0.03518029903254178 0.043750000000000004
0 0.6895338610378189 0.609375 0.0316622691292876 0.037500000000000006
0 0.43755496921723835 0.7640625000000001 0.03605980650835532 0.043750000000000004
0 0.38390501319261217 0.9281250000000001 0.03781882145998241 0.043750000000000004
0 0.7044854881266491 0.72421875 0.03342128408091469 0.035937500000000004
0 0.7708883025505717 0.6859375000000001 0.020228671943711522 0.03125
0 0.05408970976253298 0.9875 0.03605980650835532 0.021875000000000002
