0 0.291556728232 0.52109375 0.0184696569921 0.0640625
0 0.289357959543 0.675 0.0193491644679 0.06875
0 0.362357080035 0.9390625 0.0246262093228 0.078125
0 0.257695690413 0.1171875 0.0175901495163 0.053125
0 0.456464379947 0.24609375 0.0158311345646 0.0453125
0 0.459102902375 0.28671875 0.0158311345646 0.0453125
0 0.430079155673 0.27109375 0.0175901495163 0.0515625
0 0.437994722955 0.02109375 0.0175901495163 0.0421875
0 0.442392260334 0.0640625 0.0158311345646 0.04375
2 0.285400175901 0.04296875 0.0202286719437 0.0703125
2 0.560246262093 0.06328125 0.0351802990325 0.0484375
3 0.609058927001 0.0734375 0.0343007915567 0.040625
0 0.0321020228672 0.55078125 0.0255057167986 0.0578125
0 0.109938434477 0.709375 0.0334212840809 0.059375
0 0.323658751099 0.74453125 0.0175901495163 0.0671875
0 0.716798592788 0.06171875 0.0299032541777 0.0484375
