0 0.278364116095 0.47734375 0.0202286719437 0.0671875
0 0.276165347405 0.61953125 0.014072119613 0.0640625
0 0.307387862797 0.6765625 0.0202286719437 0.065625
0 0.246701846966 0.1171875 0.0184696569921 0.053125
0 0.4454705365 0.24609375 0.0167106420405 0.0421875
0 0.448548812665 0.284375 0.0158311345646 0.04375
0 0.431398416887 0.41171875 0.0167106420405 0.0578125
0 0.463500439754 0.4609375 0.0175901495163 0.053125
0 0.42656112577 0.01953125 0.0158311345646 0.0390625
0 0.430958663149 0.06015625 0.0158311345646 0.0484375
2 0.548812664908 0.05859375 0.0316622691293 0.0484375
3 0.597625329815 0.06796875 0.0325417766051 0.0359375
0 0.0571679859279 0.659375 0.0316622691293 0.059375
0 0.119173262973 0.759375 0.0325417766051 0.05625
0 0.344327176781 0.8484375 0.0202286719437 0.075
0 0.706244503078 0.0546875 0.0299032541777 0.05
