0 0.3043095866314864 0.353125 0.0316622691292876 0.05625
0 0.4894459102902375 0.23593750000000002 0.02198768689533861 0.065625
0 0.5479331574318382 0.32109375 0.021108179419525065 0.0703125
0 0.5277044854881267 0.39609375 0.021108179419525065 0.0734375
0 0.4841688654353562 0.11640625 0.016710642040457344 0.06406250000000001
0 0.5101143359718557 0.11406250000000001 0.01759014951627089 0.0625
0 0.6068601583113457 0.02734375 0.021108179419525065 0.0546875
0 0.6715039577836412 0.14296875 0.020228671943711522 0.060937500000000006
0 0.5848724714160071 0.753125 0.036939313984168866 0.059375000000000004
0 0.5708003518029904 0.82421875 0.03869832893579596 0.0546875
0 0.6543535620052771 0.95703125 0.03869832893579596 0.051562500000000004
2 0.3887423043095867 0.94296875 0.03869832893579596 0.051562500000000004
