0 0.0650835532102 0.89140625 0.0404573438874 0.0421875
0 0.385664028144 0.82578125 0.0360598065084 0.0390625
0 0.436675461741 0.6703125 0.0343007915567 0.040625
0 0.759894459103 0.59609375 0.0246262093228 0.0296875
0 0.678979771328 0.52890625 0.0263852242744 0.0328125
0 0.639841688654 0.5515625 0.03781882146 0.040625
0 0.695250659631 0.63203125 0.0325417766051 0.0328125
0 0.474934036939 0.55 0.0211081794195 0.046875
0 0.424802110818 0.32890625 0.0158311345646 0.0453125
0 0.434476693052 0.375 0.0158311345646 0.046875
0 0.447669305189 0.43359375 0.0175901495163 0.0453125
0 0.363676341249 0.03515625 0.0167106420405 0.0359375
0 0.373790677221 0.08984375 0.014072119613 0.0390625
0 0.419085312225 0.121875 0.0149516270888 0.040625
