2 0.6609498680738787 0.75 0.04309586631486368 0.043750000000000004
2 0.27924362357080035 0.853125 0.05716798592788039 0.065625
3 0.24934036939313986 0.9320312500000001 0.05892700087950748 0.060937500000000006
0 0.5501319261213721 0.39296875000000003 0.032541776605101144 0.06406250000000001
0 0.6455584872471416 0.084375 0.01934916446789798 0.07187500000000001
0 0.6772207563764292 0.22187500000000002 0.01759014951627089 0.07187500000000001
0 0.7022867194371153 0.17500000000000002 0.018469656992084433 0.06875
0 0.7875989445910291 0.1234375 0.02198768689533861 0.065625
0 0.8254177660510115 0.80390625 0.03605980650835532 0.0703125
0 0.7985927880386984 0.846875 0.036939313984168866 0.06875
0 0.8641160949868074 0.97421875 0.03605980650835532 0.0484375
0 0.8364116094986808 0.026562500000000003 0.01934916446789798 0.053125000000000006
