0 0.3940193491644679 0.39609375 0.01934916446789798 0.0703125
0 0.3654353562005277 0.32656250000000003 0.016710642040457344 0.0625
0 0.3676341248900616 0.44140625 0.01759014951627089 0.0671875
0 0.4287598944591029 0.54453125 0.018469656992084433 0.0703125
0 0.41072999120492526 0.6609375000000001 0.021108179419525065 0.078125
0 0.3214599824098505 0.0171875 0.020228671943711522 0.034375
0 0.46657871591908534 0.03359375 0.016710642040457344 0.0546875
0 0.5237467018469657 0.12421875 0.016710642040457344 0.045312500000000006
0 0.5285839929639402 0.1703125 0.01759014951627089 0.05
0 0.6130167106420404 0.9375 0.028144239226033423 0.078125
0 0.3482849604221636 0.8296875 0.03518029903254178 0.05625
0 0.3372911169744943 0.8929687500000001 0.03430079155672824 0.0578125
0 0.09410729991204926 0.36640625000000004 0.026385224274406333 0.0578125
