0 0.5378188214599824 0.25625000000000003 0.018469656992084433 0.059375000000000004
0 0.5971855760773966 0.31093750000000003 0.022867194371152155 0.059375000000000004
0 0.7554969217238346 0.36250000000000004 0.021108179419525065 0.05
0 0.5312225153913809 0.01171875 0.0158311345646438 0.0234375
0 0.6385224274406333 0.7078125000000001 0.021108179419525065 0.065625
0 0.6600703605980651 0.7992187500000001 0.02198768689533861 0.06406250000000001
0 0.6288478452066842 0.6359375 0.0158311345646438 0.0625
0 0.7031662269129287 0.96640625 0.02726473175021988 0.06406250000000001
0 0.9573438874230431 0.9375 0.03605980650835532 0.040625
0 0.9085312225153914 0.9703125 0.04397537379067722 0.05625
0 0.9775725593667547 0.039843750000000004 0.02550571679859279 0.060937500000000006
