0 0.135883905013 0.0203125 0.0202286719437 0.034375
0 0.150835532102 0.0609375 0.0219876868953 0.034375
0 0.172823218997 0.0921875 0.023746701847 0.0375
0 0.194371152155 0.128125 0.0246262093228 0.040625
0 0.213280562885 0.16484375 0.0202286719437 0.0453125
2 0.322779243624 0.06484375 0.028144239226 0.0609375
0 0.287159190853 0.309375 0.0219876868953 0.040625
0 0.305189094107 0.34453125 0.0211081794195 0.0421875
0 0.377748460862 0.4765625 0.0255057167986 0.05
2 0.280562884785 0.765625 0.0404573438874 0.078125
0 0.0510114335972 0.3828125 0.028144239226 0.059375
3 0.366314863676 0.03359375 0.023746701847 0.0515625
