3 0.281882145998 0.58203125 0.03781882146 0.0296875
2 0.423482849604 0.51875 0.0219876868953 0.065625
0 0.43491644679 0.58203125 0.0343007915567 0.0296875
0 0.47889182058 0.590625 0.0325417766051 0.03125
0 0.522427440633 0.5828125 0.0404573438874 0.034375
0 0.56508355321 0.5828125 0.0360598065084 0.03125
0 0.607299912049 0.5828125 0.0343007915567 0.034375
2 0.618733509235 0.35 0.0255057167986 0.078125
0 0.759454705365 0.5796875 0.0343007915567 0.028125
0 0.788918205805 0.58046875 0.0299032541777 0.0328125
0 0.90765171504 0.5765625 0.0369393139842 0.034375
3 0.629287598945 0.27109375 0.0255057167986 0.0609375
0 0.656552330695 0.9859375 0.0413368513632 0.025
