0 0.108179419525 0.7078125 0.0369393139842 0.028125
0 0.707563764292 0.54453125 0.0343007915567 0.0515625
0 0.647317502199 0.60859375 0.0369393139842 0.0515625
0 0.696569920844 0.6046875 0.0369393139842 0.046875
0 0.648636763412 0.721875 0.0413368513632 0.059375
6 0.741424802111 0.615625 0.116094986807 0.15
0 0.830694810906 0.5140625 0.0343007915567 0.05625
2 0.747141600704 0.8 0.0483729111697 0.0625
6 0.970976253298 0.2875 0.0562884784521 0.096875
0 0.984608619173 0.49609375 0.0290237467018 0.0484375
