3 0.364116094987 0.5296875 0.0299032541777 0.05
2 0.42656112577 0.63515625 0.0334212840809 0.0765625
6 0.501759014952 0.84296875 0.0765171503958 0.1421875
0 0.410290237467 0.675 0.0219876868953 0.05
0 0.440193491645 0.77890625 0.0219876868953 0.0515625
0 0.496921723835 0.953125 0.028144239226 0.071875
0 0.530782761653 0.821875 0.0395778364116 0.0625
3 0.463500439754 0.70625 0.028144239226 0.05625
0 0.425681618294 0.45546875 0.0211081794195 0.0359375
0 0.0505716798593 0.02734375 0.0131926121372 0.0265625
0 0.0826737027265 0.06015625 0.0158311345646 0.0265625
2 0.156992084433 0.15625 0.0290237467018 0.053125
2 0.249340369393 0.0578125 0.0167106420405 0.025
6 0.486367634125 0.01796875 0.0650835532102 0.0359375
