3 0.361477572559 0.80703125 0.0316622691293 0.0609375
2 0.425681618294 0.6 0.0351802990325 0.046875
0 0.48944591029 0.575 0.0255057167986 0.053125
0 0.45998240985 0.6203125 0.0211081794195 0.05
0 0.552330694811 0.43515625 0.0211081794195 0.0484375
0 0.532102022867 0.47890625 0.0263852242744 0.0453125
0 0.511433597186 0.52109375 0.0307827616535 0.0484375
0 0.635004397537 0.2734375 0.0193491644679 0.034375
0 0.620932277924 0.3 0.0193491644679 0.034375
0 0.356200527704 0.18125 0.0175901495163 0.053125
3 0.438434476693 0.26015625 0.0360598065084 0.0359375
2 0.465259454705 0.29765625 0.0263852242744 0.0296875
0 0.682497801231 0.1796875 0.0193491644679 0.034375
3 0.839050131926 0.2515625 0.0211081794195 0.040625
0 0.803430079156 0.334375 0.0202286719437 0.040625
0 0.733948988566 0.58515625 0.0272647317502 0.0484375
0 0.712401055409 0.471875 0.0263852242744 0.059375
