3 0.83817062445 0.2671875 0.0193491644679 0.04375
0 0.798153034301 0.35546875 0.023746701847 0.0421875
0 0.737906772208 0.56875 0.0263852242744 0.05
0 0.660510114336 0.5921875 0.0299032541777 0.0625
0 0.560686015831 0.4203125 0.0255057167986 0.046875
0 0.540457343887 0.459375 0.0272647317502 0.05
0 0.518029903254 0.50234375 0.028144239226 0.0546875
0 0.495602462621 0.55234375 0.0255057167986 0.0484375
0 0.467458223395 0.596875 0.0255057167986 0.046875
3 0.368073878628 0.778125 0.0272647317502 0.059375
2 0.433157431838 0.571875 0.03781882146 0.05
3 0.448109058927 0.24375 0.0343007915567 0.0375
0 0.369393139842 0.16484375 0.0175901495163 0.0484375
0 0.644678979771 0.2640625 0.0193491644679 0.034375
0 0.630606860158 0.28984375 0.0211081794195 0.0421875
