6 0.6715039577836412 0.028125 0.06420404573438875 0.025
6 0.6763412489006156 0.055468750000000004 0.06508355321020229 0.035937500000000004
3 0.415127528583993 0.36562500000000003 0.01759014951627089 0.05
0 0.41424802110817943 0.4453125 0.0158311345646438 0.046875
2 0.44722955145118737 0.49140625000000004 0.0237467018469657 0.0734375
3 0.46613896218117856 0.565625 0.01759014951627089 0.053125000000000006
0 0.4388742304309587 0.5703125 0.014072119613016711 0.040625
0 0.43755496921723835 0.6890625 0.018469656992084433 0.05625
0 0.4876868953386104 0.66796875 0.020228671943711522 0.0671875
0 0.519349164467898 0.7921875 0.020228671943711522 0.0625
6 0.4705364995602463 0.71484375 0.04221635883905013 0.15156250000000002
0 0.6046613896218118 0.74375 0.020228671943711522 0.05
6 0.4626209322779244 0.85546875 0.03518029903254178 0.13593750000000002
6 0.5734388742304309 0.9398437500000001 0.06508355321020229 0.1171875
0 0.7840809146877749 0.8703125 0.030782761653474055 0.03125
