0 0.1108179419525066 0.48984375 0.028144239226033423 0.0328125
0 0.13720316622691295 0.51015625 0.028144239226033423 0.0328125
2 0.08970976253298153 0.22265625 0.026385224274406333 0.0703125
0 0.24186455584872474 0.5859375 0.028144239226033423 0.040625
0 0.7832014072119613 0.8734375000000001 0.04661389621811786 0.037500000000000006
0 0.9577836411609499 0.87265625 0.04397537379067722 0.0328125
6 0.9349164467897978 0.9382812500000001 0.1284080914687775 0.07968750000000001
0 0.7339489885664029 0.9851562500000001 0.05364995602462621 0.026562500000000003
3 0.13060686015831136 0.16484375 0.020228671943711522 0.060937500000000006
0 0.1983289357959543 0.021875000000000002 0.030782761653474055 0.03125
