3 0.4753737906772208 0.5671875000000001 0.03605980650835532 0.037500000000000006
2 0.6090589270008795 0.50390625 0.02726473175021988 0.0671875
0 0.6240105540897098 0.565625 0.032541776605101144 0.034375
0 0.6688654353562006 0.57421875 0.032541776605101144 0.029687500000000002
0 0.712401055408971 0.5640625 0.04221635883905013 0.034375
0 0.756816182937555 0.5625 0.0395778364116095 0.03125
0 0.7959542656112577 0.5640625 0.03342128408091469 0.034375
0 0.94415127528584 0.5554687500000001 0.03605980650835532 0.029687500000000002
0 0.9758135444151276 0.5554687500000001 0.032541776605101144 0.026562500000000003
0 0.7752858399296394 0.08203125 0.030782761653474055 0.0390625
3 0.7968337730870713 0.253125 0.028144239226033423 0.0625
2 0.7972735268249781 0.325 0.0237467018469657 0.059375000000000004
0 0.870712401055409 0.9671875000000001 0.04221635883905013 0.046875
