6 0.8531222515391381 0.36562500000000003 0.08267370272647317 0.10625000000000001
6 0.9626209322779244 0.43515625 0.07299912049252419 0.1078125
0 0.9459102902374671 0.27187500000000003 0.02550571679859279 0.037500000000000006
0 0.7515391380826737 0.6125 0.03605980650835532 0.046875
0 0.8113456464379948 0.56796875 0.030782761653474055 0.045312500000000006
3 0.6358839050131927 0.64609375 0.03869832893579596 0.035937500000000004
2 0.5501319261213721 0.6101562500000001 0.044854881266490766 0.0578125
0 0.5536499560246262 0.6960937500000001 0.03605980650835532 0.0421875
6 0.6657871591908532 0.7296875 0.10905892700087952 0.05625
3 0.45514511873350927 0.51796875 0.03781882145998241 0.0578125
0 0.19261213720316622 0.25703125 0.021108179419525065 0.035937500000000004
0 0.25769569041336854 0.2984375 0.024626209322779244 0.040625
2 0.24450307827616535 0.22812500000000002 0.04397537379067722 0.07500000000000001
3 0.9731750219876869 0.9789062500000001 0.04309586631486368 0.0390625
0 0.7084432717678101 0.43203125000000003 0.02550571679859279 0.029687500000000002
