0 0.1948109058927001 0.5953125 0.018469656992084433 0.06875
2 0.3438874230430959 0.728125 0.04397537379067722 0.040625
3 0.3043095866314864 0.6742187500000001 0.03869832893579596 0.035937500000000004
0 0.5782761653474054 0.46328125000000003 0.02198768689533861 0.045312500000000006
0 0.5395778364116095 0.6023437500000001 0.016710642040457344 0.0421875
0 0.5268249780123131 0.6453125000000001 0.01934916446789798 0.053125000000000006
3 0.7598944591029024 0.48828125 0.01934916446789798 0.0484375
0 0.7453825857519789 0.5578125 0.020228671943711522 0.053125000000000006
0 0.7128408091468778 0.58125 0.02550571679859279 0.0625
0 0.46437994722955145 0.8718750000000001 0.024626209322779244 0.059375000000000004
0 0.44283201407211964 0.94140625 0.029023746701846966 0.0671875
0 0.697009674582234 0.9796875 0.02198768689533861 0.037500000000000006
0 0.9067722075637643 0.10078125 0.026385224274406333 0.0234375
0 0.8944591029023747 0.140625 0.028144239226033423 0.025
