2 0.806068601583 0.48359375 0.0307827616535 0.0703125
3 0.676341248901 0.54765625 0.0386983289358 0.0359375
0 0.823658751099 0.54609375 0.0360598065084 0.0296875
0 0.867194371152 0.55234375 0.0369393139842 0.0328125
0 0.911609498681 0.5453125 0.0413368513632 0.03125
0 0.978012313105 0.63984375 0.0386983289358 0.0359375
0 0.95382585752 0.54140625 0.0395778364116 0.0328125
0 0.988566402814 0.53828125 0.0211081794195 0.0359375
3 0.979331574318 0.234375 0.0290237467018 0.06875
0 0.94327176781 0.0640625 0.0325417766051 0.04375
