2 0.307387862797 0.521875 0.023746701847 0.075
0 0.318381706245 0.5859375 0.0351802990325 0.025
0 0.363676341249 0.59609375 0.0360598065084 0.0390625
0 0.409410729991 0.59140625 0.0466138962181 0.0359375
0 0.454265611258 0.58984375 0.03781882146 0.0296875
0 0.493843447669 0.5859375 0.0343007915567 0.0375
3 0.163588390501 0.584375 0.0404573438874 0.03125
0 0.645558487247 0.5875 0.0351802990325 0.034375
0 0.677220756376 0.58828125 0.0299032541777 0.0234375
0 0.798592788039 0.58828125 0.0386983289358 0.0265625
2 0.514951627089 0.35546875 0.023746701847 0.0734375
0 0.528583992964 0.99140625 0.0422163588391 0.0140625
3 0.526824978012 0.2765625 0.0263852242744 0.0625
