0 0.0879507475814 0.565625 0.028144239226 0.053125
0 0.290237467018 0.13125 0.0175901495163 0.053125
0 0.493403693931 0.24609375 0.0193491644679 0.0421875
0 0.498240985048 0.28671875 0.0167106420405 0.0453125
0 0.521987686895 0.4609375 0.0167106420405 0.05625
2 0.338610378188 0.30703125 0.0228671943712 0.0765625
0 0.357959542656 0.73046875 0.0193491644679 0.0734375
0 0.349604221636 0.9328125 0.0202286719437 0.08125
2 0.589709762533 0.0578125 0.0325417766051 0.05
3 0.638522427441 0.0671875 0.0316622691293 0.040625
0 0.464819700967 0.02265625 0.0167106420405 0.0453125
0 0.47053649956 0.0671875 0.0158311345646 0.04375
0 0.742744063325 0.04609375 0.0272647317502 0.0421875
