0 0.4094107299912049 0.33125000000000004 0.013192612137203167 0.040625
6 0.40633245382585753 0.43046875 0.01934916446789798 0.1015625
6 0.4639401934916447 0.59765625 0.032541776605101144 0.1703125
6 0.43007915567282323 0.40703125 0.01934916446789798 0.1203125
0 0.4146877748460862 0.5484375 0.013192612137203167 0.05
2 0.44063324538258575 0.22578125000000002 0.014072119613016711 0.060937500000000006
3 0.4463500439753738 0.28125 0.013192612137203167 0.040625
0 0.42700087950747584 0.30078125 0.013192612137203167 0.035937500000000004
0 0.44854881266490765 0.35234375 0.014072119613016711 0.051562500000000004
0 0.4573438874230431 0.44453125000000004 0.0158311345646438 0.045312500000000006
0 0.41556728232189977 0.08125 0.00967458223394899 0.03125
3 0.4322779243623571 0.10390625 0.013192612137203167 0.0421875
0 0.6895338610378189 0.70625 0.026385224274406333 0.03125
0 0.6134564643799473 0.7359375 0.032541776605101144 0.040625
6 0.7392260334212841 0.00859375 0.05892700087950748 0.0171875
