3 0.477132805629 0.23828125 0.0131926121372 0.0453125
0 0.460861917326 0.26484375 0.0123131046614 0.0390625
2 0.487686895339 0.3625 0.0167106420405 0.0625
3 0.495602462621 0.4328125 0.0149516270888 0.046875
0 0.471855760774 0.43515625 0.0114335971856 0.0390625
0 0.456464379947 0.496875 0.014072119613 0.05
6 0.480650835532 0.5640625 0.0255057167986 0.1375
0 0.500439753738 0.521875 0.0158311345646 0.053125
0 0.511873350923 0.62421875 0.014072119613 0.0546875
6 0.458663148637 0.625 0.023746701847 0.11875
6 0.534740545295 0.8203125 0.0492524186456 0.2125
0 0.463060686016 0.78984375 0.0149516270888 0.0546875
0 0.638082673703 0.82109375 0.0255057167986 0.0515625
0 0.766490765172 0.87265625 0.0290237467018 0.0296875
6 0.784960422164 0.04765625 0.0624450307828 0.0359375
6 0.784080914688 0.071875 0.0642040457344 0.05
