0 0.7255936675461742 0.7796875000000001 0.040457343887423045 0.043750000000000004
0 0.8557607739665788 0.7375 0.040457343887423045 0.046875
0 0.9080914687774847 0.6546875000000001 0.03781882145998241 0.043750000000000004
0 0.7071240105540897 0.9007812500000001 0.04221635883905013 0.0484375
0 0.864995602462621 0.9578125000000001 0.0395778364116095 0.046875
6 0.8759894459102903 0.7890625 0.14599824098504838 0.13125
0 0.05321020228671944 0.65 0.029023746701846966 0.034375
0 0.022427440633245383 0.63671875 0.030782761653474055 0.0328125
0 0.1741424802110818 0.6875 0.03518029903254178 0.034375
3 0.008795074758135445 0.29140625000000003 0.01759014951627089 0.060937500000000006
0 0.06508355321020229 0.12187500000000001 0.03342128408091469 0.037500000000000006
