3 0.269569041337 0.8828125 0.0413368513632 0.034375
2 0.310026385224 0.94609375 0.0483729111697 0.0453125
0 0.516270888303 0.8078125 0.0193491644679 0.046875
0 0.503957783641 0.8546875 0.0211081794195 0.05
0 0.558047493404 0.65 0.0202286719437 0.04375
3 0.746262093228 0.678125 0.0184696569921 0.046875
0 0.731750219877 0.7515625 0.0193491644679 0.053125
0 0.700967458223 0.75078125 0.0228671943712 0.0640625
6 0.614335971856 0.03203125 0.0202286719437 0.0640625
6 0.638962181179 0.05703125 0.023746701847 0.0796875
6 0.673262972735 0.12421875 0.0343007915567 0.0984375
0 0.693491644679 0.20546875 0.0149516270888 0.0421875
0 0.660949868074 0.15546875 0.0149516270888 0.0328125
0 0.628408091469 0.10234375 0.0131926121372 0.0265625
0 0.655672823219 0.065625 0.0131926121372 0.028125
0 0.639401934916 0.01171875 0.0105540897098 0.0234375
0 0.653034300792 0.18359375 0.0114335971856 0.0328125
0 0.872031662269 0.31875 0.0272647317502 0.028125
0 0.882145998241 0.27421875 0.0211081794195 0.0203125
0 0.160510114336 0.79921875 0.0184696569921 0.0609375
