6 0.8777484608619174 0.49921875000000004 0.10026385224274406 0.1296875
6 0.8641160949868074 0.328125 0.08355321020228672 0.109375
0 0.9573438874230431 0.23359375000000002 0.0237467018469657 0.029687500000000002
3 0.538698328935796 0.625 0.03605980650835532 0.040625
6 0.5734388742304309 0.7195312500000001 0.10378188214599825 0.0859375
0 0.6481970096745823 0.6507812500000001 0.04397537379067722 0.0390625
0 0.7145998240985049 0.6492187500000001 0.03781882145998241 0.0421875
3 0.3856640281442392 0.46484375 0.03605980650835532 0.060937500000000006
0 0.4727352682497801 0.6453125000000001 0.030782761653474055 0.05
2 0.465259454705365 0.56484375 0.04573438874230431 0.0703125
0 0.07211961301671065 0.11875000000000001 0.01934916446789798 0.034375
0 0.12752858399296393 0.15937500000000002 0.021108179419525065 0.037500000000000006
2 0.158311345646438 0.15078125 0.04221635883905013 0.0671875
0 0.6829375549692173 0.434375 0.02550571679859279 0.03125
