6 0.9722955145118733 0.47578125000000004 0.05364995602462621 0.0890625
0 0.7110817941952506 0.65546875 0.02726473175021988 0.035937500000000004
6 0.7673702726473175 0.86484375 0.12928759894459105 0.1078125
6 0.49032541776605104 0.859375 0.08531222515391382 0.134375
2 0.40589270008795075 0.665625 0.03781882145998241 0.07187500000000001
0 0.3970976253298153 0.72265625 0.02726473175021988 0.051562500000000004
3 0.3386103781882146 0.57421875 0.03342128408091469 0.0578125
3 0.4481090589270009 0.7359375 0.029023746701846966 0.05625
0 0.6020228671943711 0.8968750000000001 0.0395778364116095 0.05
0 0.5325417766051012 0.8359375 0.0395778364116095 0.05625
0 0.49296394019349166 0.9867187500000001 0.018469656992084433 0.0234375
2 0.1029023746701847 0.2265625 0.03342128408091469 0.059375000000000004
0 0.3386103781882146 0.40859375000000003 0.021108179419525065 0.035937500000000004
0 0.026385224274406333 0.146875 0.01759014951627089 0.03125
2 0.17634124890061567 0.08281250000000001 0.018469656992084433 0.03125
6 0.13500439753737908 0.01953125 0.029023746701846966 0.0390625
6 0.15083553210202288 0.0140625 0.02198768689533861 0.028125
6 0.41908531222515394 0.0171875 0.06420404573438875 0.034375
