0 0.421284080915 0.94375 0.0351802990325 0.075
0 0.550571679859 0.6578125 0.0193491644679 0.059375
0 0.425681618294 0.49453125 0.0193491644679 0.0484375
0 0.459102902375 0.51796875 0.0193491644679 0.0515625
0 0.440633245383 0.39453125 0.0158311345646 0.0421875
0 0.663148636763 0.5078125 0.0299032541777 0.028125
0 0.682497801231 0.453125 0.0228671943712 0.025
0 0.433157431838 0.25546875 0.0131926121372 0.0328125
0 0.427880386983 0.12890625 0.0114335971856 0.0359375
0 0.443711521548 0.11484375 0.0114335971856 0.0328125
0 0.461301671064 0.14921875 0.0149516270888 0.0453125
0 0.467458223395 0.2 0.0149516270888 0.0375
6 0.476693051891 0.3078125 0.0246262093228 0.128125
6 0.427440633245 0.190625 0.0175901495163 0.078125
6 0.448548812665 0.19765625 0.0193491644679 0.1015625
3 0.45998240985 0.09921875 0.0123131046614 0.0359375
2 0.450747581354 0.0109375 0.0131926121372 0.021875
0 0.236147757256 0.93671875 0.0307827616535 0.0609375
