0 0.41908531222515394 0.49843750000000003 0.018469656992084433 0.05
0 0.3927000879507476 0.60546875 0.0237467018469657 0.0578125
0 0.4331574318381706 0.62890625 0.02198768689533861 0.0546875
6 0.41424802110817943 0.23359375000000002 0.01934916446789798 0.0859375
6 0.4362357080035181 0.23359375000000002 0.01759014951627089 0.1015625
6 0.4656992084432718 0.35781250000000003 0.02726473175021988 0.13125
0 0.4309586631486368 0.14765625000000002 0.010554089709762533 0.029687500000000002
0 0.4164467897977133 0.16562500000000002 0.011433597185576077 0.037500000000000006
0 0.45074758135444154 0.18125000000000002 0.011433597185576077 0.043750000000000004
0 0.4573438874230431 0.23828125 0.012313104661389622 0.0390625
3 0.45074758135444154 0.13046875 0.013192612137203167 0.0328125
0 0.42216358839050133 0.30546875 0.014072119613016711 0.035937500000000004
2 0.4415127528583993 0.04296875 0.014072119613016711 0.051562500000000004
0 0.6728232189973615 0.49843750000000003 0.022867194371152155 0.025
0 0.6499560246262094 0.55234375 0.028144239226033423 0.0234375
0 0.5624450307827616 0.8328125000000001 0.02198768689533861 0.06875
