0 0.5606860158311346 0.45546875000000003 0.020228671943711522 0.0484375
0 0.5114335971855761 0.37734375000000003 0.014951627088830256 0.0421875
0 0.48680738786279687 0.3609375 0.014951627088830256 0.043750000000000004
0 0.4841688654353562 0.28125 0.013192612137203167 0.040625
0 0.4731750219876869 0.2078125 0.012313104661389622 0.037500000000000006
3 0.4938434476693052 0.05625 0.011433597185576077 0.034375
6 0.5162708883025506 0.24296875 0.026385224274406333 0.11093750000000001
6 0.4876868953386104 0.15859375 0.018469656992084433 0.0890625
6 0.46657871591908534 0.14921875 0.018469656992084433 0.0765625
0 0.4991204925241865 0.11328125 0.013192612137203167 0.0421875
0 0.5048372911169745 0.16171875000000002 0.012313104661389622 0.035937500000000004
0 0.4639401934916447 0.0890625 0.011433597185576077 0.034375
0 0.4780123131046614 0.07734375 0.011433597185576077 0.026562500000000003
0 0.7229551451187335 0.40078125000000003 0.01934916446789798 0.0234375
0 0.7071240105540897 0.45156250000000003 0.028144239226033423 0.028125
0 0.31266490765171506 0.8562500000000001 0.02726473175021988 0.05625
0 0.49032541776605104 0.859375 0.030782761653474055 0.07187500000000001
3 0.5162708883025506 0.88828125 0.026385224274406333 0.0578125
0 0.4920844327176781 0.9671875000000001 0.02726473175021988 0.0625
