3 0.03825857519788919 0.23515625 0.02726473175021988 0.06406250000000001
2 0.010554089709762533 0.31328125 0.021108179419525065 0.0734375
0 0.11433597185576078 0.55 0.03342128408091469 0.03125
0 0.14687774846086193 0.55 0.03342128408091469 0.028125
0 0.2739665787159191 0.5515625000000001 0.03430079155672824 0.03125
0 0.8306948109058927 0.42578125 0.03430079155672824 0.045312500000000006
0 0.7840809146877749 0.478125 0.03605980650835532 0.043750000000000004
0 0.8271767810026386 0.47500000000000003 0.03430079155672824 0.053125000000000006
0 0.7867194371152155 0.5765625 0.03430079155672824 0.05625
6 0.9366754617414248 0.3453125 0.08091468777484609 0.10625000000000001
6 0.8711521547933158 0.484375 0.10466138962181179 0.140625
0 0.9388742304309587 0.40468750000000003 0.03430079155672824 0.046875
0 0.9780123131046614 0.24921875000000002 0.028144239226033423 0.035937500000000004
