0 0.489885664028 0.853125 0.0193491644679 0.05
0 0.474934036939 0.9015625 0.0228671943712 0.053125
0 0.534300791557 0.6875 0.0202286719437 0.046875
0 0.684696569921 0.76875 0.023746701847 0.0625
0 0.70800351803 0.79609375 0.0211081794195 0.0578125
3 0.726033421284 0.71796875 0.0202286719437 0.0484375
0 0.123570800352 0.8453125 0.0219876868953 0.071875
0 0.645118733509 0.18046875 0.0131926121372 0.0328125
0 0.676341248901 0.23046875 0.0158311345646 0.0390625
0 0.612576956904 0.12578125 0.0114335971856 0.0296875
0 0.626649076517 0.16796875 0.0131926121372 0.0359375
0 0.624450307828 0.02890625 0.014072119613 0.0359375
0 0.640281442392 0.08828125 0.0123131046614 0.0328125
6 0.656992084433 0.15 0.0351802990325 0.1
6 0.599824098505 0.05859375 0.0193491644679 0.0671875
6 0.623570800352 0.0828125 0.0246262093228 0.08125
