3 0.43139841688654357 0.56875 0.0395778364116095 0.03125
2 0.5664028144239226 0.5078125 0.024626209322779244 0.07187500000000001
0 0.5813544415127528 0.57265625 0.0316622691292876 0.029687500000000002
0 0.6257695690413368 0.578125 0.032541776605101144 0.034375
0 0.671943711521548 0.5734375 0.040457343887423045 0.034375
0 0.7132805628847846 0.56796875 0.03869832893579596 0.0390625
0 0.7541776605101144 0.56875 0.03781882145998241 0.034375
3 0.7594547053649956 0.26015625000000003 0.029023746701846966 0.0703125
2 0.7581354441512753 0.3359375 0.024626209322779244 0.06875
0 0.934476693051891 0.5640625 0.032541776605101144 0.028125
0 0.9028144239226034 0.56484375 0.030782761653474055 0.029687500000000002
0 0.8223394898856641 0.9750000000000001 0.04573438874230431 0.046875
