0 0.8509234828496043 0.32109375 0.02198768689533861 0.026562500000000003
0 0.8408091468777485 0.36953125000000003 0.028144239226033423 0.0234375
3 0.7000879507475813 0.75390625 0.01934916446789798 0.051562500000000004
0 0.6631486367634125 0.7835937500000001 0.024626209322779244 0.0671875
0 0.6824978012313105 0.83125 0.01934916446789798 0.0625
0 0.45646437994722955 0.89609375 0.022867194371152155 0.0546875
0 0.44239226033421286 0.9437500000000001 0.026385224274406333 0.05625
0 0.5070360598065083 0.72265625 0.02198768689533861 0.051562500000000004
0 0.6015831134564644 0.00703125 0.012313104661389622 0.0140625
0 0.6094986807387863 0.046875 0.0158311345646438 0.034375
6 0.6055408970976254 0.096875 0.0237467018469657 0.084375
6 0.6394019349164468 0.16640625 0.0316622691292876 0.1046875
0 0.6578715919085313 0.2546875 0.0158311345646438 0.040625
0 0.6279683377308708 0.20468750000000002 0.014072119613016711 0.037500000000000006
0 0.5963060686015832 0.14375000000000002 0.012313104661389622 0.03125
0 0.608179419525066 0.18515625000000002 0.014951627088830256 0.035937500000000004
0 0.6165347405452947 0.22812500000000002 0.0158311345646438 0.040625
6 0.5839929639401935 0.07578125000000001 0.01934916446789798 0.0703125
0 0.6240105540897098 0.10546875 0.013192612137203167 0.0328125
