0 0.0171503957784 0.56875 0.0343007915567 0.034375
0 0.0576077396658 0.5703125 0.0395778364116 0.034375
0 0.102462620932 0.56796875 0.03781882146 0.0328125
0 0.261653474055 0.5703125 0.0325417766051 0.028125
0 0.294635004398 0.57265625 0.0316622691293 0.0296875
0 0.420844327177 0.57265625 0.0360598065084 0.0296875
2 0.146437994723 0.33515625 0.0255057167986 0.0765625
3 0.171064204046 0.253125 0.023746701847 0.0625
0 0.0804749340369 0.98203125 0.051890941073 0.0328125
0 0.960861917326 0.44296875 0.0307827616535 0.0453125
0 0.918205804749 0.49453125 0.0351802990325 0.0453125
0 0.961301671064 0.49375 0.0316622691293 0.046875
0 0.925681618294 0.596875 0.0343007915567 0.059375
6 0.977132805629 0.5296875 0.0439753737907 0.08125
