0 0.5505716798592788 0.5375 0.01934916446789798 0.053125000000000006
0 0.6807387862796834 0.4734375 0.029903254177660512 0.03125
0 0.6992084432717678 0.42265625 0.024626209322779244 0.029687500000000002
0 0.4569041336851363 0.41328125000000004 0.016710642040457344 0.045312500000000006
0 0.484608619173263 0.43359375 0.014072119613016711 0.0484375
0 0.4608619173262973 0.32421875 0.012313104661389622 0.0390625
0 0.44415127528584 0.10625000000000001 0.014072119613016711 0.034375
3 0.47405452946350046 0.07421875 0.014072119613016711 0.0328125
0 0.4577836411609499 0.0921875 0.011433597185576077 0.025
0 0.47889182058047497 0.12421875 0.013192612137203167 0.0390625
0 0.48504837291116976 0.17578125 0.011433597185576077 0.035937500000000004
6 0.494283201407212 0.2671875 0.028144239226033423 0.11875000000000001
0 0.45030782761653476 0.22187500000000002 0.012313104661389622 0.03125
6 0.4450307827616535 0.16328125000000002 0.01934916446789798 0.0734375
6 0.4656992084432718 0.17109375000000002 0.020228671943711522 0.0921875
0 0.272207563764292 0.8835937500000001 0.02726473175021988 0.060937500000000006
0 0.4520668425681619 0.88671875 0.029903254177660512 0.0734375
3 0.47713280562884786 0.9242187500000001 0.0237467018469657 0.060937500000000006
0 0.45338610378188215 0.9828125000000001 0.0237467018469657 0.03125
