2 0.13236587511 0.5203125 0.0255057167986 0.06875
0 0.142040457344 0.5859375 0.0360598065084 0.028125
0 0.185576077397 0.59453125 0.0369393139842 0.0265625
0 0.235708003518 0.59140625 0.0404573438874 0.0328125
0 0.278803869833 0.5875 0.0369393139842 0.025
0 0.321899736148 0.5875 0.0334212840809 0.028125
0 0.475373790677 0.58671875 0.0290237467018 0.0296875
0 0.50835532102 0.5859375 0.0316622691293 0.028125
3 0.368073878628 0.271875 0.0255057167986 0.06875
2 0.352242744063 0.353125 0.023746701847 0.08125
0 0.631046613896 0.5875 0.0343007915567 0.028125
