0 0.558047493404 0.5296875 0.0255057167986 0.046875
0 0.53562005277 0.57578125 0.028144239226 0.0484375
0 0.511873350923 0.62578125 0.028144239226 0.0609375
0 0.490765171504 0.67890625 0.0228671943712 0.0515625
0 0.45998240985 0.73359375 0.0263852242744 0.0546875
0 0.642040457344 0.3578125 0.0175901495163 0.0375
0 0.628847845207 0.3859375 0.0228671943712 0.0375
0 0.690853122252 0.2546875 0.0202286719437 0.034375
0 0.763412489006 0.48125 0.0246262093228 0.05625
0 0.747581354442 0.6921875 0.0246262093228 0.05625
2 0.425681618294 0.709375 0.0386983289358 0.046875
3 0.358399296394 0.94140625 0.0307827616535 0.0609375
3 0.856640281442 0.3234375 0.0211081794195 0.040625
0 0.826297273527 0.39765625 0.0184696569921 0.0453125
3 0.439313984169 0.3421875 0.0325417766051 0.0375
2 0.467458223395 0.3859375 0.0290237467018 0.03125
0 0.354441512753 0.25546875 0.0175901495163 0.0453125
