0 0.475813544415 0.75546875 0.0228671943712 0.0546875
0 0.421284080915 0.9328125 0.0246262093228 0.05625
0 0.405892700088 0.97734375 0.0219876868953 0.0421875
0 0.636763412489 0.796875 0.0263852242744 0.06875
3 0.671503957784 0.7859375 0.0202286719437 0.053125
0 0.65127528584 0.8671875 0.0219876868953 0.059375
0 0.551011433597 0.0109375 0.00967458223395 0.021875
3 0.58399296394 0.0109375 0.0123131046614 0.021875
0 0.564204045734 0.01015625 0.00791556728232 0.0203125
6 0.565523306948 0.09609375 0.0211081794195 0.0671875
6 0.587950747581 0.11171875 0.0219876868953 0.0828125
6 0.620492524186 0.18203125 0.0307827616535 0.1046875
0 0.638962181179 0.2734375 0.0131926121372 0.04375
0 0.607739665787 0.221875 0.0123131046614 0.0375
0 0.576077396658 0.15859375 0.0105540897098 0.0296875
0 0.587950747581 0.2 0.0114335971856 0.03125
0 0.596306068602 0.24609375 0.0123131046614 0.0359375
0 0.591908531223 0.06171875 0.014072119613 0.0390625
0 0.604661389622 0.1171875 0.0149516270888 0.034375
0 0.831574318382 0.3421875 0.0219876868953 0.021875
0 0.818821459982 0.390625 0.028144239226 0.025
