0 0.0721196130167 0.54453125 0.0334212840809 0.0328125
0 0.10510114336 0.54765625 0.0343007915567 0.0328125
0 0.233509234828 0.54765625 0.0325417766051 0.0296875
0 0.791116974494 0.42109375 0.0325417766051 0.0453125
0 0.744063324538 0.47265625 0.0351802990325 0.0515625
0 0.789357959543 0.47109375 0.0343007915567 0.0484375
0 0.746262093228 0.5734375 0.0360598065084 0.05625
6 0.830694810906 0.4765625 0.104661389622 0.13125
6 0.909850483729 0.33203125 0.0817941952507 0.1046875
0 0.901934916447 0.3984375 0.0325417766051 0.046875
0 0.957783641161 0.22734375 0.0263852242744 0.0390625
0 0.0290237467018 0.0578125 0.0351802990325 0.04375
