0 0.9397537379067723 0.50625 0.03605980650835532 0.046875
0 0.8025505716798593 0.56015625 0.03430079155672824 0.0484375
0 0.7642919964819701 0.65625 0.03869832893579596 0.05
0 0.671943711521548 0.70703125 0.03869832893579596 0.0546875
0 0.6697449428320141 0.8304687500000001 0.04133685136323659 0.060937500000000006
6 0.7950747581354441 0.68359375 0.11961301671064205 0.15781250000000002
0 0.886103781882146 0.7546875000000001 0.03430079155672824 0.05625
0 0.7594547053649956 0.9343750000000001 0.0395778364116095 0.059375000000000004
0 0.9912049252418647 0.5632812500000001 0.0158311345646438 0.045312500000000006
0 0.11477572559366755 0.81640625 0.03605980650835532 0.029687500000000002
