0 0.461741424802 0.1453125 0.0193491644679 0.04375
3 0.533421284081 0.2390625 0.0307827616535 0.040625
0 0.729551451187 0.2953125 0.0184696569921 0.034375
0 0.786279683377 0.21328125 0.0211081794195 0.0328125
0 0.712840809147 0.3203125 0.0219876868953 0.034375
0 0.631926121372 0.4359375 0.0272647317502 0.04375
0 0.607299912049 0.47265625 0.0272647317502 0.0453125
0 0.580914687775 0.509375 0.0290237467018 0.05
3 0.414687774846 0.74296875 0.0325417766051 0.0546875
0 0.675901495163 0.71015625 0.03781882146 0.0609375
0 0.801671064204 0.62734375 0.0272647317502 0.0453125
0 0.557167985928 0.5546875 0.0255057167986 0.04375
0 0.523306948109 0.58828125 0.0246262093228 0.0515625
0 0.871152154793 0.44453125 0.0219876868953 0.0390625
3 0.920404573439 0.359375 0.0255057167986 0.04375
2 0.492084432718 0.559375 0.0343007915567 0.053125
2 0.55672823219 0.28203125 0.0299032541777 0.0359375
