3 0.177220756376 0.61015625 0.0624450307828 0.0703125
6 0.167546174142 0.828125 0.0958663148637 0.096875
0 0.303430079156 0.72421875 0.0422163588391 0.0484375
0 0.314423922603 0.47421875 0.0395778364116 0.0640625
0 0.390941072999 0.340625 0.0219876868953 0.06875
5 0.399296394019 0.1046875 0.0351802990325 0.140625
0 0.343447669305 0.20859375 0.0167106420405 0.0609375
0 0.0259454705365 0.77265625 0.0395778364116 0.0484375
0 0.664907651715 0.271875 0.0404573438874 0.05
2 0.727352682498 0.2171875 0.0492524186456 0.065625
2 0.782321899736 0.1734375 0.0554089709763 0.071875
