0 0.511433597186 0.4453125 0.0219876868953 0.028125
6 0.564643799472 0.47109375 0.0932277924362 0.1109375
5 0.558047493404 0.5234375 0.0536499560246 0.078125
2 0.660070360598 0.41953125 0.0413368513632 0.0671875
0 0.658751099384 0.38125 0.028144239226 0.04375
3 0.650835532102 0.51640625 0.0404573438874 0.0578125
3 0.569041336851 0.634375 0.0246262093228 0.046875
3 0.637203166227 0.88828125 0.0272647317502 0.0484375
3 0.746701846966 0.30078125 0.0545294635004 0.0640625
0 0.741864555849 0.44609375 0.0290237467018 0.0421875
2 0.782321899736 0.37578125 0.0395778364116 0.0484375
3 0.865875109938 0.2875 0.0255057167986 0.03125
6 0.830255057168 0.36875 0.07563764292 0.1
0 0.129287598945 0.41015625 0.0263852242744 0.0421875
2 0.270008795075 0.5578125 0.0527704485488 0.09375
0 0.54001759015 0.7703125 0.0228671943712 0.065625
2 0.445910290237 0.915625 0.0510114335972 0.165625
0 0.478452066843 0.9265625 0.028144239226 0.0875
