3 0.07431838170624451 0.353125 0.048372911169744945 0.05
3 0.2827616534740545 0.4578125 0.051890941072999124 0.053125000000000006
6 0.3970976253298153 0.515625 0.0870712401055409 0.078125
0 0.20140721196130168 0.42578125 0.04221635883905013 0.0390625
0 0.4340369393139842 0.6140625000000001 0.0395778364116095 0.05
0 0.6051011433597185 0.49296875 0.036939313984168866 0.045312500000000006
0 0.6108179419525066 0.19062500000000002 0.02550571679859279 0.05
0 0.9252418645558488 0.9695312500000001 0.03518029903254178 0.0578125
0 0.8702726473175022 0.9554687500000001 0.0395778364116095 0.0765625
0 0.8324538258575198 0.96796875 0.0395778364116095 0.060937500000000006
