0 0.11213720316622691 0.7484375000000001 0.04133685136323659 0.040625
0 0.30167106420404577 0.7562500000000001 0.04221635883905013 0.05
0 0.3372911169744943 0.46875 0.03605980650835532 0.07187500000000001
0 0.39973614775725597 0.31171875000000004 0.02198768689533861 0.06406250000000001
0 0.34256816182937555 0.24453125 0.016710642040457344 0.0578125
5 0.3935795954265611 0.08203125 0.03430079155672824 0.1328125
0 0.6662269129287599 0.30625 0.0395778364116095 0.046875
2 0.7805628847845207 0.20703125 0.05716798592788039 0.0703125
2 0.7264731750219877 0.25234375000000003 0.04925241864555849 0.0671875
6 0.14731750219876869 0.8695312500000001 0.09410729991204926 0.0921875
