0 0.322339489886 0.51953125 0.0255057167986 0.0421875
2 0.361917326297 0.4640625 0.0536499560246 0.084375
0 0.0861917326297 0.125 0.0246262093228 0.034375
3 0.626209322779 0.63203125 0.0527704485488 0.0359375
3 0.775725593668 0.50703125 0.0299032541777 0.0390625
3 0.928759894459 0.23046875 0.0474934036939 0.0609375
2 0.90765171504 0.2890625 0.0369393139842 0.053125
5 0.790677220756 0.4109375 0.0545294635004 0.08125
0 0.816622691293 0.34296875 0.0290237467018 0.0390625
6 0.717678100264 0.440625 0.0967458223395 0.11875
6 0.807387862797 0.5328125 0.0844327176781 0.1125
0 0.985927880387 0.28359375 0.0263852242744 0.0421875
3 0.703605980651 0.97421875 0.0228671943712 0.0484375
3 0.812225153914 0.88671875 0.0325417766051 0.0515625
2 0.706244503078 0.58359375 0.0492524186456 0.0578125
0 0.711081794195 0.6421875 0.0360598065084 0.046875
