3 0.9639401934916447 0.21250000000000002 0.04925241864555849 0.059375000000000004
2 0.9569041336851364 0.25703125 0.040457343887423045 0.060937500000000006
0 0.8491644678979772 0.33125000000000004 0.02726473175021988 0.037500000000000006
0 0.9656992084432718 0.32734375000000004 0.03342128408091469 0.045312500000000006
6 0.7493403693931399 0.434375 0.08970976253298153 0.115625
6 0.7999120492524187 0.56796875 0.08003518029903255 0.11093750000000001
3 0.762532981530343 0.5484375 0.0316622691292876 0.043750000000000004
5 0.8474054529463501 0.37812500000000004 0.05013192612137203 0.08125
0 0.6688654353562006 0.4265625 0.02198768689533861 0.034375
2 0.7018469656992085 0.6062500000000001 0.05101143359718558 0.05
0 0.7084432717678101 0.671875 0.03430079155672824 0.043750000000000004
3 0.617854001759015 0.6328125 0.044854881266490766 0.034375
0 0.2880386983289358 0.4265625 0.0237467018469657 0.040625
2 0.36631486367634125 0.43984375000000003 0.05013192612137203 0.08281250000000001
0 0.06420404573438875 0.06406250000000001 0.021108179419525065 0.034375
3 0.8460861917326298 0.88828125 0.03342128408091469 0.0484375
