3 0.02946350043975374 0.77890625 0.05892700087950748 0.0703125
0 0.19744942832014073 0.64609375 0.04133685136323659 0.0546875
0 0.32102022867194374 0.5765625 0.036939313984168866 0.0625
5 0.40017590149516274 0.34609375000000003 0.029903254177660512 0.1328125
0 0.34740545294635006 0.27421875 0.0158311345646438 0.0578125
6 0.20712401055408972 0.85859375 0.09410729991204926 0.09531250000000001
0 0.30299032541776605 0.7937500000000001 0.044854881266490766 0.05
0 0.6653474054529463 0.33906250000000004 0.03781882145998241 0.05
2 0.7801231310466139 0.23984375000000002 0.056288478452066845 0.0703125
2 0.7251539138082674 0.28671875 0.04661389621811786 0.06406250000000001
