0 0.0536499560246 0.553125 0.0263852242744 0.04375
2 0.119173262973 0.57265625 0.0501319261214 0.0859375
2 0.211081794195 0.64453125 0.0510114335972 0.1328125
0 0.249340369393 0.65625 0.0255057167986 0.059375
0 0.274846086192 0.7859375 0.0219876868953 0.065625
2 0.485488126649 0.471875 0.0422163588391 0.0625
0 0.526385224274 0.396875 0.0255057167986 0.034375
3 0.589709762533 0.3421875 0.0571679859279 0.065625
3 0.639841688654 0.4046875 0.0255057167986 0.034375
3 0.711081794195 0.33359375 0.03781882146 0.0484375
0 0.598065083553 0.484375 0.0263852242744 0.0375
5 0.405892700088 0.54453125 0.0589270008795 0.0765625
6 0.425241864556 0.4859375 0.0976253298153 0.109375
3 0.465259454705 0.915625 0.0263852242744 0.046875
2 0.908531222515 0.14375 0.0351802990325 0.05
0 0.850043975374 0.20859375 0.0272647317502 0.0359375
6 0.880826737027 0.21328125 0.0729991204925 0.0921875
3 0.992084432718 0.0625 0.014072119613 0.028125
