0 0.10686015831134565 0.18671875000000002 0.0237467018469657 0.035937500000000004
2 0.3531222515391381 0.48671875000000003 0.0554089709762533 0.0921875
3 0.6627088830255058 0.9226562500000001 0.02550571679859279 0.0671875
3 0.7796833773087072 0.8835937500000001 0.030782761653474055 0.051562500000000004
3 0.6314863676341249 0.6203125 0.052770448548812667 0.043750000000000004
2 0.7167985927880387 0.54609375 0.04221635883905013 0.06406250000000001
6 0.8144239226033422 0.49531250000000004 0.08267370272647317 0.1125
0 0.7150395778364116 0.6109375 0.0316622691292876 0.046875
3 0.7875989445910291 0.46875 0.032541776605101144 0.037500000000000006
5 0.7361477572559367 0.44921875 0.056288478452066845 0.0765625
6 0.6917326297273527 0.45 0.09410729991204926 0.109375
2 0.8540017590149517 0.321875 0.040457343887423045 0.065625
3 0.8948988566402815 0.24453125 0.05364995602462621 0.060937500000000006
0 0.7840809146877749 0.3515625 0.029023746701846966 0.040625
