0 0.431398416887 0.45078125 0.023746701847 0.0265625
6 0.481970096746 0.47578125 0.0967458223395 0.1109375
2 0.550131926121 0.45625 0.0413368513632 0.065625
3 0.647757255937 0.3296875 0.0571679859279 0.06875
3 0.598504837291 0.49140625 0.0272647317502 0.0421875
3 0.684696569921 0.4046875 0.0360598065084 0.05625
3 0.94327176781 0.1453125 0.0272647317502 0.03125
2 0.860598065084 0.23359375 0.03781882146 0.0546875
6 0.859718557608 0.271875 0.0747581354442 0.0875
0 0.796833773087 0.30078125 0.0263852242744 0.0359375
0 0.579595426561 0.3890625 0.0299032541777 0.040625
0 0.54837291117 0.578125 0.0307827616535 0.04375
5 0.467018469657 0.5375 0.0580474934037 0.084375
2 0.308267370273 0.74765625 0.0466138962181 0.1515625
0 0.345646437995 0.76015625 0.0228671943712 0.0671875
0 0.368953386104 0.90625 0.0219876868953 0.06875
3 0.536939313984 0.90625 0.0272647317502 0.04375
0 0.0976253298153 0.51015625 0.0263852242744 0.0484375
2 0.182937554969 0.55859375 0.0510114335972 0.0890625
