2 0.34916446789797717 0.3453125 0.05101143359718558 0.08125
3 0.5628847845206685 0.60078125 0.04397537379067722 0.0546875
2 0.6684256816182937 0.62890625 0.04925241864555849 0.051562500000000004
0 0.39226033421284084 0.51484375 0.026385224274406333 0.0421875
0 0.47141600703605985 0.57265625 0.028144239226033423 0.045312500000000006
0 0.17766051011433598 0.1796875 0.021108179419525065 0.037500000000000006
3 0.7339489885664029 0.62890625 0.03605980650835532 0.0328125
6 0.7730870712401056 0.6664062500000001 0.09146877748460862 0.1078125
0 0.6723834652594547 0.7234375000000001 0.03781882145998241 0.028125
6 0.8311345646437995 0.40156250000000004 0.08619173262972736 0.115625
0 0.7247141600703606 0.4234375 0.026385224274406333 0.03125
0 0.9261213720316623 0.30000000000000004 0.026385224274406333 0.034375
0 0.9560246262093228 0.39921875 0.028144239226033423 0.0390625
0 0.8878627968337731 0.48125 0.03605980650835532 0.05
5 0.9876868953386104 0.26796875000000003 0.022867194371152155 0.060937500000000006
5 0.9419525065963061 0.9203125000000001 0.03342128408091469 0.053125000000000006
