2 0.5853122251539138 0.44765625000000003 0.044854881266490766 0.06406250000000001
3 0.6807387862796834 0.31875000000000003 0.05804749340369393 0.065625
3 0.671943711521548 0.44062500000000004 0.040457343887423045 0.059375000000000004
0 0.7744063324538258 0.3484375 0.02550571679859279 0.03125
2 0.8333333333333334 0.2765625 0.03781882145998241 0.05625
3 0.9160070360598066 0.19140625 0.02550571679859279 0.0421875
6 0.8482849604221636 0.30312500000000003 0.07475813544415127 0.09062500000000001
3 0.5817941952506597 0.5390625 0.029023746701846966 0.046875
0 0.532981530343008 0.628125 0.028144239226033423 0.05
6 0.5105540897097626 0.4734375 0.09234828496042216 0.10625000000000001
0 0.6055408970976254 0.38593750000000004 0.02726473175021988 0.040625
5 0.4973614775725594 0.53359375 0.05716798592788039 0.0859375
0 0.11389621811785401 0.48046875 0.0237467018469657 0.0421875
2 0.21240105540897097 0.56171875 0.05716798592788039 0.09843750000000001
2 0.3544415127528584 0.7992187500000001 0.04573438874230431 0.1640625
0 0.3913808267370273 0.815625 0.026385224274406333 0.07187500000000001
0 0.415127528583993 0.9632812500000001 0.024626209322779244 0.0703125
0 0.4569041336851363 0.44843750000000004 0.020228671943711522 0.03125
3 0.5708003518029904 0.89765625 0.026385224274406333 0.0484375
