2 0.9665787159190854 0.07500000000000001 0.03342128408091469 0.046875
0 0.9072119613016711 0.13593750000000002 0.0237467018469657 0.028125
6 0.9063324538258576 0.16718750000000002 0.06772207563764292 0.08125
3 0.7436235708003518 0.28125 0.032541776605101144 0.043750000000000004
3 0.6772207563764292 0.34609375000000003 0.024626209322779244 0.035937500000000004
0 0.6618293755496922 0.39921875 0.029023746701846966 0.035937500000000004
3 0.5360598065083554 0.36796875 0.0554089709762533 0.0671875
0 0.4705364995602463 0.42265625 0.029903254177660512 0.0390625
2 0.4230430958663149 0.49843750000000003 0.04221635883905013 0.065625
6 0.3619173262972735 0.5109375 0.10642040457343888 0.1125
5 0.34300791556728233 0.57421875 0.056288478452066845 0.08281250000000001
0 0.31310466138962184 0.48359375000000004 0.022867194371152155 0.035937500000000004
2 0.05057167985927881 0.60078125 0.05013192612137203 0.0890625
2 0.10070360598065084 0.56875 0.0554089709762533 0.12187500000000001
0 0.1424802110817942 0.571875 0.028144239226033423 0.05625
0 0.17634124890061567 0.69296875 0.02198768689533861 0.0578125
3 0.3927000879507476 0.95625 0.02726473175021988 0.046875
6 0.2660510114335972 0.9390625 0.03605980650835532 0.11875000000000001
