2 0.157871591909 0.59765625 0.0536499560246 0.1234375
0 0.197889182058 0.60859375 0.0263852242744 0.0546875
0 0.22691292876 0.73515625 0.0211081794195 0.0609375
0 0.023746701847 0.56953125 0.028144239226 0.0484375
2 0.0879507475814 0.58125 0.0510114335972 0.09375
0 0.343447669305 0.46484375 0.0255057167986 0.0328125
0 0.499120492524 0.40703125 0.0290237467018 0.0390625
2 0.452946350044 0.48203125 0.0404573438874 0.0671875
6 0.394459102902 0.49296875 0.101143359719 0.1078125
5 0.375109938434 0.55390625 0.0589270008795 0.0828125
6 0.890501319261 0.18671875 0.0694810905893 0.0828125
0 0.877308707124 0.16640625 0.023746701847 0.0296875
3 0.725153913808 0.3015625 0.0343007915567 0.04375
3 0.657431838171 0.36953125 0.0255057167986 0.0328125
0 0.627528583993 0.43671875 0.0272647317502 0.0328125
2 0.93491644679 0.10546875 0.0351802990325 0.0484375
3 0.562884784521 0.34921875 0.0562884784521 0.0671875
3 0.427880386983 0.93125 0.0272647317502 0.040625
6 0.302110817942 0.95703125 0.0413368513632 0.0828125
