0 0.0712401055408971 0.2671875 0.03518029903254178 0.037500000000000006
0 0.08531222515391382 0.38984375000000004 0.03869832893579596 0.0421875
0 0.23614775725593667 0.52734375 0.0395778364116095 0.045312500000000006
0 0.4278803869832894 0.5164062500000001 0.03781882145998241 0.035937500000000004
0 0.5162708883025506 0.16875 0.021108179419525065 0.043750000000000004
3 0.1569920844327177 0.42109375000000004 0.0554089709762533 0.0578125
6 0.26824978012313105 0.47890625000000003 0.08267370272647317 0.08281250000000001
0 0.7616534740545295 0.9328125 0.040457343887423045 0.07500000000000001
0 0.7225153913808268 0.946875 0.03781882145998241 0.07500000000000001
0 0.8355321020228672 0.9828125000000001 0.026385224274406333 0.03125
