0 0.130606860158 0.36328125 0.0255057167986 0.0453125
2 0.295074758135 0.54375 0.051890941073 0.1
3 0.57343887423 0.7 0.028144239226 0.053125
3 0.641600703606 0.55078125 0.0413368513632 0.0546875
3 0.782321899736 0.284375 0.0571679859279 0.071875
3 0.841248900616 0.33671875 0.0290237467018 0.0390625
6 0.823658751099 0.40859375 0.0765171503958 0.1015625
2 0.757695690413 0.42734375 0.0430958663149 0.0609375
0 0.730430958663 0.49609375 0.0272647317502 0.0359375
2 0.702286719437 0.40234375 0.0413368513632 0.0640625
0 0.683817062445 0.38046875 0.0290237467018 0.0453125
6 0.589270008795 0.46875 0.0967458223395 0.115625
5 0.59234828496 0.51171875 0.0554089709763 0.0828125
3 0.669744942832 0.88671875 0.0272647317502 0.0453125
0 0.565963060686 0.86015625 0.0184696569921 0.0671875
2 0.486367634125 0.9421875 0.0386983289358 0.1125
0 0.522427440633 0.96640625 0.0246262093228 0.0640625
