0 0.20800351802990327 0.7664062500000001 0.02550571679859279 0.035937500000000004
0 0.3913808267370273 0.6890625 0.03518029903254178 0.046875
2 0.3306948109058927 0.7921875 0.0474934036939314 0.078125
3 0.4656992084432718 0.6171875 0.06420404573438875 0.084375
6 0.26209322779243627 0.8054687500000001 0.11785400175901496 0.1328125
5 0.23526824978012315 0.88984375 0.06420404573438875 0.09843750000000001
6 0.2502198768689534 0.978125 0.04133685136323659 0.040625
0 0.9366754617414248 0.3171875 0.026385224274406333 0.034375
3 0.9287598944591029 0.284375 0.0316622691292876 0.05
3 0.8601583113456465 0.35859375000000004 0.022867194371152155 0.035937500000000004
