0 0.26341248900615655 0.1375 0.020228671943711522 0.053125000000000006
6 0.3566402814423923 0.58828125 0.10642040457343888 0.2109375
6 0.4283201407211962 0.1796875 0.0474934036939314 0.215625
0 0.30255057167985927 0.08281250000000001 0.026385224274406333 0.0625
0 0.7629727352682498 0.026562500000000003 0.0395778364116095 0.043750000000000004
0 0.7348284960422163 0.08984375 0.0395778364116095 0.0390625
0 0.726033421284081 0.1453125 0.0395778364116095 0.040625
0 0.781882145998241 0.11640625 0.03518029903254178 0.0421875
0 0.8368513632365876 0.08203125 0.03430079155672824 0.035937500000000004
0 0.9032541776605102 0.03828125 0.04221635883905013 0.0390625
0 0.9520668425681619 0.17500000000000002 0.03781882145998241 0.043750000000000004
6 0.19129287598944592 0.91796875 0.09938434476693052 0.1609375
0 0.8887423043095867 0.30781250000000004 0.03781882145998241 0.043750000000000004
