2 0.0351802990325 0.37578125 0.0263852242744 0.0609375
3 0.0576077396658 0.30625 0.0219876868953 0.053125
2 0.0505716798593 0.5484375 0.0290237467018 0.0875
0 0.00615655233069 0.5921875 0.0123131046614 0.03125
0 0.177660510114 0.5546875 0.0299032541777 0.028125
0 0.145998240985 0.5640625 0.0299032541777 0.03125
0 0.299032541777 0.5296875 0.0334212840809 0.028125
0 0.157431838171 0.7796875 0.0422163588391 0.040625
0 0.240985048373 0.75234375 0.0386983289358 0.0359375
0 0.30255057168 0.73671875 0.0386983289358 0.0328125
0 0.354881266491 0.73046875 0.0395778364116 0.0390625
0 0.414687774846 0.71796875 0.0413368513632 0.0359375
0 0.366314863676 0.784375 0.0413368513632 0.0375
0 0.267370272647 0.79765625 0.0404573438874 0.0421875
0 0.0791556728232 0.86015625 0.0457343887423 0.0359375
0 0.47273526825 0.74140625 0.0430958663149 0.0390625
5 0.599824098505 0.85 0.0791556728232 0.075
0 0.719437115215 0.95859375 0.0404573438874 0.0609375
3 0.787598944591 0.57265625 0.0272647317502 0.0390625
0 0.894019349164 0.8734375 0.0272647317502 0.053125
0 0.860158311346 0.95078125 0.0351802990325 0.0734375
3 0.877748460862 0.29375 0.0351802990325 0.05625
2 0.772647317502 0.33671875 0.0272647317502 0.0484375
0 0.78364116095 0.37109375 0.0299032541777 0.0453125
