6 0.357959542656 0.5015625 0.0703605980651 0.1625
6 0.448988566403 0.88515625 0.0466138962181 0.2265625
0 0.281002638522 0.74140625 0.0167106420405 0.0515625
0 0.297713280563 0.58125 0.0202286719437 0.05
0 0.325857519789 0.68984375 0.023746701847 0.0609375
0 0.105980650836 0.05078125 0.0184696569921 0.0390625
0 0.772647317502 0.64375 0.03781882146 0.0375
0 0.756816182938 0.7046875 0.0395778364116 0.040625
0 0.751099384345 0.76015625 0.0404573438874 0.0390625
0 0.911169744943 0.6609375 0.0369393139842 0.0375
0 0.857519788918 0.69921875 0.0369393139842 0.0390625
0 0.804749340369 0.7328125 0.0369393139842 0.04375
0 0.932277924362 0.94296875 0.0422163588391 0.0359375
