0 0.448548812665 0.49453125 0.0369393139842 0.0578125
0 0.484168865435 0.359375 0.0395778364116 0.059375
0 0.63236587511 0.2046875 0.0422163588391 0.05
0 0.738786279683 0.26328125 0.0351802990325 0.0421875
0 0.821020228672 0.159375 0.0395778364116 0.0375
0 0.900615655233 0.190625 0.0369393139842 0.0375
0 0.970976253298 0.15703125 0.0422163588391 0.0390625
0 0.960861917326 0.04296875 0.0395778364116 0.0390625
0 0.354441512753 0.12421875 0.0193491644679 0.0546875
0 0.398856640281 0.07109375 0.0272647317502 0.0671875
0 0.987247141601 0.42421875 0.023746701847 0.0296875
