0 0.39489885664 0.6796875 0.0369393139842 0.053125
0 0.474054529464 0.51953125 0.0404573438874 0.0484375
0 0.293315743184 0.7125 0.0395778364116 0.06875
0 0.364116094987 0.22890625 0.028144239226 0.0703125
0 0.304309586631 0.009375 0.0228671943712 0.01875
0 0.341688654354 0.1234375 0.0272647317502 0.0625
0 0.32145998241 0.2796875 0.0202286719437 0.059375
0 0.672823218997 0.27578125 0.0334212840809 0.0328125
0 0.665787159191 0.4421875 0.0386983289358 0.0375
3 0.931398416887 0.33359375 0.0492524186456 0.0453125
0 0.752858399296 0.39453125 0.0439753737907 0.0421875
0 0.964819700967 0.5875 0.0422163588391 0.040625
