0 0.1820580474934037 0.9390625 0.03869832893579596 0.07500000000000001
0 0.35883905013192613 0.58984375 0.03869832893579596 0.060937500000000006
0 0.4604221635883905 0.57578125 0.03781882145998241 0.0546875
0 0.5413368513632366 0.44140625 0.03781882145998241 0.045312500000000006
0 0.3218997361477573 0.2578125 0.022867194371152155 0.053125000000000006
0 0.3438874230430959 0.096875 0.024626209322779244 0.0625
0 0.36807387862796836 0.203125 0.02550571679859279 0.07187500000000001
0 0.7229551451187335 0.24453125 0.03342128408091469 0.029687500000000002
0 0.7189973614775725 0.38906250000000003 0.04133685136323659 0.043750000000000004
0 0.8038698328935796 0.35000000000000003 0.040457343887423045 0.037500000000000006
3 0.965259454705365 0.29609375 0.05013192612137203 0.051562500000000004
0 0.9639401934916447 0.5625 0.040457343887423045 0.034375
