3 0.24362357080035182 0.030468750000000003 0.01934916446789798 0.045312500000000006
3 0.1851363236587511 0.06406250000000001 0.0237467018469657 0.034375
0 0.27088830255057167 0.15078125 0.022867194371152155 0.029687500000000002
0 0.29375549692172387 0.18125000000000002 0.024626209322779244 0.03125
0 0.3245382585751979 0.20390625 0.028144239226033423 0.035937500000000004
0 0.35224274406332456 0.22968750000000002 0.02726473175021988 0.034375
0 0.3799472295514512 0.25703125 0.026385224274406333 0.035937500000000004
2 0.4670184696569921 0.1296875 0.01934916446789798 0.0625
2 0.41600703605980655 0.28046875 0.036939313984168866 0.0734375
3 0.5 0.0921875 0.014951627088830256 0.043750000000000004
0 0.484608619173263 0.35859375000000004 0.028144239226033423 0.035937500000000004
0 0.5079155672823219 0.37890625 0.0237467018469657 0.0328125
0 0.6037818821459983 0.46953125 0.030782761653474055 0.0421875
0 0.44239226033421286 0.5359375000000001 0.03342128408091469 0.046875
0 0.4419525065963061 0.58984375 0.032541776605101144 0.0484375
0 0.34476693051890944 0.44296875 0.03342128408091469 0.0484375
0 0.24934036939313986 0.39765625000000004 0.032541776605101144 0.0484375
0 0.2691292875989446 0.51015625 0.03518029903254178 0.0484375
0 0.51363236587511 0.66796875 0.03342128408091469 0.051562500000000004
0 0.5369393139841689 0.63203125 0.03430079155672824 0.0484375
0 0.5826737027264732 0.68671875 0.03605980650835532 0.051562500000000004
0 0.5976253298153035 0.753125 0.0395778364116095 0.05625
0 0.6328056288478452 0.74140625 0.03781882145998241 0.0546875
5 0.6376429199648197 0.875 0.07036059806508356 0.115625
