6 0.243183817062 0.7390625 0.11345646438 0.215625
6 0.410729991205 0.3765625 0.0826737027265 0.20625
0 0.571679859279 0.37734375 0.0386983289358 0.0484375
3 0.748021108179 0.26953125 0.0395778364116 0.0453125
0 0.807387862797 0.1625 0.0334212840809 0.0375
0 0.71855760774 0.0859375 0.0369393139842 0.04375
0 0.743183817062 0.021875 0.0386983289358 0.04375
0 0.783201407212 0.04921875 0.0343007915567 0.0390625
0 0.869393139842 0.01171875 0.0325417766051 0.0234375
0 0.969656992084 0.13203125 0.0395778364116 0.0390625
0 0.98944591029 0.17421875 0.0193491644679 0.0359375
0 0.256816182938 0.071875 0.0246262093228 0.053125
6 0.120492524186 0.97265625 0.0439753737907 0.0515625
0 0.876429199648 0.246875 0.0360598065084 0.034375
