6 0.39182058047493407 0.43203125000000003 0.06244503078276166 0.15156250000000002
6 0.49032541776605104 0.8296875 0.03605980650835532 0.22812500000000002
0 0.34784520668425684 0.5710937500000001 0.020228671943711522 0.0546875
0 0.37423043095866315 0.6804687500000001 0.02198768689533861 0.0546875
0 0.32541776605101147 0.72421875 0.01759014951627089 0.051562500000000004
0 0.8249780123131047 0.7054687500000001 0.04221635883905013 0.0390625
0 0.19437115215479334 0.06015625 0.01759014951627089 0.0390625
0 0.8073878627968338 0.76328125 0.040457343887423045 0.035937500000000004
0 0.7990325417766051 0.8210937500000001 0.04133685136323659 0.0390625
0 0.8562005277044855 0.7976562500000001 0.03605980650835532 0.035937500000000004
0 0.9696569920844328 0.74375 0.03781882145998241 0.037500000000000006
0 0.9111697449428321 0.775 0.03518029903254178 0.034375
