6 0.2963940193491645 0.059375000000000004 0.05101143359718558 0.11875000000000001
6 0.4195250659630607 0.41953125 0.06508355321020229 0.15781250000000002
0 0.26341248900615655 0.1796875 0.020228671943711522 0.043750000000000004
0 0.3328935795954266 0.4140625 0.0237467018469657 0.05625
0 0.4102902374670185 0.6515625 0.02198768689533861 0.05
0 0.4340369393139842 0.759375 0.0237467018469657 0.059375000000000004
0 0.38742304309586634 0.81015625 0.020228671943711522 0.0546875
6 0.5417766051011433 0.790625 0.05804749340369393 0.23125
0 0.9045734388742305 0.784375 0.04309586631486368 0.040625
0 0.8834652594547054 0.84921875 0.04133685136323659 0.0390625
0 0.8693931398416886 0.915625 0.044854881266490766 0.043750000000000004
0 0.9415127528583993 0.88984375 0.03781882145998241 0.0390625
0 0.9890061565523307 0.8679687500000001 0.018469656992084433 0.0328125
