6 0.534740545295 0.78046875 0.0351802990325 0.2234375
6 0.436235708004 0.37109375 0.0562884784521 0.1609375
0 0.409850483729 0.578125 0.0211081794195 0.05625
0 0.428320140721 0.68515625 0.0228671943712 0.0640625
0 0.380386983289 0.721875 0.0184696569921 0.05
0 0.888302550572 0.79609375 0.0404573438874 0.0390625
0 0.866314863676 0.84921875 0.0439753737907 0.0359375
0 0.917326297274 0.90078125 0.0369393139842 0.0328125
0 0.976693051891 0.8859375 0.0395778364116 0.034375
0 0.856200527704 0.9078125 0.0430958663149 0.040625
0 0.289797713281 0.0828125 0.0167106420405 0.04375
