6 0.14291996481970098 0.91328125 0.1029023746701847 0.1703125
6 0.3056288478452067 0.6046875 0.10466138962181179 0.203125
6 0.43271767810026385 0.21796875000000002 0.03869832893579596 0.2171875
0 0.26077396657871593 0.06406250000000001 0.02198768689533861 0.05625
0 0.7810026385224275 0.21875 0.03869832893579596 0.040625
0 0.7774846086191733 0.051562500000000004 0.03342128408091469 0.040625
0 0.8298153034300791 0.02109375 0.032541776605101144 0.0421875
0 0.731750219876869 0.025781250000000002 0.03869832893579596 0.0390625
0 0.7207563764291997 0.07968750000000001 0.04309586631486368 0.043750000000000004
3 0.9714160070360599 0.12812500000000002 0.04133685136323659 0.037500000000000006
0 0.9894459102902375 0.17109375000000002 0.01934916446789798 0.026562500000000003
0 0.8768689533861038 0.24531250000000002 0.03869832893579596 0.040625
