0 0.0444151275286 0.0484375 0.0272647317502 0.04375
0 0.203605980651 0.2328125 0.0255057167986 0.05
0 0.273526824978 0.3390625 0.0299032541777 0.05
2 0.366314863676 0.23828125 0.0413368513632 0.0484375
2 0.447669305189 0.0984375 0.0228671943712 0.059375
2 0.270888302551 0.03515625 0.028144239226 0.0453125
0 0.256816182938 0.0765625 0.0193491644679 0.03125
0 0.275725593668 0.10859375 0.0219876868953 0.0328125
0 0.301671064204 0.1390625 0.0263852242744 0.0375
0 0.325857519789 0.16953125 0.0272647317502 0.0359375
0 0.348284960422 0.20078125 0.0228671943712 0.0359375
0 0.439753737907 0.3296875 0.0228671943712 0.0375
0 0.459542656113 0.35625 0.023746701847 0.034375
0 0.543975373791 0.47265625 0.0290237467018 0.0484375
0 0.381706244503 0.49609375 0.0299032541777 0.0515625
0 0.313544415128 0.4546875 0.0325417766051 0.05
0 0.3781882146 0.55703125 0.0316622691293 0.0546875
0 0.49164467898 0.67265625 0.0316622691293 0.0578125
0 0.536499560246 0.7421875 0.0351802990325 0.06875
0 0.466578715919 0.68984375 0.0360598065084 0.0609375
0 0.499120492524 0.8265625 0.0325417766051 0.0625
5 0.438874230431 0.73203125 0.0650835532102 0.1171875
3 0.574318381706 0.8671875 0.0351802990325 0.059375
3 0.485488126649 0.07265625 0.0211081794195 0.0484375
0 0.211521547933 0.4171875 0.0307827616535 0.053125
