0 0.243183817062 0.08671875 0.0167106420405 0.0359375
0 0.311345646438 0.31875 0.0193491644679 0.05
6 0.374670184697 0.2703125 0.0615655233069 0.1375
6 0.513192612137 0.66015625 0.0747581354442 0.1796875
0 0.429639401935 0.68203125 0.023746701847 0.0546875
0 0.408970976253 0.83984375 0.0175901495163 0.0546875
0 0.455145118734 0.7875 0.023746701847 0.065625
0 0.928759894459 0.81171875 0.0404573438874 0.0421875
0 0.912049252419 0.875 0.0422163588391 0.040625
0 0.967018469657 0.91640625 0.03781882146 0.0359375
0 0.906332453826 0.940625 0.0430958663149 0.04375
6 0.595426561126 0.9859375 0.028144239226 0.025
