0 0.26473175022 0.38046875 0.0211081794195 0.0453125
0 0.510993843448 0.7265625 0.0386983289358 0.0625
6 0.390061565523 0.7203125 0.0993843447669 0.203125
0 0.210202286719 0.0734375 0.0211081794195 0.05
0 0.372471416007 0.25625 0.0219876868953 0.05
0 0.711081794195 0.51328125 0.0360598065084 0.0359375
3 0.680299032542 0.60703125 0.0395778364116 0.0421875
0 0.861477572559 0.4875 0.03781882146 0.034375
0 0.709322779244 0.39375 0.03781882146 0.0375
0 0.734828496042 0.3328125 0.0360598065084 0.04375
0 0.777044854881 0.35625 0.0343007915567 0.034375
0 0.846965699208 0.23359375 0.0369393139842 0.0421875
0 0.868513632366 0.30703125 0.0343007915567 0.0359375
0 0.979771328056 0.240625 0.0351802990325 0.034375
0 0.977572559367 0.47578125 0.0307827616535 0.0296875
0 0.991204925242 0.10859375 0.0158311345646 0.0328125
0 0.86763412489 0.5453125 0.0343007915567 0.040625
