0 0.421723834653 0.09453125 0.0219876868953 0.0328125
0 0.440193491645 0.13203125 0.0219876868953 0.0328125
0 0.465259454705 0.1640625 0.0246262093228 0.0375
0 0.488566402814 0.196875 0.023746701847 0.040625
0 0.510993843448 0.23203125 0.0246262093228 0.0390625
2 0.612576956904 0.13984375 0.023746701847 0.0578125
3 0.650395778364 0.1140625 0.0202286719437 0.05
2 0.541336851363 0.27265625 0.0430958663149 0.0578125
0 0.599384344767 0.36953125 0.023746701847 0.0359375
0 0.620052770449 0.403125 0.0228671943712 0.040625
0 0.707563764292 0.53046875 0.0290237467018 0.0484375
0 0.509234828496 0.4859375 0.028144239226 0.05
0 0.51671064204 0.5546875 0.0307827616535 0.05625
0 0.433597185576 0.36015625 0.028144239226 0.0515625
0 0.338610378188 0.26015625 0.0263852242744 0.0515625
0 0.378627968338 0.43359375 0.0290237467018 0.0546875
2 0.436675461741 0.05625 0.0255057167986 0.05
0 0.717678100264 0.0328125 0.0299032541777 0.03125
0 0.608619173263 0.646875 0.0316622691293 0.05625
0 0.573878627968 0.6609375 0.0307827616535 0.059375
0 0.657431838171 0.7375 0.0343007915567 0.065625
0 0.69964819701 0.81171875 0.03781882146 0.0671875
0 0.650835532102 0.78828125 0.0369393139842 0.0671875
5 0.660070360598 0.89296875 0.065963060686 0.1328125
