0 0.0105540897098 0.13046875 0.0211081794195 0.0453125
0 0.0479331574318 0.24921875 0.0272647317502 0.0453125
0 0.0910290237467 0.26328125 0.0290237467018 0.0453125
0 0.0259454705365 0.33671875 0.0290237467018 0.0515625
0 0.125329815303 0.38046875 0.0290237467018 0.0515625
0 0.248900615655 0.57265625 0.0316622691293 0.0546875
0 0.288038698329 0.57890625 0.0325417766051 0.0578125
0 0.328496042216 0.64375 0.0325417766051 0.05625
3 0.3109058927 0.684375 0.0290237467018 0.053125
0 0.258135444151 0.6734375 0.0307827616535 0.053125
5 0.206684256816 0.5921875 0.0633245382586 0.1125
0 0.259014951627 0.2515625 0.0202286719437 0.03125
0 0.277484608619 0.27890625 0.0219876868953 0.0359375
0 0.354441512753 0.3875 0.0246262093228 0.04375
0 0.0919085312225 0.0125 0.0219876868953 0.025
0 0.109058927001 0.04375 0.0228671943712 0.03125
0 0.132805628848 0.0703125 0.0246262093228 0.03125
0 0.155233069481 0.10078125 0.023746701847 0.0359375
0 0.176781002639 0.13046875 0.0211081794195 0.0328125
2 0.280123131047 0.03203125 0.023746701847 0.0515625
2 0.177220756376 0.1625 0.0430958663149 0.040625
6 0.0681618293755 0.0578125 0.0554089709763 0.1
2 0.902814423923 0.921875 0.0395778364116 0.0375
