0 0.2510993843447669 0.17500000000000002 0.018469656992084433 0.043750000000000004
0 0.32058047493403696 0.4078125 0.020228671943711522 0.053125000000000006
0 0.40765171503957787 0.6882812500000001 0.0237467018469657 0.0546875
0 0.43139841688654357 0.7953125000000001 0.0237467018469657 0.059375000000000004
0 0.386103781882146 0.84921875 0.01759014951627089 0.0546875
6 0.4437115215479332 0.525 0.06948109058927002 0.16562500000000002
6 0.31574318381706246 0.15078125 0.0474934036939314 0.1296875
6 0.5549692172383466 0.89765625 0.04221635883905013 0.2015625
0 0.9067722075637643 0.821875 0.04397537379067722 0.040625
0 0.8764291996481971 0.9539062500000001 0.04309586631486368 0.0421875
0 0.8887423043095867 0.8859375 0.044854881266490766 0.043750000000000004
0 0.9912049252418647 0.8992187500000001 0.0158311345646438 0.0390625
0 0.9428320140721197 0.9265625000000001 0.03869832893579596 0.037500000000000006
