2 0.4577836411609499 0.03359375 0.018469656992084433 0.0671875
6 0.4560246262093228 0.24765625000000002 0.02550571679859279 0.1546875
3 0.43755496921723835 0.037500000000000006 0.011433597185576077 0.034375
3 0.3909410729991205 0.296875 0.016710642040457344 0.065625
2 0.3438874230430959 0.33515625000000004 0.01759014951627089 0.06406250000000001
2 0.33641160949868076 0.4140625 0.016710642040457344 0.059375000000000004
0 0.3597185576077397 0.43359375 0.01759014951627089 0.0546875
0 0.3878627968337731 0.4 0.014072119613016711 0.05
3 0.3847845206684257 0.47500000000000003 0.016710642040457344 0.07187500000000001
0 0.4626209322779244 0.5203125000000001 0.01759014951627089 0.053125000000000006
0 0.5153913808267371 0.6421875 0.029903254177660512 0.053125000000000006
0 0.617854001759015 0.6765625000000001 0.02726473175021988 0.034375
