2 0.289357959543 0.34921875 0.0193491644679 0.0640625
3 0.336851363237 0.309375 0.0193491644679 0.0625
6 0.398416886544 0.34609375 0.0299032541777 0.1671875
0 0.331574318382 0.41484375 0.0175901495163 0.0515625
3 0.325857519789 0.49296875 0.0184696569921 0.0734375
0 0.301671064204 0.4515625 0.0193491644679 0.05625
2 0.279683377309 0.43203125 0.0158311345646 0.0546875
0 0.412489006157 0.61328125 0.0211081794195 0.0578125
0 0.47889182058 0.7109375 0.0307827616535 0.059375
0 0.558047493404 0.69921875 0.0272647317502 0.0359375
2 0.408531222515 0.10703125 0.0184696569921 0.0859375
3 0.387423043096 0.11875 0.0131926121372 0.040625
