3 0.9199648197009676 0.67890625 0.05101143359718558 0.045312500000000006
2 0.940193491644679 0.578125 0.036939313984168866 0.034375
0 0.9393139841688655 0.6257812500000001 0.040457343887423045 0.0328125
0 0.9784520668425682 0.665625 0.03605980650835532 0.034375
0 0.9648197009674583 0.765625 0.03869832893579596 0.03125
0 0.8117854001759015 0.76484375 0.040457343887423045 0.0390625
2 0.09938434476693052 0.07968750000000001 0.026385224274406333 0.05
2 0.2884784520668426 0.060937500000000006 0.01934916446789798 0.059375000000000004
2 0.26561125769569044 0.14140625 0.028144239226033423 0.0734375
0 0.09234828496042216 0.125 0.024626209322779244 0.028125
0 0.11829375549692173 0.14921875 0.02550571679859279 0.026562500000000003
0 0.14775725593667546 0.16484375 0.026385224274406333 0.026562500000000003
0 0.17985927880386984 0.18046875 0.029023746701846966 0.0328125
0 0.2106420404573439 0.20234375000000002 0.02550571679859279 0.0328125
0 0.31926121372031663 0.275 0.024626209322779244 0.03125
0 0.3438874230430959 0.290625 0.024626209322779244 0.03125
0 0.4415127528583993 0.35781250000000003 0.028144239226033423 0.034375
3 0.3201407211961302 0.022656250000000003 0.0158311345646438 0.045312500000000006
0 0.11125769569041337 0.465625 0.03605980650835532 0.040625
0 0.3487247141600704 0.6015625 0.03605980650835532 0.043750000000000004
3 0.0554089709762533 0.01640625 0.021108179419525065 0.0328125
