0 0.02154793315743184 0.75 0.03430079155672824 0.040625
0 0.056288478452066845 0.73046875 0.03342128408091469 0.0390625
0 0.1868953386103782 0.6507812500000001 0.03605980650835532 0.0421875
0 0.10598065083553211 0.9476562500000001 0.048372911169744945 0.0546875
0 0.34564643799472294 0.78828125 0.04397537379067722 0.045312500000000006
0 0.2757255936675462 0.83359375 0.0395778364116095 0.0484375
0 0.2167985927880387 0.8640625000000001 0.04133685136323659 0.046875
0 0.16358839050131926 0.9007812500000001 0.04221635883905013 0.0484375
0 0.28583992963940197 0.8757812500000001 0.04221635883905013 0.045312500000000006
0 0.13984168865435356 0.9812500000000001 0.0474934036939314 0.034375
0 0.42172383465259455 0.79609375 0.0395778364116095 0.0484375
0 0.5180299032541776 0.68359375 0.036939313984168866 0.0484375
0 0.6499560246262094 0.3140625 0.026385224274406333 0.043750000000000004
2 0.6350043975373791 0.284375 0.022867194371152155 0.053125000000000006
3 0.681618293755497 0.3140625 0.028144239226033423 0.06875
3 0.7651715039577837 0.29921875000000003 0.021108179419525065 0.0421875
5 0.6908531222515392 0.9359375000000001 0.07475813544415127 0.10625000000000001
0 0.7849604221635884 0.8382812500000001 0.03781882145998241 0.06406250000000001
0 0.8056288478452067 0.7515625 0.024626209322779244 0.046875
0 0.8306948109058927 0.9281250000000001 0.03781882145998241 0.065625
