3 0.18953386103781883 0.18203125 0.016710642040457344 0.0546875
2 0.158311345646438 0.23671875 0.021108179419525065 0.060937500000000006
2 0.14160070360598065 0.31640625 0.029903254177660512 0.0734375
0 0.20800351802990327 0.47187500000000004 0.029023746701846966 0.03125
0 0.23658751099384345 0.484375 0.028144239226033423 0.03125
0 0.3469656992084433 0.53125 0.032541776605101144 0.03125
0 0.01187335092348285 0.38671875 0.0237467018469657 0.0328125
0 0.04265611257695691 0.39765625000000004 0.032541776605101144 0.029687500000000002
0 0.079155672823219 0.41640625000000003 0.03342128408091469 0.0328125
0 0.17282321899736147 0.79453125 0.0395778364116095 0.0421875
0 0.5474934036939314 0.853125 0.0395778364116095 0.040625
0 0.6943711521547934 0.8984375 0.0395778364116095 0.037500000000000006
2 0.8777484608619174 0.6507812500000001 0.036939313984168866 0.0421875
3 0.8663148636763413 0.7640625000000001 0.04925241864555849 0.053125000000000006
0 0.8786279683377309 0.70078125 0.040457343887423045 0.035937500000000004
0 0.920844327176781 0.7351562500000001 0.036939313984168866 0.0390625
0 0.8306948109058927 0.8765625 0.03781882145998241 0.037500000000000006
