2 0.09058927000879508 0.32421875 0.021108179419525065 0.0703125
3 0.123570800351803 0.26328125 0.016710642040457344 0.0546875
2 0.07651715039577837 0.41015625 0.029903254177660512 0.08281250000000001
0 0.0158311345646438 0.52265625 0.0316622691292876 0.035937500000000004
0 0.1521547933157432 0.56484375 0.028144239226033423 0.029687500000000002
0 0.18029903254177662 0.5734375 0.0316622691292876 0.03125
0 0.29991204925241866 0.60703125 0.03342128408091469 0.035937500000000004
0 0.08355321020228672 0.8984375 0.04397537379067722 0.043750000000000004
0 0.45338610378188215 0.8968750000000001 0.04133685136323659 0.040625
2 0.8390501319261214 0.65390625 0.03342128408091469 0.0421875
0 0.8421284080914688 0.7054687500000001 0.03781882145998241 0.0390625
0 0.8847845206684257 0.734375 0.03518029903254178 0.043750000000000004
3 0.8328935795954266 0.7757812500000001 0.05101143359718558 0.0578125
0 0.7255936675461742 0.9164062500000001 0.040457343887423045 0.0390625
0 0.5958663148636764 0.9304687500000001 0.04133685136323659 0.035937500000000004
3 0.9872471416007037 0.65234375 0.0237467018469657 0.0484375
