0 0.6072999120492525 0.12187500000000001 0.020228671943711522 0.040625
0 0.5470536499560247 0.296875 0.024626209322779244 0.046875
3 0.5321020228671944 0.1859375 0.029903254177660512 0.0625
0 0.4591029023746702 0.29453125 0.028144239226033423 0.051562500000000004
0 0.494283201407212 0.2828125 0.022867194371152155 0.046875
2 0.44547053649956025 0.265625 0.02198768689533861 0.053125000000000006
3 0.46657871591908534 0.34609375000000003 0.030782761653474055 0.06406250000000001
0 0.5149516270888302 0.60078125 0.020228671943711522 0.0578125
0 0.5549692172383466 0.73828125 0.029903254177660512 0.0578125
0 0.6042216358839051 0.6953125 0.022867194371152155 0.040625
