2 0.0642040457344 0.38046875 0.0211081794195 0.0640625
2 0.176781002639 0.43828125 0.0316622691293 0.1234375
3 0.139841688654 0.49921875 0.0211081794195 0.0546875
3 0.1218117854 0.3359375 0.0255057167986 0.071875
0 0.103781882146 0.4515625 0.0193491644679 0.05625
0 0.0694810905893 0.49296875 0.0228671943712 0.0640625
3 0.0861917326297 0.540625 0.0228671943712 0.08125
2 0.0444151275286 0.4734375 0.0219876868953 0.0625
0 0.215919085312 0.13671875 0.0167106420405 0.0390625
5 0.179419525066 0.22734375 0.0334212840809 0.0859375
6 0.175021987687 0.7078125 0.0791556728232 0.19375
0 0.312225153914 0.76484375 0.028144239226 0.0359375
0 0.270008795075 0.8609375 0.0404573438874 0.04375
0 0.35927880387 0.909375 0.0413368513632 0.046875
