2 0.240985048373 0.0515625 0.0175901495163 0.059375
0 0.261653474055 0.075 0.023746701847 0.05625
0 0.295514511873 0.046875 0.0228671943712 0.053125
3 0.278803869833 0.12734375 0.028144239226 0.0796875
0 0.341688654354 0.0625 0.0167106420405 0.053125
0 0.427440633245 0.47109375 0.0316622691293 0.0453125
5 0.44107299912 0.5375 0.0589270008795 0.078125
2 0.525945470536 0.55390625 0.0738786279683 0.0921875
6 0.713280562885 0.71015625 0.131926121372 0.1421875
3 0.813984168865 0.85703125 0.0360598065084 0.0453125
0 0.896218117854 0.8609375 0.0422163588391 0.05
0 0.0127528583993 0.96484375 0.0255057167986 0.0578125
0 0.474054529464 0.41015625 0.0228671943712 0.0328125
