2 0.317062445031 0.01953125 0.0202286719437 0.0390625
0 0.335971855761 0.0390625 0.0228671943712 0.05625
0 0.370712401055 0.0203125 0.0219876868953 0.040625
3 0.352682497801 0.09375 0.028144239226 0.078125
0 0.446789797713 0.03515625 0.0175901495163 0.0546875
0 0.400615655233 0.1984375 0.0149516270888 0.05625
0 0.533421284081 0.403125 0.023746701847 0.03125
0 0.553210202287 0.5359375 0.0351802990325 0.046875
2 0.658751099384 0.63203125 0.0826737027265 0.1015625
5 0.576077396658 0.6140625 0.0668425681618 0.084375
6 0.864555848725 0.84765625 0.138962181179 0.1671875
0 0.0514511873351 0.86953125 0.0430958663149 0.0640625
