0 0.841688654354 0.65546875 0.0386983289358 0.0296875
0 0.981970096746 0.60625 0.0343007915567 0.034375
2 0.890061565523 0.4671875 0.0334212840809 0.040625
0 0.888302550572 0.50859375 0.0386983289358 0.0296875
0 0.92656112577 0.54140625 0.0343007915567 0.0359375
3 0.872911169745 0.5609375 0.0483729111697 0.040625
2 0.248900615655 0.04140625 0.0175901495163 0.0546875
2 0.225153913808 0.1296875 0.0263852242744 0.075
0 0.171064204046 0.19140625 0.0255057167986 0.0296875
2 0.0576077396658 0.0796875 0.0290237467018 0.053125
3 0.0123131046614 0.01953125 0.0228671943712 0.0390625
0 0.0492524186456 0.1234375 0.0263852242744 0.025
0 0.0765171503958 0.14765625 0.0263852242744 0.0296875
0 0.109938434477 0.159375 0.0299032541777 0.03125
0 0.141160949868 0.175 0.0290237467018 0.034375
0 0.0778364116095 0.46796875 0.0360598065084 0.0390625
0 0.281882145998 0.2515625 0.0255057167986 0.028125
0 0.306508355321 0.2640625 0.023746701847 0.025
0 0.405013192612 0.31796875 0.0272647317502 0.0296875
0 0.336851363237 0.5765625 0.0386983289358 0.034375
0 0.786279683377 0.92578125 0.0211081794195 0.0703125
