2 0.3245382585751979 0.31171875000000004 0.01934916446789798 0.0546875
0 0.34300791556728233 0.3328125 0.021108179419525065 0.05625
0 0.37598944591029027 0.3125 0.020228671943711522 0.046875
3 0.35576077396657874 0.38515625000000003 0.02550571679859279 0.0765625
3 0.40325417766051014 0.2078125 0.029023746701846966 0.0625
0 0.46657871591908534 0.1484375 0.020228671943711522 0.043750000000000004
0 0.4274406332453826 0.5140625 0.01759014951627089 0.05625
0 0.44239226033421286 0.66328125 0.028144239226033423 0.051562500000000004
0 0.5312225153913809 0.6820312500000001 0.024626209322779244 0.0390625
0 0.6855760773966579 0.9609375 0.03605980650835532 0.05
