0 0.606420404573 0.7046875 0.03781882146 0.05625
0 0.519349164468 0.84609375 0.03781882146 0.0515625
2 0.642480211082 0.3765625 0.023746701847 0.05625
0 0.656552330695 0.41171875 0.0290237467018 0.0515625
3 0.675901495163 0.4484375 0.0343007915567 0.06875
3 0.827176781003 0.2609375 0.0184696569921 0.040625
0 0.789797713281 0.1484375 0.0193491644679 0.04375
0 0.819700967458 0.89140625 0.0263852242744 0.0484375
0 0.796394019349 0.97421875 0.0360598065084 0.0484375
0 0.171503957784 0.7703125 0.0369393139842 0.04375
0 0.346086191733 0.91875 0.0430958663149 0.046875
0 0.375109938434 0.95078125 0.0413368513632 0.0453125
0 0.273966578716 0.9640625 0.0413368513632 0.05
0 0.204045734389 0.9875 0.0404573438874 0.021875
0 0.0321020228672 0.85625 0.0360598065084 0.04375
0 0.0065963060686 0.8703125 0.0131926121372 0.034375
