2 0.3482849604221636 0.253125 0.03518029903254178 0.08750000000000001
0 0.32673702726473175 0.29453125 0.02550571679859279 0.06406250000000001
0 0.24274406332453827 0.010937500000000001 0.0158311345646438 0.021875000000000002
0 0.395778364116095 0.05078125 0.022867194371152155 0.0484375
0 0.42392260334212845 0.05390625 0.01759014951627089 0.0421875
3 0.7950747581354441 0.8140625 0.04925241864555849 0.06875
0 0.8693931398416886 0.9109375000000001 0.04661389621811786 0.07187500000000001
6 0.7418645558487248 0.81640625 0.08883025505716799 0.11093750000000001
0 0.579155672823219 0.7507812500000001 0.03605980650835532 0.0390625
0 0.7053649956024627 0.8562500000000001 0.040457343887423045 0.05625
