2 0.012313104661389622 0.25625000000000003 0.01934916446789798 0.0625
2 0.03342128408091469 0.04296875 0.022867194371152155 0.0734375
0 0.03781882145998241 0.26953125 0.021108179419525065 0.06406250000000001
0 0.07167985927880387 0.22734375 0.020228671943711522 0.060937500000000006
3 0.06288478452066842 0.31875000000000003 0.0237467018469657 0.09062500000000001
3 0.079155672823219 0.09140625000000001 0.026385224274406333 0.0765625
5 0.16666666666666669 0.58046875 0.0554089709762533 0.0859375
0 0.1759014951627089 0.48046875 0.026385224274406333 0.0546875
2 0.2594547053649956 0.6015625 0.08091468777484609 0.07500000000000001
3 0.4384344766930519 0.7359375 0.03605980650835532 0.03125
6 0.4331574318381706 0.671875 0.1363236587510994 0.08750000000000001
0 0.5914687774846087 0.7296875 0.04133685136323659 0.034375
0 0.30255057167985927 0.525 0.026385224274406333 0.03125
