0 0.31926121372031663 0.30781250000000004 0.024626209322779244 0.065625
2 0.33992963940193494 0.26640625 0.03430079155672824 0.0890625
0 0.25417766051011437 0.0921875 0.022867194371152155 0.053125000000000006
0 0.41424802110817943 0.059375000000000004 0.021108179419525065 0.046875
0 0.4920844327176781 0.74375 0.03605980650835532 0.03125
3 0.7251539138082674 0.7296875 0.048372911169744945 0.059375000000000004
0 0.8113456464379948 0.815625 0.048372911169744945 0.065625
0 0.7475813544415127 0.8773437500000001 0.036939313984168866 0.051562500000000004
6 0.7088830255057168 0.7742187500000001 0.08795074758135445 0.1078125
0 0.6385224274406333 0.784375 0.040457343887423045 0.053125000000000006
