3 0.12225153913808268 0.057031250000000006 0.024626209322779244 0.0734375
3 0.10510114335971857 0.28515625 0.02198768689533861 0.07968750000000001
0 0.08091468777484609 0.23515625 0.021108179419525065 0.06406250000000001
0 0.11477572559366755 0.19062500000000002 0.02198768689533861 0.059375000000000004
0 0.1741424802110818 0.01015625 0.01934916446789798 0.0203125
2 0.056288478452066845 0.21796875000000002 0.01934916446789798 0.060937500000000006
5 0.2405452946350044 0.5867187500000001 0.06596306068601583 0.0734375
0 0.23878627968337732 0.49609375 0.029023746701846966 0.0484375
2 0.33377308707124015 0.584375 0.08179419525065963 0.06875
0 0.34212840809146877 0.49062500000000003 0.026385224274406333 0.028125
6 0.5162708883025506 0.6531250000000001 0.13368513632365875 0.09062500000000001
3 0.5536499560246262 0.73046875 0.03430079155672824 0.0328125
0 0.6864555848724715 0.7234375000000001 0.0395778364116095 0.037500000000000006
0 0.8218997361477572 0.7742187500000001 0.04133685136323659 0.0421875
