0 0.198768689534 0.18359375 0.028144239226 0.0578125
0 0.267810026385 0.35078125 0.0307827616535 0.0640625
0 0.347405452946 0.08125 0.0211081794195 0.046875
2 0.284520668426 0.3046875 0.0413368513632 0.0875
3 0.655672823219 0.6484375 0.0466138962181 0.05625
0 0.58619173263 0.7390625 0.0413368513632 0.0375
0 0.752418645558 0.7140625 0.0483729111697 0.05625
0 0.682058047493 0.78515625 0.03781882146 0.0453125
6 0.663588390501 0.71015625 0.0870712401055 0.0890625
0 0.423922603342 0.78203125 0.0369393139842 0.0515625
