0 0.8953386103781883 0.31640625 0.04221635883905013 0.0421875
0 0.8298153034300791 0.42500000000000004 0.04309586631486368 0.037500000000000006
0 0.6292875989445911 0.42812500000000003 0.04133685136323659 0.034375
0 0.7656112576956905 0.69296875 0.03605980650835532 0.0734375
0 0.9063324538258576 0.80234375 0.02198768689533861 0.0765625
0 0.9256816182937555 0.915625 0.02550571679859279 0.07500000000000001
0 0.961301671064204 0.7210937500000001 0.021108179419525065 0.060937500000000006
0 0.06552330694810907 0.4421875 0.04661389621811786 0.037500000000000006
0 0.06552330694810907 0.01171875 0.04133685136323659 0.0234375
0 0.01934916446789798 0.009375000000000001 0.03869832893579596 0.018750000000000003
0 0.23043095866314864 0.03515625 0.03869832893579596 0.035937500000000004
0 0.2673702726473175 0.043750000000000004 0.03342128408091469 0.034375
0 0.4023746701846966 0.0671875 0.04133685136323659 0.037500000000000006
2 0.9854881266490766 0.10625000000000001 0.02726473175021988 0.05
