6 0.08135444151275287 0.52578125 0.09938434476693052 0.0765625
0 0.09674582233948989 0.43593750000000003 0.03518029903254178 0.028125
0 0.12928759894459105 0.42500000000000004 0.029903254177660512 0.025
0 0.2502198768689534 0.37578125 0.032541776605101144 0.029687500000000002
0 0.14995602462620933 0.74765625 0.044854881266490766 0.0421875
0 0.22911169744942833 0.6570312500000001 0.04133685136323659 0.0421875
0 0.31310466138962184 0.6171875 0.04221635883905013 0.043750000000000004
2 0.370712401055409 0.53828125 0.0554089709762533 0.0578125
0 0.3944591029023747 0.58203125 0.04133685136323659 0.0390625
0 0.6618293755496922 0.45546875000000003 0.020228671943711522 0.0703125
3 0.6948109058927001 0.178125 0.029903254177660512 0.05625
0 0.7572559366754618 0.12578125 0.024626209322779244 0.0421875
6 0.7752858399296394 0.8046875 0.08003518029903255 0.19375
0 0.8491644678979772 0.596875 0.02198768689533861 0.043750000000000004
0 0.8249780123131047 0.6984375 0.03342128408091469 0.06875
0 0.8720316622691293 0.784375 0.03605980650835532 0.07500000000000001
0 0.9164467897977133 0.8828125 0.036939313984168866 0.07187500000000001
