3 0.66182937555 0.66796875 0.0624450307828 0.1109375
3 0.72471416007 0.51640625 0.0299032541777 0.0828125
3 0.853122251539 0.14296875 0.0527704485488 0.1296875
0 0.649516270888 0.53359375 0.0219876868953 0.0484375
0 0.536939313984 0.75546875 0.0413368513632 0.0328125
0 0.324538258575 0.7 0.0404573438874 0.040625
0 0.329375549692 0.9234375 0.0413368513632 0.040625
2 0.38654353562 0.9578125 0.0395778364116 0.040625
2 0.39709762533 0.91171875 0.0993843447669 0.0890625
0 0.0870712401055 0.5953125 0.0422163588391 0.040625
0 0.95162708883 0.9796875 0.0457343887423 0.0375
