0 0.4362357080035181 0.0125 0.04397537379067722 0.025
0 0.6165347405452947 0.035937500000000004 0.04221635883905013 0.034375
0 0.6029023746701847 0.125 0.04309586631486368 0.046875
0 0.7884784520668426 0.047656250000000004 0.04133685136323659 0.0390625
0 0.9599824098504838 0.33359375 0.020228671943711522 0.0546875
0 0.9041336851363238 0.41875 0.022867194371152155 0.07500000000000001
0 0.9217238346525946 0.52734375 0.024626209322779244 0.0671875
0 0.934476693051891 0.6390625000000001 0.0237467018469657 0.06875
6 0.8293755496921724 0.70703125 0.052770448548812667 0.2578125
3 0.9573438874230431 0.828125 0.03605980650835532 0.1375
3 0.9705364995602463 0.9710937500000001 0.0237467018469657 0.0546875
0 0.9419525065963061 0.9695312500000001 0.022867194371152155 0.0578125
0 0.06728232189973615 0.0390625 0.04661389621811786 0.040625
