2 0.032981530343007916 0.24609375 0.029023746701846966 0.0671875
3 0.05408970976253298 0.17734375000000002 0.02550571679859279 0.060937500000000006
2 0.040897097625329816 0.35625 0.02550571679859279 0.09062500000000001
0 0.0079155672823219 0.46015625000000004 0.0158311345646438 0.0328125
0 0.3034300791556728 0.40156250000000004 0.0316622691292876 0.03125
0 0.1820580474934037 0.4265625 0.0316622691292876 0.03125
0 0.1517150395778364 0.43046875 0.030782761653474055 0.029687500000000002
0 0.3197009674582234 0.6015625 0.04133685136323659 0.034375
0 0.39226033421284084 0.45078125 0.03518029903254178 0.035937500000000004
0 0.4283201407211962 0.6335937500000001 0.03869832893579596 0.035937500000000004
0 0.3460861917326297 0.65234375 0.04133685136323659 0.035937500000000004
0 0.3865435356200528 0.70078125 0.04133685136323659 0.035937500000000004
0 0.26077396657871593 0.671875 0.04133685136323659 0.040625
2 0.40897097625329815 0.58125 0.05101143359718558 0.046875
0 0.0079155672823219 0.8210937500000001 0.0158311345646438 0.0390625
0 0.8575197889182058 0.8460937500000001 0.029903254177660512 0.0734375
0 0.9010554089709762 0.9484375 0.03430079155672824 0.07500000000000001
0 0.886103781882146 0.7453125 0.02550571679859279 0.05
3 0.683377308707124 0.6671875 0.026385224274406333 0.078125
0 0.7489006156552331 0.78515625 0.0237467018469657 0.0671875
6 0.8742304309586632 0.16171875000000002 0.08443271767810026 0.1390625
