0 0.221635883905 0.65703125 0.0422163588391 0.0421875
0 0.461741424802 0.7421875 0.0404573438874 0.034375
3 0.604661389622 0.69609375 0.0694810905893 0.1015625
3 0.672823218997 0.57109375 0.0334212840809 0.0765625
0 0.617854001759 0.5265625 0.0219876868953 0.046875
3 0.806508355321 0.1828125 0.0510114335972 0.13125
0 0.908970976253 0.9703125 0.0448548812665 0.046875
2 0.367194371152 0.903125 0.0976253298153 0.090625
0 0.296833773087 0.9171875 0.0413368513632 0.040625
2 0.355321020229 0.9484375 0.0404573438874 0.040625
0 0.344327176781 0.9875 0.0430958663149 0.021875
