3 0.937994722955 0.26875 0.0430958663149 0.065625
3 0.698328935796 0.6 0.0703605980651 0.10625
3 0.398416886544 0.80234375 0.07563764292 0.0703125
3 0.484168865435 0.8421875 0.0466138962181 0.05625
0 0.211961301671 0.60390625 0.0386983289358 0.0609375
2 0.222955145119 0.85390625 0.0905892700088 0.1390625
2 0.202726473175 0.8875 0.03781882146 0.053125
0 0.158751099384 0.81953125 0.0360598065084 0.0578125
0 0.182937554969 0.925 0.0369393139842 0.059375
0 0.541776605101 0.67109375 0.0299032541777 0.0390625
