5 0.6046613896218118 0.38984375000000004 0.06244503078276166 0.09531250000000001
2 0.48021108179419525 0.43125 0.09322779243623572 0.1
2 0.48856640281442393 0.49765625 0.03605980650835532 0.045312500000000006
0 0.47405452946350046 0.5484375 0.03869832893579596 0.05
0 0.4340369393139842 0.453125 0.0395778364116095 0.046875
3 0.961301671064204 0.018750000000000003 0.03342128408091469 0.037500000000000006
0 0.9032541776605102 0.11093750000000001 0.03869832893579596 0.07500000000000001
0 0.7897977132805629 0.1796875 0.029903254177660512 0.05
0 0.8368513632365876 0.240625 0.03605980650835532 0.065625
0 0.8645558487247142 0.27109375 0.036939313984168866 0.0671875
0 0.7515391380826737 0.340625 0.04309586631486368 0.046875
0 0.7985927880386984 0.4390625 0.029903254177660512 0.07500000000000001
