0 0.5716798592788039 0.31328125 0.040457343887423045 0.0328125
0 0.7735268249780124 0.328125 0.04309586631486368 0.025
0 0.7269129287598944 0.52109375 0.04133685136323659 0.0578125
0 0.06596306068601583 0.3296875 0.04573438874230431 0.037500000000000006
0 0.8324538258575198 0.23046875 0.04133685136323659 0.035937500000000004
0 0.934476693051891 0.92109375 0.02550571679859279 0.07968750000000001
0 0.9226033421284081 0.8070312500000001 0.024626209322779244 0.0765625
0 0.9045734388742305 0.6976562500000001 0.0237467018469657 0.0734375
0 0.9586631486367635 0.6140625000000001 0.01934916446789798 0.05625
0 0.969217238346526 0.2578125 0.040457343887423045 0.043750000000000004
0 0.9832893579595428 0.01171875 0.026385224274406333 0.0234375
2 0.9819700967458224 0.15000000000000002 0.03430079155672824 0.05625
