3 0.85092348285 0.2453125 0.0325417766051 0.08125
3 0.802990325418 0.39765625 0.0527704485488 0.1265625
0 0.730430958663 0.5640625 0.0395778364116 0.059375
0 0.759454705365 0.76015625 0.023746701847 0.0765625
0 0.587950747581 0.63671875 0.0430958663149 0.0296875
0 0.404133685136 0.57890625 0.0413368513632 0.0359375
2 0.474494283201 0.7890625 0.0958663148637 0.08125
2 0.469656992084 0.83515625 0.0386983289358 0.0390625
0 0.458663148637 0.8859375 0.0413368513632 0.046875
0 0.411169744943 0.80546875 0.0395778364116 0.0421875
5 0.0646437994723 0.4203125 0.0694810905893 0.065625
