0 0.111697449428 0.4171875 0.0299032541777 0.028125
0 0.233069481091 0.428125 0.0334212840809 0.028125
0 0.151715039578 0.69375 0.0448548812665 0.03125
0 0.237906772208 0.69609375 0.0430958663149 0.0328125
0 0.317062445031 0.7015625 0.0413368513632 0.034375
2 0.307387862797 0.6421875 0.0571679859279 0.04375
6 0.326737027265 0.51328125 0.0835532102023 0.0578125
0 0.0813544415128 0.41484375 0.0290237467018 0.0265625
2 0.00395778364116 0.1984375 0.00791556728232 0.075
3 0.0272647317502 0.12890625 0.0193491644679 0.0546875
6 0.651715039578 0.6203125 0.0668425681618 0.165625
3 0.899296394019 0.26484375 0.0343007915567 0.0453125
0 0.802990325418 0.40703125 0.0316622691293 0.0421875
