3 0.7717678100263853 0.45156250000000003 0.03430079155672824 0.078125
3 0.7176781002638523 0.6023437500000001 0.05804749340369393 0.1171875
0 0.608179419525066 0.7312500000000001 0.04133685136323659 0.043750000000000004
0 0.42348284960422167 0.71484375 0.0395778364116095 0.0421875
0 0.20228671943711524 0.6195312500000001 0.040457343887423045 0.0390625
0 0.36147757255936674 0.91015625 0.04221635883905013 0.0421875
0 0.40897097625329815 0.9851562500000001 0.04397537379067722 0.026562500000000003
2 0.4182058047493404 0.94140625 0.03781882145998241 0.035937500000000004
2 0.4291996481970097 0.8968750000000001 0.09850483729111698 0.09062500000000001
3 0.8953386103781883 0.08515625 0.052770448548812667 0.1265625
0 0.9881266490765171 0.9695312500000001 0.02198768689533861 0.035937500000000004
