0 0.06728232189973615 0.0921875 0.029023746701846966 0.053125000000000006
0 0.2902374670184697 0.11015625000000001 0.028144239226033423 0.0484375
0 0.16886543535620052 0.28359375000000003 0.028144239226033423 0.0578125
2 0.2423043095866315 0.34453125 0.044854881266490766 0.08281250000000001
0 0.22691292875989447 0.39687500000000003 0.03342128408091469 0.0625
0 0.48856640281442393 0.7328125000000001 0.04309586631486368 0.040625
0 0.5716798592788039 0.721875 0.03869832893579596 0.037500000000000006
0 0.6354441512752859 0.6156250000000001 0.04133685136323659 0.046875
3 0.5303430079155673 0.53828125 0.04221635883905013 0.0546875
6 0.5857519788918206 0.6421875 0.08267370272647317 0.09062500000000001
0 0.3227792436235708 0.94921875 0.03518029903254178 0.06406250000000001
