0 0.09806508355321021 0.21875 0.03605980650835532 0.03125
0 0.13104661389621813 0.22734375 0.03342128408091469 0.029687500000000002
0 0.2678100263852243 0.25234375000000003 0.0395778364116095 0.0328125
0 0.25241864555848725 0.35703125 0.04397537379067722 0.035937500000000004
2 0.11829375549692173 0.6000000000000001 0.04661389621811786 0.037500000000000006
0 0.370712401055409 0.6039062500000001 0.04133685136323659 0.0328125
0 0.30958663148636767 0.59140625 0.04397537379067722 0.0390625
0 0.5501319261213721 0.36640625000000004 0.04309586631486368 0.035937500000000004
0 0.6086191732629728 0.39765625000000004 0.04397537379067722 0.0390625
3 0.4384344766930519 0.39609375 0.03430079155672824 0.0328125
0 0.4683377308707124 0.45 0.04133685136323659 0.03125
0 0.7458223394898857 0.39765625000000004 0.04221635883905013 0.0421875
0 0.7189973614775725 0.521875 0.0395778364116095 0.0625
0 0.7075637642919965 0.6265625 0.029023746701846966 0.06875
0 0.5206684256816183 0.76484375 0.03342128408091469 0.0546875
2 0.9740545294635005 0.20703125 0.044854881266490766 0.060937500000000006
2 0.890061565523307 0.35234375 0.05101143359718558 0.060937500000000006
