6 0.810466138962 0.4671875 0.0835532102023 0.203125
0 0.268689533861 0.1828125 0.0272647317502 0.028125
0 0.296833773087 0.18828125 0.0272647317502 0.0265625
0 0.414248021108 0.2078125 0.0316622691293 0.028125
0 0.0123131046614 0.13828125 0.0246262093228 0.0296875
0 0.0457343887423 0.21796875 0.0351802990325 0.0328125
0 0.0505716798593 0.14296875 0.03781882146 0.0296875
0 0.0905892700088 0.14765625 0.0351802990325 0.0328125
0 0.129287598945 0.153125 0.0316622691293 0.03125
2 0.177660510114 0.07109375 0.0228671943712 0.0859375
0 0.0892700087951 0.4890625 0.0413368513632 0.0375
0 0.344766930519 0.45 0.0386983289358 0.034375
0 0.452946350044 0.41875 0.0386983289358 0.034375
0 0.526824978012 0.4859375 0.0369393139842 0.034375
0 0.475373790677 0.5328125 0.0395778364116 0.034375
0 0.436235708004 0.46484375 0.0369393139842 0.0328125
2 0.529903254178 0.4296875 0.0483729111697 0.046875
0 0.950747581354 0.78515625 0.0211081794195 0.0515625
0 0.904573438874 0.87109375 0.0290237467018 0.0796875
0 0.9327176781 0.97421875 0.0272647317502 0.0484375
