0 0.005277044854881266 0.15625 0.010554089709762533 0.028125
0 0.03518029903254178 0.15703125 0.03869832893579596 0.029687500000000002
0 0.0760773966578716 0.1609375 0.03430079155672824 0.03125
0 0.11521547933157432 0.16718750000000002 0.0316622691292876 0.03125
0 0.21152154793315744 0.26015625000000003 0.03605980650835532 0.0328125
0 0.2563764291996482 0.19140625 0.029023746701846966 0.029687500000000002
0 0.2854001759014952 0.19609375 0.02726473175021988 0.029687500000000002
0 0.08135444151275287 0.50234375 0.04309586631486368 0.035937500000000004
0 0.33641160949868076 0.45937500000000003 0.04133685136323659 0.03125
0 0.42480211081794195 0.41875 0.03869832893579596 0.034375
0 0.4182058047493404 0.46953125 0.0395778364116095 0.0328125
2 0.4912049252418646 0.42734375 0.05013192612137203 0.0484375
0 0.49648197009674583 0.48203125 0.03781882145998241 0.035937500000000004
0 0.46437994722955145 0.53359375 0.040457343887423045 0.035937500000000004
0 0.40281442392260336 0.21328125 0.0316622691292876 0.029687500000000002
6 0.870712401055409 0.32343750000000004 0.10905892700087952 0.153125
3 0.7906772207563765 0.92890625 0.029903254177660512 0.0890625
0 0.9006156552330695 0.86640625 0.028144239226033423 0.08281250000000001
0 0.9459102902374671 0.7781250000000001 0.02198768689533861 0.05625
0 0.9278803869832895 0.97265625 0.026385224274406333 0.051562500000000004
2 0.16182937554969218 0.08125 0.024626209322779244 0.09062500000000001
