0 0.9032541776605102 0.58984375 0.022867194371152155 0.0765625
0 0.9217238346525946 0.703125 0.022867194371152155 0.07500000000000001
0 0.9349164467897978 0.8140625 0.022867194371152155 0.07500000000000001
0 0.9573438874230431 0.509375 0.020228671943711522 0.053125000000000006
0 0.6838170624450308 0.36484375 0.04309586631486368 0.051562500000000004
0 0.06552330694810907 0.2171875 0.044854881266490766 0.034375
0 0.5215479331574319 0.19609375 0.040457343887423045 0.0390625
0 0.7189973614775725 0.2234375 0.044854881266490766 0.03125
0 0.7735268249780124 0.13984375000000002 0.04309586631486368 0.0390625
0 0.9045734388742305 0.18203125 0.04133685136323659 0.0421875
2 0.934476693051891 0.07968750000000001 0.05716798592788039 0.0625
0 0.9221635883905014 0.9789062500000001 0.0237467018469657 0.0390625
3 0.9547053649956025 0.96796875 0.032541776605101144 0.060937500000000006
