5 0.337730870712 0.328125 0.0703605980651 0.071875
0 0.602462620932 0.41640625 0.0439753737907 0.0359375
0 0.730430958663 0.3625 0.0430958663149 0.059375
0 0.741424802111 0.18828125 0.0316622691293 0.0609375
0 0.803430079156 0.20234375 0.03781882146 0.0796875
0 0.795074758135 0.3515625 0.0299032541777 0.071875
0 0.782321899736 0.659375 0.0290237467018 0.0875
6 0.858399296394 0.05390625 0.0580474934037 0.1078125
2 0.481530343008 0.56171875 0.10290237467 0.0828125
2 0.48328935796 0.6140625 0.0413368513632 0.040625
0 0.426121372032 0.5875 0.0413368513632 0.040625
0 0.474934036939 0.66953125 0.0439753737907 0.0453125
0 0.981970096746 0.9765625 0.0343007915567 0.04375
