0 0.05452946350043976 0.5359375000000001 0.04397537379067722 0.034375
0 0.014072119613016711 0.09531250000000001 0.028144239226033423 0.037500000000000006
0 0.052770448548812667 0.10234375000000001 0.036939313984168866 0.035937500000000004
0 0.21899736147757257 0.13046875 0.03518029903254178 0.035937500000000004
0 0.25417766051011437 0.13593750000000002 0.03342128408091469 0.03125
2 0.09938434476693052 0.0234375 0.026385224274406333 0.046875
0 0.3887423043095867 0.15703125 0.036939313984168866 0.035937500000000004
0 0.6759014951627089 0.5203125000000001 0.04133685136323659 0.034375
0 0.8751099384344767 0.49140625000000004 0.040457343887423045 0.0390625
0 0.9476693051890942 0.36875 0.04133685136323659 0.043750000000000004
2 0.9793315743183818 0.18984375 0.0395778364116095 0.0578125
0 0.9520668425681619 0.8093750000000001 0.020228671943711522 0.059375000000000004
0 0.785839929639402 0.8695312500000001 0.030782761653474055 0.0734375
0 0.895778364116095 0.89375 0.02550571679859279 0.07500000000000001
0 0.9107299912049253 0.98359375 0.02198768689533861 0.029687500000000002
