0 0.036499560246262094 0.5953125 0.04309586631486368 0.034375
0 0.014072119613016711 0.2421875 0.028144239226033423 0.03125
0 0.05057167985927881 0.2421875 0.03430079155672824 0.028125
0 0.19920844327176782 0.23828125 0.030782761653474055 0.029687500000000002
0 0.2295514511873351 0.23984375000000002 0.029903254177660512 0.029687500000000002
0 0.3482849604221636 0.234375 0.03342128408091469 0.03125
0 0.2502198768689534 0.31484375000000003 0.03605980650835532 0.0328125
0 0.2963940193491645 0.49453125000000003 0.040457343887423045 0.035937500000000004
0 0.3781882145998241 0.4375 0.03869832893579596 0.034375
0 0.380386983289358 0.4890625 0.0395778364116095 0.03125
0 0.4604221635883905 0.48671875000000003 0.03605980650835532 0.035937500000000004
2 0.44766930518909415 0.43203125000000003 0.04925241864555849 0.045312500000000006
0 0.4287598944591029 0.5476562500000001 0.03781882145998241 0.0328125
2 0.08970976253298153 0.030468750000000003 0.026385224274406333 0.060937500000000006
2 0.09366754617414248 0.14765625000000002 0.02550571679859279 0.0921875
6 0.8526824978012314 0.1953125 0.10466138962181179 0.15000000000000002
3 0.7475813544415127 0.7523437500000001 0.0316622691292876 0.0859375
0 0.9133685136323659 0.6796875 0.02198768689533861 0.053125000000000006
0 0.8737906772207564 0.775 0.030782761653474055 0.07187500000000001
0 0.8355321020228672 0.9710937500000001 0.026385224274406333 0.0546875
0 0.9120492524186457 0.88203125 0.0316622691292876 0.0765625
0 0.9410729991204926 0.978125 0.028144239226033423 0.040625
