2 0.5197889182058048 0.38359375 0.04925241864555849 0.17343750000000002
0 0.4753737906772208 0.48281250000000003 0.02198768689533861 0.07500000000000001
0 0.4859278803869833 0.3671875 0.02550571679859279 0.06875
2 0.5061565523306948 0.46640625 0.0237467018469657 0.0671875
0 0.8021108179419525 0.784375 0.04397537379067722 0.034375
0 0.8289357959542657 0.721875 0.04309586631486368 0.034375
0 0.9195250659630607 0.7117187500000001 0.044854881266490766 0.0328125
0 0.9270008795074759 0.7703125000000001 0.04573438874230431 0.03125
0 0.9841688654353562 0.7054687500000001 0.029903254177660512 0.029687500000000002
0 0.8478452066842569 0.61640625 0.036939313984168866 0.026562500000000003
5 0.642919964819701 0.9539062500000001 0.029903254177660512 0.0890625
