0 0.09938434476693052 0.68125 0.0316622691292876 0.06875
0 0.14643799472295516 0.41171875 0.03430079155672824 0.0703125
3 0.30518909410729994 0.7484375000000001 0.06508355321020229 0.115625
3 0.37467018469656993 0.86640625 0.0474934036939314 0.0390625
0 0.4920844327176781 0.7406250000000001 0.030782761653474055 0.034375
0 0.10598065083553211 0.8031250000000001 0.03605980650835532 0.07187500000000001
2 0.13192612137203166 0.775 0.03342128408091469 0.0625
2 0.15567282321899736 0.7523437500000001 0.08091468777484609 0.1640625
3 0.6130167106420404 0.77890625 0.07739665787159192 0.0765625
3 0.9085312225153914 0.5734375 0.04397537379067722 0.046875
