0 0.03781882145998241 0.7765625 0.04221635883905013 0.034375
0 0.06112576956904134 0.8773437500000001 0.044854881266490766 0.0390625
3 0.4006156552330695 0.76328125 0.048372911169744945 0.045312500000000006
0 0.4859278803869833 0.70234375 0.0395778364116095 0.0390625
0 0.47141600703605985 0.76328125 0.040457343887423045 0.035937500000000004
0 0.4604221635883905 0.81640625 0.04133685136323659 0.035937500000000004
0 0.3597185576077397 0.43828125 0.03869832893579596 0.026562500000000003
0 0.19261213720316622 0.4453125 0.0316622691292876 0.028125
0 0.2264731750219877 0.44453125000000004 0.032541776605101144 0.029687500000000002
2 0.06552330694810907 0.32734375000000004 0.030782761653474055 0.1078125
2 0.048812664907651716 0.15703125 0.03605980650835532 0.0859375
3 0.0681618293755497 0.05390625 0.029023746701846966 0.08281250000000001
0 0.032981530343007916 0.45 0.03430079155672824 0.03125
0 0.9362357080035181 0.32421875 0.04309586631486368 0.0578125
0 0.9802110817941952 0.26484375 0.03781882145998241 0.0578125
2 0.9608619173262973 0.36328125 0.04133685136323659 0.060937500000000006
2 0.9617414248021109 0.42265625 0.07475813544415127 0.1078125
0 0.9665787159190854 0.9773437500000001 0.022867194371152155 0.0421875
