0 0.0321020228672 0.03515625 0.0307827616535 0.0515625
0 0.18073878628 0.1921875 0.0290237467018 0.053125
0 0.250659630607 0.32421875 0.0316622691293 0.0546875
0 0.297273526825 0.41171875 0.0316622691293 0.0609375
3 0.43491644679 0.35234375 0.0430958663149 0.0671875
2 0.311785400176 0.35859375 0.0413368513632 0.0859375
0 0.355760773967 0.1265625 0.023746701847 0.040625
0 0.284520668426 0.01171875 0.0184696569921 0.0234375
6 0.562445030783 0.57109375 0.0765171503958 0.1078125
0 0.528583992964 0.45859375 0.0369393139842 0.0578125
0 0.499560246262 0.8125 0.0369393139842 0.046875
0 0.435356200528 0.88671875 0.0369393139842 0.0671875
6 0.957343887423 0.8734375 0.0835532102023 0.084375
