0 0.209762532982 0.49296875 0.0360598065084 0.0390625
0 0.0831134564644 0.5640625 0.0307827616535 0.04375
0 0.0496921723835 0.5828125 0.0325417766051 0.0375
0 0.116094986807 0.7703125 0.0457343887423 0.046875
0 0.198328935796 0.78359375 0.0430958663149 0.0515625
0 0.283201407212 0.7265625 0.0404573438874 0.04375
0 0.362357080035 0.67578125 0.0386983289358 0.0484375
0 0.251099384345 0.809375 0.0448548812665 0.046875
2 0.337730870712 0.6359375 0.0545294635004 0.0625
0 0.597625329815 0.23125 0.0272647317502 0.05
0 0.640281442392 0.34140625 0.0158311345646 0.0484375
3 0.593227792436 0.359375 0.023746701847 0.065625
0 0.700527704485 0.76484375 0.0307827616535 0.0640625
0 0.796833773087 0.71015625 0.0351802990325 0.0609375
0 0.846965699208 0.7875 0.0351802990325 0.0625
0 0.896657871592 0.875 0.03781882146 0.06875
0 0.811345646438 0.6046875 0.0255057167986 0.04375
