4 0.13808267370272648 0.7093750000000001 0.12137203166226913 0.05625
0 0.43755496921723835 0.32578125 0.018469656992084433 0.051562500000000004
0 0.5321020228671944 0.6375000000000001 0.026385224274406333 0.08125
0 0.30167106420404577 0.83125 0.04221635883905013 0.040625
0 0.18557607739665788 0.96484375 0.0474934036939314 0.0390625
3 0.7796833773087072 0.56953125 0.04661389621811786 0.035937500000000004
0 0.9850483729111698 0.525 0.028144239226033423 0.03125
0 0.2167985927880387 0.9085937500000001 0.04661389621811786 0.0390625
0 0.25549692172383465 0.9546875 0.04661389621811786 0.043750000000000004
3 0.27308707124010556 0.9046875000000001 0.03430079155672824 0.040625
