0 0.0303430079156 0.18046875 0.0325417766051 0.0390625
0 0.129287598945 0.0984375 0.028144239226 0.04375
0 0.215919085312 0.3484375 0.0343007915567 0.05
0 0.379507475814 0.44296875 0.0360598065084 0.0453125
0 0.368953386104 0.63359375 0.0343007915567 0.0515625
3 0.718117854002 0.78828125 0.0466138962181 0.0578125
0 0.618733509235 0.97265625 0.0395778364116 0.0515625
0 0.824538258575 0.89453125 0.0413368513632 0.0578125
0 0.926121372032 0.96640625 0.0404573438874 0.0640625
0 0.977132805629 0.7078125 0.0316622691293 0.065625
0 0.921284080915 0.64765625 0.023746701847 0.0453125
6 0.854001759015 0.971875 0.0510114335972 0.053125
