0 0.266490765171504 0.7078125000000001 0.026385224274406333 0.046875
2 0.2532981530343008 0.5593750000000001 0.03869832893579596 0.059375000000000004
0 0.301231310466139 0.61875 0.03430079155672824 0.053125000000000006
2 0.5963060686015832 0.8765625 0.036939313984168866 0.08750000000000001
0 0.9063324538258576 0.08828125 0.029023746701846966 0.0421875
0 0.8170624450307828 0.28671875 0.024626209322779244 0.0390625
0 0.7673702726473175 0.35000000000000003 0.030782761653474055 0.046875
0 0.681618293755497 0.40234375 0.03342128408091469 0.0546875
0 0.6912928759894459 0.44140625 0.03342128408091469 0.051562500000000004
0 0.7000879507475813 0.4921875 0.0316622691292876 0.043750000000000004
3 0.7304309586631487 0.39375000000000004 0.03781882145998241 0.0625
6 0.7620932277924363 0.4078125 0.0712401055408971 0.109375
3 0.08179419525065963 0.11796875000000001 0.03342128408091469 0.0484375
0 0.882145998240985 0.55703125 0.026385224274406333 0.0390625
0 0.9832893579595428 0.4140625 0.024626209322779244 0.043750000000000004
0 0.963500439753738 0.43984375000000003 0.0237467018469657 0.0390625
0 0.984608619173263 0.043750000000000004 0.029023746701846966 0.040625
