0 0.900615655233 0.25234375 0.0422163588391 0.0484375
0 0.820140721196 0.25546875 0.0448548812665 0.0515625
0 0.802110817942 0.3890625 0.0439753737907 0.053125
0 0.739665787159 0.29765625 0.0439753737907 0.0421875
0 0.768249780123 0.37109375 0.0343007915567 0.0453125
0 0.7436235708 0.4625 0.0360598065084 0.059375
0 0.70580474934 0.38046875 0.0413368513632 0.0453125
3 0.621372031662 0.38515625 0.03781882146 0.0328125
0 0.285839929639 0.56953125 0.0457343887423 0.0359375
0 0.347845206684 0.578125 0.03781882146 0.0375
0 0.555848724714 0.35078125 0.0404573438874 0.0359375
0 0.0729991204925 0.1984375 0.0351802990325 0.0375
0 0.106860158311 0.20703125 0.0360598065084 0.0328125
0 0.243183817062 0.23515625 0.03781882146 0.0390625
0 0.797273526825 0.91640625 0.0167106420405 0.0609375
