0 0.70580474934 0.3984375 0.0343007915567 0.053125
0 0.715919085312 0.43671875 0.0316622691293 0.0515625
0 0.725593667546 0.4875 0.0334212840809 0.05
0 0.847405452946 0.2734375 0.0255057167986 0.040625
0 0.790677220756 0.34453125 0.0316622691293 0.0453125
3 0.755936675462 0.3890625 0.03781882146 0.05625
6 0.788038698329 0.40234375 0.0703605980651 0.1078125
2 0.277924362357 0.55859375 0.0386983289358 0.0640625
0 0.326737027265 0.6140625 0.0343007915567 0.053125
0 0.291556728232 0.7078125 0.0255057167986 0.046875
3 0.139841688654 0.1671875 0.0316622691293 0.046875
2 0.0263852242744 0.06484375 0.0527704485488 0.0890625
0 0.927440633245 0.08359375 0.0272647317502 0.0453125
0 0.986807387863 0.4359375 0.0246262093228 0.040625
