0 0.0919085312225 0.15 0.0360598065084 0.034375
0 0.126649076517 0.15859375 0.0334212840809 0.0328125
0 0.260773966579 0.1859375 0.03781882146 0.034375
0 0.302110817942 0.5203125 0.0466138962181 0.040625
0 0.363236587511 0.53046875 0.0369393139842 0.0328125
0 0.876868953386 0.2359375 0.0439753737907 0.05
0 0.792875989446 0.2359375 0.0413368513632 0.046875
0 0.797713280563 0.35234375 0.0422163588391 0.0546875
0 0.708443271768 0.265625 0.0430958663149 0.04375
0 0.72691292876 0.3796875 0.0325417766051 0.05
0 0.74582233949 0.4375 0.0351802990325 0.0625
0 0.670624450308 0.34765625 0.0466138962181 0.0390625
0 0.501759014952 0.30234375 0.0413368513632 0.0359375
3 0.590149516271 0.33828125 0.0369393139842 0.0328125
0 0.812225153914 0.8671875 0.0202286719437 0.059375
