0 0.7392260334212841 0.3671875 0.04133685136323659 0.053125000000000006
0 0.837730870712401 0.55859375 0.0395778364116095 0.051562500000000004
0 0.6820580474934037 0.46953125 0.03430079155672824 0.0421875
0 0.6086191732629728 0.47578125000000004 0.03869832893579596 0.0484375
0 0.5461741424802111 0.5234375 0.040457343887423045 0.05
0 0.5883905013192613 0.54140625 0.040457343887423045 0.045312500000000006
0 0.6169744942832014 0.58125 0.04309586631486368 0.053125000000000006
0 0.5158311345646438 0.6687500000000001 0.03605980650835532 0.05
3 0.5206684256816183 0.59296875 0.0316622691292876 0.0421875
2 0.43183817062445035 0.9390625 0.0474934036939314 0.065625
0 0.4986807387862797 0.8375 0.040457343887423045 0.046875
0 0.030343007915567283 0.8367187500000001 0.04133685136323659 0.035937500000000004
