0 0.222515391381 0.271875 0.0386983289358 0.034375
0 0.0514511873351 0.2328125 0.0360598065084 0.034375
0 0.0861917326297 0.24140625 0.0369393139842 0.0328125
0 0.265611257696 0.6078125 0.0457343887423 0.0375
0 0.326297273527 0.6171875 0.0369393139842 0.03125
0 0.919964819701 0.25390625 0.0404573438874 0.0484375
0 0.837291116974 0.26484375 0.0404573438874 0.0546875
0 0.757255936675 0.31484375 0.0422163588391 0.0453125
0 0.794635004398 0.36171875 0.0343007915567 0.0453125
0 0.797273526825 0.40859375 0.0413368513632 0.0515625
0 0.728671943712 0.39921875 0.0413368513632 0.0515625
0 0.733948988566 0.48046875 0.03781882146 0.0578125
0 0.601143359719 0.38046875 0.0395778364116 0.0359375
3 0.643799472296 0.4171875 0.0369393139842 0.0375
0 0.776605101143 0.9578125 0.0175901495163 0.059375
