0 0.0202286719437 0.25703125 0.0351802990325 0.0359375
0 0.0562884784521 0.26484375 0.0351802990325 0.0359375
0 0.236147757256 0.63203125 0.0430958663149 0.0390625
0 0.296833773087 0.64140625 0.03781882146 0.0296875
0 0.747141600704 0.9765625 0.0167106420405 0.04375
0 0.732629727353 0.39921875 0.0404573438874 0.0453125
0 0.627088830255 0.39375 0.0404573438874 0.034375
3 0.652594547054 0.43203125 0.0334212840809 0.0328125
0 0.715919085312 0.49296875 0.0369393139842 0.0546875
0 0.781002638522 0.42421875 0.0404573438874 0.0515625
0 0.803430079156 0.353125 0.0343007915567 0.046875
0 0.760334212841 0.31953125 0.0395778364116 0.0453125
0 0.837291116974 0.26484375 0.0404573438874 0.0484375
0 0.930518909411 0.24609375 0.0404573438874 0.0484375
2 0.966578715919 0.4828125 0.0492524186456 0.059375
0 0.193491644679 0.29296875 0.0386983289358 0.0328125
