0 0.837730870712401 0.028125 0.030782761653474055 0.05625
0 0.8711521547933158 0.02109375 0.02726473175021988 0.0421875
0 0.837730870712401 0.15625 0.029023746701846966 0.06875
0 0.7810026385224275 0.21953125 0.029903254177660512 0.0671875
2 0.8034300791556729 0.35546875 0.02550571679859279 0.0703125
0 0.6992084432717678 0.4296875 0.03518029903254178 0.06875
2 0.8592788038698329 0.21406250000000002 0.07387862796833773 0.178125
0 0.9912049252418647 0.7625000000000001 0.0158311345646438 0.043750000000000004
0 0.36103781882146 0.775 0.03430079155672824 0.053125000000000006
2 0.01715039577836412 0.84296875 0.03430079155672824 0.0703125
2 0.06992084432717678 0.9578125000000001 0.05364995602462621 0.08125
0 0.24802110817941952 0.9109375000000001 0.0316622691292876 0.046875
0 0.21811785400175904 0.94296875 0.029903254177660512 0.0484375
0 0.5492524186455585 0.8765625 0.0395778364116095 0.0625
0 0.5545294635004397 0.9460937500000001 0.0395778364116095 0.0578125
0 0.565523306948109 0.984375 0.03342128408091469 0.028125
