0 0.143799472296 0.27890625 0.0343007915567 0.0421875
0 0.162269129288 0.42890625 0.0360598065084 0.0453125
0 0.304749340369 0.41015625 0.0360598065084 0.0484375
0 0.455145118734 0.48828125 0.0360598065084 0.0484375
0 0.521547933157 0.859375 0.0386983289358 0.05625
3 0.723394898857 0.7921875 0.0466138962181 0.065625
2 0.901055408971 0.5203125 0.0360598065084 0.075
0 0.87598944591 0.6046875 0.0299032541777 0.0625
0 0.822779243624 0.54609375 0.0219876868953 0.0453125
0 0.820140721196 0.921875 0.0395778364116 0.06875
0 0.0338610378188 0.01640625 0.0202286719437 0.0328125
