0 0.8852242744063324 0.47500000000000003 0.0395778364116095 0.046875
2 0.6578715919085313 0.6671875 0.04573438874230431 0.059375000000000004
0 0.06860158311345647 0.675 0.04573438874230431 0.037500000000000006
0 0.14819700967458224 0.6898437500000001 0.04133685136323659 0.0390625
0 0.7264731750219877 0.34609375000000003 0.03342128408091469 0.045312500000000006
0 0.6697449428320141 0.3375 0.0395778364116095 0.053125000000000006
0 0.5932277924362357 0.39687500000000003 0.0395778364116095 0.046875
0 0.644678979771328 0.40703125 0.03869832893579596 0.0484375
0 0.6556728232189974 0.4609375 0.04133685136323659 0.05
0 0.7449428320140722 0.275 0.04221635883905013 0.059375000000000004
0 0.9146877748460862 0.19140625 0.040457343887423045 0.051562500000000004
0 0.5866314863676342 0.525 0.03518029903254178 0.05
3 0.5756376429199649 0.45703125 0.032541776605101144 0.0421875
0 0.04353562005277045 0.34140625 0.0395778364116095 0.035937500000000004
