0 0.7748460861917327 0.4078125 0.04397537379067722 0.05
0 0.7581354441512753 0.6984375 0.040457343887423045 0.05
0 0.6943711521547934 0.53046875 0.03430079155672824 0.045312500000000006
0 0.5149516270888302 0.7406250000000001 0.03605980650835532 0.046875
0 0.5879507475813545 0.61328125 0.0395778364116095 0.0484375
0 0.6336851363236587 0.6375000000000001 0.04309586631486368 0.05
0 0.6059806508355321 0.54609375 0.040457343887423045 0.0546875
0 0.5461741424802111 0.59296875 0.04221635883905013 0.051562500000000004
3 0.5206684256816183 0.66328125 0.0316622691292876 0.0421875
0 0.010114335971855761 0.90625 0.020228671943711522 0.034375
0 0.40589270008795075 0.97421875 0.04133685136323659 0.0484375
