0 0.9423922603342129 0.32109375 0.030782761653474055 0.0390625
0 0.8601583113456465 0.39921875 0.03518029903254178 0.0421875
0 0.7642919964819701 0.4390625 0.03518029903254178 0.046875
0 0.7713280562884784 0.47890625000000003 0.036939313984168866 0.045312500000000006
0 0.7801231310466139 0.53359375 0.036939313984168866 0.045312500000000006
6 0.8509234828496043 0.45937500000000003 0.08003518029903255 0.1
3 0.8183817062445031 0.43593750000000003 0.03781882145998241 0.059375000000000004
2 0.17282321899736147 0.0734375 0.05716798592788039 0.09062500000000001
3 0.29155672823219 0.21875 0.032541776605101144 0.059375000000000004
2 0.3298153034300792 0.51171875 0.036939313984168866 0.0703125
0 0.33201407211961304 0.659375 0.0237467018469657 0.05
0 0.3724714160070361 0.57734375 0.032541776605101144 0.0546875
