0 0.8394898856640282 0.09531250000000001 0.029023746701846966 0.043750000000000004
0 0.8482849604221636 0.13203125000000002 0.029023746701846966 0.0390625
0 0.7348284960422163 0.30390625000000004 0.02550571679859279 0.045312500000000006
0 0.6943711521547934 0.3515625 0.032541776605101144 0.043750000000000004
3 0.6495162708883025 0.40390625 0.03605980650835532 0.0578125
0 0.6015831134564644 0.40937500000000004 0.0316622691292876 0.05
0 0.6033421284080915 0.4578125 0.0316622691292876 0.05
0 0.6037818821459983 0.5203125000000001 0.03430079155672824 0.05
6 0.6882145998240985 0.41328125000000004 0.07299912049252419 0.11093750000000001
0 0.9085312225153914 0.41718750000000004 0.024626209322779244 0.034375
0 0.8865435356200528 0.4453125 0.024626209322779244 0.034375
2 0.6525945470536499 0.6234375000000001 0.040457343887423045 0.07187500000000001
0 0.18117854001759015 0.70703125 0.024626209322779244 0.045312500000000006
2 0.1741424802110818 0.55859375 0.03869832893579596 0.060937500000000006
0 0.22207563764292 0.61328125 0.032541776605101144 0.0546875
