3 0.103781882146 0.440625 0.0228671943712 0.078125
6 0.524626209323 0.584375 0.185576077397 0.071875
0 0.137203166227 0.103125 0.0175901495163 0.053125
0 0.0954265611258 0.24453125 0.0255057167986 0.0578125
0 0.288038698329 0.45703125 0.0290237467018 0.0265625
0 0.32145998241 0.6078125 0.03781882146 0.034375
0 0.358839050132 0.559375 0.0422163588391 0.03125
0 0.268249780123 0.60234375 0.0369393139842 0.0296875
0 0.291556728232 0.5515625 0.0360598065084 0.034375
0 0.391820580475 0.71484375 0.03781882146 0.0359375
0 0.0184696569921 0.74609375 0.0334212840809 0.0765625
6 0.0175901495163 0.0671875 0.0351802990325 0.134375
