0 0.07959542656112577 0.58125 0.02726473175021988 0.028125
0 0.04309586631486368 0.22109375 0.029903254177660512 0.026562500000000003
0 0.7796833773087072 0.68515625 0.029023746701846966 0.0328125
0 0.6552330694810906 0.59296875 0.0316622691292876 0.0328125
0 0.6103781882145999 0.6109375 0.0316622691292876 0.028125
0 0.5668425681618294 0.6335937500000001 0.03430079155672824 0.0328125
0 0.5268249780123131 0.6578125 0.029903254177660512 0.034375
0 0.8676341248900616 0.49296875 0.02550571679859279 0.029687500000000002
0 0.9617414248021109 0.66015625 0.029023746701846966 0.029687500000000002
6 0.9204045734388743 0.62890625 0.13808267370272648 0.1078125
6 0.6442392260334213 0.6328125 0.11345646437994723 0.084375
