0 0.971416007036 0.71015625 0.023746701847 0.0515625
0 0.645118733509 0.63359375 0.0290237467018 0.0296875
0 0.664907651715 0.55625 0.0334212840809 0.03125
0 0.522427440633 0.61953125 0.0246262093228 0.0296875
0 0.298592788039 0.72890625 0.0307827616535 0.0421875
0 0.344327176781 0.70390625 0.0343007915567 0.0390625
0 0.393579595427 0.67578125 0.0325417766051 0.0359375
0 0.442832014072 0.653125 0.0343007915567 0.0375
6 0.426121372032 0.6953125 0.122251539138 0.0875
6 0.959542656113 0.56171875 0.0791556728232 0.0859375
