5 0.365435356201 0.93359375 0.0765171503958 0.0953125
0 0.463500439754 0.74765625 0.0334212840809 0.0328125
0 0.522427440633 0.7546875 0.0351802990325 0.034375
0 0.43491644679 0.7859375 0.03781882146 0.03125
0 0.485927880387 0.7921875 0.0325417766051 0.028125
6 0.672823218997 0.77578125 0.170624450308 0.0828125
0 0.850483729112 0.81640625 0.0334212840809 0.0296875
0 0.207124010554 0.475 0.0149516270888 0.046875
0 0.206244503078 0.5234375 0.0167106420405 0.04375
0 0.240105540897 0.278125 0.014072119613 0.04375
3 0.310026385224 0.015625 0.0167106420405 0.03125
0 0.294635004398 0.159375 0.0123131046614 0.034375
6 0.231310466139 0.38828125 0.0246262093228 0.1359375
6 0.304309586631 0.63828125 0.0316622691293 0.1796875
0 0.457343887423 0.66953125 0.0211081794195 0.0234375
