6 0.3324538258575198 0.58828125 0.028144239226033423 0.1796875
6 0.6987686895338611 0.7820312500000001 0.17150395778364116 0.0859375
0 0.8632365875109939 0.8203125 0.032541776605101144 0.028125
0 0.4890061565523307 0.7507812500000001 0.03518029903254178 0.0328125
0 0.548372911169745 0.7546875000000001 0.03605980650835532 0.037500000000000006
0 0.46130167106420406 0.7875000000000001 0.03430079155672824 0.025
0 0.5114335971855761 0.7984375 0.03430079155672824 0.03125
5 0.4437115215479332 0.90390625 0.0712401055408971 0.07968750000000001
0 0.26033421284080915 0.27968750000000003 0.012313104661389622 0.043750000000000004
6 0.25241864555848725 0.38984375000000004 0.022867194371152155 0.1296875
0 0.22911169744942833 0.47421875 0.014951627088830256 0.045312500000000006
0 0.31266490765171506 0.1078125 0.00967458223394899 0.025
