5 0.308267370273 0.96015625 0.0712401055409 0.0765625
6 0.219437115215 0.38984375 0.0255057167986 0.1453125
6 0.660510114336 0.76875 0.168865435356 0.075
0 0.448988566403 0.74296875 0.0307827616535 0.0359375
0 0.508795074758 0.7484375 0.0395778364116 0.0375
0 0.443711521548 0.6671875 0.0255057167986 0.034375
0 0.423043095866 0.7875 0.0316622691293 0.034375
0 0.474494283201 0.79296875 0.0343007915567 0.0328125
0 0.194371152155 0.47890625 0.0158311345646 0.0546875
0 0.194810905893 0.5296875 0.0167106420405 0.05
0 0.229111697449 0.2765625 0.0149516270888 0.040625
0 0.281882145998 0.2171875 0.0149516270888 0.040625
6 0.286719437115 0.70234375 0.0422163588391 0.1953125
0 0.853122251539 0.81328125 0.0369393139842 0.0296875
3 0.299032541777 0.06171875 0.0105540897098 0.0359375
