0 0.563764291996 0.778125 0.0334212840809 0.040625
0 0.606420404573 0.75078125 0.0325417766051 0.0359375
0 0.650835532102 0.721875 0.0316622691293 0.03125
0 0.698328935796 0.70390625 0.0334212840809 0.0390625
6 0.6890941073 0.74765625 0.118733509235 0.0859375
6 0.852682497801 0.83203125 0.155672823219 0.1328125
0 0.819700967458 0.9109375 0.0316622691293 0.034375
0 0.650835532102 0.975 0.0351802990325 0.046875
0 0.0809146877748 0.68125 0.0299032541777 0.03125
0 0.0430958663149 0.27734375 0.0299032541777 0.0328125
