0 0.09146877748460862 0.60859375 0.028144239226033423 0.029687500000000002
0 0.051890941072999124 0.23671875 0.028144239226033423 0.029687500000000002
0 0.6789797713280563 0.62421875 0.0316622691292876 0.0328125
0 0.6341248900615656 0.6429687500000001 0.0316622691292876 0.029687500000000002
0 0.5897097625329816 0.6671875 0.03430079155672824 0.034375
0 0.5488126649076518 0.6937500000000001 0.0316622691292876 0.037500000000000006
0 0.7440633245382586 0.77109375 0.0316622691292876 0.035937500000000004
0 0.9340369393139842 0.5015625 0.024626209322779244 0.028125
0 0.9270008795074759 0.734375 0.028144239226033423 0.028125
6 0.9032541776605102 0.6875 0.14599824098504838 0.12187500000000001
6 0.6706244503078277 0.66328125 0.11345646437994723 0.08281250000000001
