6 0.6046613896218118 0.8171875000000001 0.12225153913808268 0.21250000000000002
0 0.5562884784520669 0.9765625 0.029023746701846966 0.043750000000000004
6 0.5079155672823219 0.7429687500000001 0.09938434476693052 0.1484375
0 0.39533861037818824 0.8625 0.030782761653474055 0.053125000000000006
0 0.4331574318381706 0.8054687500000001 0.032541776605101144 0.0546875
0 0.4683377308707124 0.74609375 0.029023746701846966 0.051562500000000004
0 0.5083553210202287 0.6937500000000001 0.029903254177660512 0.046875
0 0.8240985048372912 0.24921875000000002 0.0158311345646438 0.029687500000000002
0 0.9784520668425682 0.04296875 0.016710642040457344 0.026562500000000003
0 0.9551451187335093 0.025 0.014072119613016711 0.025
0 0.9810905892700088 0.1421875 0.018469656992084433 0.025
2 0.9863676341248901 0.36250000000000004 0.0237467018469657 0.034375
