0 0.07871591908531222 0.63671875 0.0395778364116095 0.045312500000000006
0 0.2088830255057168 0.56796875 0.04309586631486368 0.0421875
0 0.2928759894459103 0.53046875 0.03342128408091469 0.0390625
0 0.3654353562005277 0.49531250000000004 0.04309586631486368 0.046875
6 0.20404573438874232 0.6273437500000001 0.15479331574318383 0.11406250000000001
0 0.8671943711521548 0.6507812500000001 0.021108179419525065 0.0734375
3 0.9815303430079156 0.209375 0.03518029903254178 0.046875
0 0.9195250659630607 0.96015625 0.0237467018469657 0.0703125
0 0.9727352682497802 0.9773437500000001 0.021108179419525065 0.0421875
0 0.9463500439753738 0.9796875 0.01759014951627089 0.037500000000000006
