0 0.6631486367634125 0.5046875000000001 0.022867194371152155 0.03125
0 0.5457343887423043 0.5546875 0.029023746701846966 0.03125
0 0.5004397537379068 0.571875 0.029903254177660512 0.03125
0 0.45822339489885666 0.59609375 0.029903254177660512 0.029687500000000002
0 0.41600703605980655 0.62109375 0.029903254177660512 0.0328125
6 0.5338610378188214 0.59375 0.11257695690413369 0.07500000000000001
0 0.9287598944591029 0.4375 0.026385224274406333 0.028125
0 0.8764291996481971 0.41171875 0.02726473175021988 0.026562500000000003
0 0.8667546174142481 0.5234375 0.02550571679859279 0.028125
6 0.9291996481970097 0.5234375 0.13104661389621813 0.1
