6 0.123131046614 0.27578125 0.0299032541777 0.1609375
6 0.597625329815 0.7328125 0.182058047493 0.090625
0 0.73746701847 0.90234375 0.0360598065084 0.0265625
0 0.370712401055 0.61328125 0.0290237467018 0.0296875
0 0.373350923483 0.7046875 0.0360598065084 0.03125
0 0.438874230431 0.71015625 0.0404573438874 0.0390625
0 0.347845206684 0.75234375 0.0343007915567 0.0296875
0 0.401934916447 0.75390625 0.0369393139842 0.0296875
0 0.182497801231 0.56875 0.0202286719437 0.06875
0 0.233948988566 0.05546875 0.014072119613 0.0390625
0 0.198768689534 0.14140625 0.0193491644679 0.0390625
0 0.135883905013 0.08828125 0.0184696569921 0.0515625
0 0.0985048372911 0.33125 0.0193491644679 0.053125
0 0.094107299912 0.44375 0.0175901495163 0.053125
0 0.0404573438874 0.71640625 0.0246262093228 0.0578125
3 0.211521547933 0.30703125 0.0184696569921 0.0578125
6 0.128408091469 0.98359375 0.0439753737907 0.0296875
