0 0.905452946350044 0.503125 0.02550571679859279 0.025
0 0.7972735268249781 0.446875 0.030782761653474055 0.03125
0 0.8328935795954266 0.48515625 0.026385224274406333 0.026562500000000003
0 0.6059806508355321 0.52890625 0.026385224274406333 0.029687500000000002
0 0.3751099384344767 0.63671875 0.03605980650835532 0.035937500000000004
0 0.41688654353562005 0.6140625000000001 0.0316622691292876 0.037500000000000006
0 0.509674582233949 0.5703125 0.030782761653474055 0.037500000000000006
0 0.4626209322779244 0.5906250000000001 0.028144239226033423 0.028125
6 0.494283201407212 0.609375 0.11257695690413369 0.07500000000000001
6 0.9357959542656114 0.51796875 0.1266490765171504 0.09843750000000001
