6 0.04177660510114336 0.9656250000000001 0.05364995602462621 0.065625
6 0.5532102022867195 0.5703125 0.18645558487247144 0.08125
6 0.05145118733509235 0.07421875 0.03430079155672824 0.1484375
0 0.030782761653474055 0.06484375 0.01934916446789798 0.051562500000000004
0 0.1693051890941073 0.014843750000000001 0.018469656992084433 0.029687500000000002
0 0.1297273526824978 0.1265625 0.018469656992084433 0.05625
0 0.028583992963940194 0.26171875 0.02198768689533861 0.0578125
0 0.007475813544415128 0.39453125 0.014951627088830256 0.0546875
3 0.14599824098504838 0.3203125 0.021108179419525065 0.08125
0 0.08311345646437995 0.6171875 0.030782761653474055 0.07187500000000001
0 0.3232189973614776 0.5375 0.03605980650835532 0.03125
0 0.5017590149516271 0.7109375 0.03781882145998241 0.034375
0 0.3201407211961302 0.446875 0.026385224274406333 0.025
0 0.3878627968337731 0.54453125 0.040457343887423045 0.0390625
0 0.2994722955145119 0.58984375 0.03430079155672824 0.029687500000000002
0 0.3544415127528584 0.5953125 0.03342128408091469 0.028125
