0 0.232189973615 0.3765625 0.0369393139842 0.040625
0 0.43491644679 0.1765625 0.03781882146 0.04375
0 0.362796833773 0.2140625 0.0325417766051 0.0375
0 0.286719437115 0.2484375 0.0422163588391 0.04375
0 0.228671943712 0.275 0.0404573438874 0.04375
0 0.149516270888 0.3203125 0.0422163588391 0.0375
0 0.0369393139842 0.37890625 0.0386983289358 0.0453125
0 0.950307827617 0.646875 0.0184696569921 0.075
0 0.975373790677 0.6421875 0.0193491644679 0.075
0 0.87598944591 0.3359375 0.0246262093228 0.06875
0 0.92656112577 0.6171875 0.023746701847 0.08125
