0 0.7928759894459103 0.28359375000000003 0.018469656992084433 0.035937500000000004
6 0.627528583992964 0.74375 0.1187335092348285 0.2
0 0.5954265611257696 0.8718750000000001 0.026385224274406333 0.05
0 0.5043975373790678 0.6726562500000001 0.030782761653474055 0.0484375
0 0.465259454705365 0.7203125 0.028144239226033423 0.043750000000000004
0 0.4274406332453826 0.77734375 0.029903254177660512 0.0484375
0 0.3927000879507476 0.83515625 0.030782761653474055 0.051562500000000004
6 0.5013192612137204 0.71875 0.10026385224274406 0.146875
0 0.9617414248021109 0.014843750000000001 0.014951627088830256 0.0234375
0 0.959542656112577 0.07265625 0.01759014951627089 0.026562500000000003
2 0.9854881266490766 0.35468750000000004 0.0237467018469657 0.03125
