0 0.1851363236587511 0.659375 0.044854881266490766 0.037500000000000006
0 0.5408970976253299 0.69296875 0.040457343887423045 0.0390625
0 0.04705364995602463 0.6921875000000001 0.044854881266490766 0.034375
0 0.10026385224274406 0.690625 0.03869832893579596 0.037500000000000006
0 0.0712401055408971 0.2984375 0.040457343887423045 0.034375
0 0.0712401055408971 0.259375 0.036939313984168866 0.03125
0 0.07211961301671065 0.18671875000000002 0.03869832893579596 0.0328125
2 0.31046613896218117 0.00625 0.0474934036939314 0.0125
2 0.31266490765171506 0.0390625 0.044854881266490766 0.043750000000000004
0 0.32717678100263853 0.1234375 0.04397537379067722 0.040625
0 0.8632365875109939 0.94453125 0.03430079155672824 0.0390625
0 0.9472295514511874 0.8125 0.0474934036939314 0.034375
0 0.940193491644679 0.8515625 0.04397537379067722 0.034375
0 0.9410729991204926 0.8875000000000001 0.04573438874230431 0.03125
0 0.9432717678100264 0.92734375 0.04133685136323659 0.035937500000000004
0 0.9419525065963061 0.9632812500000001 0.04221635883905013 0.029687500000000002
