6 0.38742304309586634 0.40390625 0.14863676341248902 0.09843750000000001
0 0.4283201407211962 0.57734375 0.04221635883905013 0.045312500000000006
0 0.4626209322779244 0.6531250000000001 0.040457343887423045 0.040625
0 0.36499560246262097 0.6546875000000001 0.03869832893579596 0.037500000000000006
0 0.28144239226033424 0.5710937500000001 0.04221635883905013 0.045312500000000006
0 0.19656992084432717 0.21406250000000002 0.032541776605101144 0.034375
0 0.22603342128408094 0.22734375 0.0316622691292876 0.0328125
0 0.351363236587511 0.28203125 0.03781882145998241 0.0421875
0 0.010554089709762533 0.12812500000000002 0.021108179419525065 0.03125
0 0.044854881266490766 0.1453125 0.03518029903254178 0.040625
0 0.9393139841688655 0.49921875000000004 0.03869832893579596 0.0421875
