0 0.102022867194 0.58046875 0.0439753737907 0.0453125
0 0.309586631486 0.25234375 0.0316622691293 0.0390625
0 0.339489885664 0.26640625 0.0299032541777 0.0390625
0 0.466138962181 0.32265625 0.0386983289358 0.0421875
0 0.028144239226 0.13359375 0.0351802990325 0.0359375
0 0.0734388742304 0.146875 0.0413368513632 0.0375
0 0.115655233069 0.16328125 0.0395778364116 0.0453125
0 0.157431838171 0.18046875 0.0334212840809 0.0421875
6 0.394019349164 0.39609375 0.147757255937 0.1046875
0 0.457783641161 0.63515625 0.0395778364116 0.0390625
0 0.545294635004 0.62109375 0.0439753737907 0.0453125
0 0.581794195251 0.69296875 0.0430958663149 0.0421875
0 0.483729111697 0.696875 0.0351802990325 0.0375
0 0.910290237467 0.653125 0.0386983289358 0.046875
