0 0.008795074758135445 0.6898437500000001 0.01759014951627089 0.0328125
0 0.09322779243623572 0.690625 0.04221635883905013 0.034375
0 0.14775725593667546 0.6843750000000001 0.03869832893579596 0.03125
0 0.2326297273526825 0.659375 0.04309586631486368 0.034375
0 0.1187335092348285 0.184375 0.04221635883905013 0.034375
0 0.1187335092348285 0.25703125 0.040457343887423045 0.029687500000000002
0 0.12005277044854881 0.29375 0.0395778364116095 0.028125
0 0.015391380826737027 0.35468750000000004 0.030782761653474055 0.037500000000000006
0 0.3755496921723835 0.12187500000000001 0.04221635883905013 0.034375
2 0.36147757255936674 0.035937500000000004 0.04397537379067722 0.05
2 0.36059806508355324 0.0054687500000000005 0.04397537379067722 0.010937500000000001
0 0.5905892700087951 0.6890625 0.04133685136323659 0.034375
0 0.9199648197009676 0.94453125 0.04925241864555849 0.0421875
0 0.9872471416007037 0.80859375 0.0237467018469657 0.0328125
0 0.984608619173263 0.84921875 0.029023746701846966 0.035937500000000004
0 0.9837291116974495 0.8875000000000001 0.030782761653474055 0.03125
0 0.9863676341248901 0.9265625000000001 0.02550571679859279 0.03125
0 0.9854881266490766 0.9617187500000001 0.02726473175021988 0.0328125
