0 0.2058047493403694 0.5265625 0.0316622691292876 0.043750000000000004
0 0.5263852242744064 0.3875 0.029023746701846966 0.046875
0 0.5470536499560247 0.39921875 0.028144239226033423 0.045312500000000006
0 0.49604221635883905 0.3296875 0.022867194371152155 0.034375
0 0.5699208443271768 0.33046875000000003 0.0316622691292876 0.0484375
0 0.5905892700087951 0.34921875 0.029023746701846966 0.045312500000000006
0 0.6543535620052771 0.2234375 0.024626209322779244 0.037500000000000006
0 0.6640281442392261 0.26328125 0.026385224274406333 0.0421875
0 0.6301671064204046 0.3015625 0.02550571679859279 0.034375
2 0.6068601583113457 0.28203125 0.0316622691292876 0.060937500000000006
0 0.7172383465259455 0.19843750000000002 0.0237467018469657 0.034375
