0 0.246701846966 0.33984375 0.0255057167986 0.0640625
0 0.297273526825 0.01484375 0.0193491644679 0.0296875
0 0.374670184697 0.25703125 0.0246262093228 0.0703125
0 0.773966578716 0.4453125 0.0334212840809 0.040625
0 0.833333333333 0.4296875 0.0360598065084 0.034375
0 0.610378188215 0.3671875 0.0316622691293 0.0375
0 0.625329815303 0.4609375 0.0369393139842 0.040625
0 0.640281442392 0.49921875 0.0351802990325 0.0421875
0 0.695250659631 0.43046875 0.0430958663149 0.0453125
0 0.710642040457 0.47421875 0.0386983289358 0.0421875
2 0.75417766051 0.4015625 0.0448548812665 0.053125
