2 0.118733509235 0.25078125 0.0263852242744 0.0765625
2 0.356640281442 0.15 0.0202286719437 0.08125
3 0.387862796834 0.06171875 0.0211081794195 0.0765625
0 0.123570800352 0.32109375 0.0325417766051 0.0328125
0 0.163588390501 0.34921875 0.0334212840809 0.0359375
0 0.208883025506 0.3609375 0.0395778364116 0.0375
0 0.252858399296 0.3734375 0.03781882146 0.034375
0 0.29419525066 0.390625 0.0360598065084 0.040625
6 0.258135444151 0.48671875 0.155672823219 0.1015625
0 0.610817941953 0.515625 0.0395778364116 0.034375
0 0.448988566403 0.453125 0.0290237467018 0.034375
0 0.481530343008 0.46484375 0.0307827616535 0.0359375
0 0.368073878628 0.75 0.0413368513632 0.046875
0 0.253298153034 0.8171875 0.0439753737907 0.053125
0 0.788478452067 0.8546875 0.0466138962181 0.046875
0 0.750659630607 0.90546875 0.0430958663149 0.0421875
0 0.666226912929 0.8703125 0.0413368513632 0.04375
0 0.645558487247 0.91484375 0.0369393139842 0.0390625
