0 0.01890941073 0.21171875 0.0290237467018 0.0390625
0 0.390941072999 0.70625 0.0343007915567 0.046875
0 0.660510114336 0.58671875 0.0351802990325 0.0390625
0 0.712840809147 0.59609375 0.0290237467018 0.0515625
0 0.671503957784 0.48125 0.023746701847 0.0375
0 0.725593667546 0.51640625 0.0334212840809 0.0546875
0 0.766490765172 0.5109375 0.0307827616535 0.05
0 0.807387862797 0.45390625 0.0228671943712 0.0359375
0 0.839929639402 0.4109375 0.0263852242744 0.040625
0 0.87598944591 0.3578125 0.0246262093228 0.040625
0 0.80255057168 0.4015625 0.0272647317502 0.04375
2 0.775725593668 0.44453125 0.0316622691293 0.0578125
