0 0.28891820580474936 0.134375 0.020228671943711522 0.043750000000000004
0 0.2691292875989446 0.5125000000000001 0.021108179419525065 0.053125000000000006
0 0.9239226033421285 0.525 0.03430079155672824 0.034375
0 0.9744942832014073 0.45156250000000003 0.03869832893579596 0.028125
0 0.7963940193491645 0.57578125 0.03781882145998241 0.035937500000000004
0 0.7440633245382586 0.5921875 0.029903254177660512 0.034375
0 0.6855760773966579 0.6125 0.03605980650835532 0.043750000000000004
0 0.6706244503078277 0.5750000000000001 0.03781882145998241 0.037500000000000006
0 0.6094986807387863 0.59921875 0.036939313984168866 0.0390625
0 0.6240105540897098 0.63203125 0.03605980650835532 0.035937500000000004
0 0.5923482849604222 0.51875 0.0237467018469657 0.028125
2 0.7251539138082674 0.553125 0.044854881266490766 0.05
