0 0.9586631486367635 0.58984375 0.03342128408091469 0.0328125
2 0.727792436235708 0.628125 0.044854881266490766 0.053125000000000006
0 0.5945470536499561 0.5921875 0.029903254177660512 0.028125
0 0.6108179419525066 0.67890625 0.03605980650835532 0.0390625
0 0.6253298153034301 0.7156250000000001 0.03518029903254178 0.037500000000000006
0 0.6737027264731751 0.6515625 0.04221635883905013 0.046875
0 0.6912928759894459 0.6921875000000001 0.040457343887423045 0.043750000000000004
0 0.7493403693931399 0.6664062500000001 0.03342128408091469 0.035937500000000004
0 0.8025505716798593 0.6546875000000001 0.0395778364116095 0.037500000000000006
0 0.2594547053649956 0.584375 0.024626209322779244 0.0625
0 0.2423043095866315 0.055468750000000004 0.016710642040457344 0.0421875
0 0.30518909410729994 0.259375 0.01934916446789798 0.05
