0 0.5571679859278804 0.6734375 0.020228671943711522 0.08125
0 0.58311345646438 0.67578125 0.01759014951627089 0.0703125
0 0.4274406332453826 0.5296875 0.040457343887423045 0.037500000000000006
0 0.47757255936675463 0.53515625 0.04221635883905013 0.0328125
0 0.474934036939314 0.57265625 0.04221635883905013 0.0328125
0 0.4762532981530343 0.6125 0.044854881266490766 0.03125
0 0.4261213720316623 0.5710937500000001 0.03605980650835532 0.029687500000000002
0 0.42480211081794195 0.6062500000000001 0.040457343887423045 0.03125
0 0.42348284960422167 0.6421875 0.04133685136323659 0.034375
0 0.4758135444151276 0.6492187500000001 0.04397537379067722 0.0328125
0 0.42480211081794195 0.68359375 0.04221635883905013 0.029687500000000002
0 0.42700087950747584 0.72421875 0.03781882145998241 0.029687500000000002
0 0.47449428320140724 0.69140625 0.0395778364116095 0.035937500000000004
0 0.47405452946350046 0.7328125000000001 0.040457343887423045 0.037500000000000006
0 0.4067722075637643 0.9906250000000001 0.04133685136323659 0.015625
0 0.4226033421284081 0.76484375 0.0395778364116095 0.035937500000000004
0 0.4212840809146878 0.8 0.040457343887423045 0.037500000000000006
0 0.4718557607739666 0.8125 0.04133685136323659 0.037500000000000006
0 0.47449428320140724 0.7703125000000001 0.0395778364116095 0.034375
0 0.46613896218117856 0.84921875 0.04397537379067722 0.035937500000000004
0 0.46613896218117856 0.890625 0.04221635883905013 0.037500000000000006
0 0.4639401934916447 0.9296875 0.0395778364116095 0.040625
0 0.46174142480211083 0.96796875 0.03869832893579596 0.0328125
0 0.41600703605980655 0.8406250000000001 0.040457343887423045 0.037500000000000006
0 0.4129287598944591 0.8812500000000001 0.04133685136323659 0.034375
0 0.4133685136323659 0.92109375 0.040457343887423045 0.035937500000000004
0 0.41116974494283204 0.9617187500000001 0.04133685136323659 0.0328125
0 0.24098504837291118 0.56484375 0.036939313984168866 0.035937500000000004
0 0.32585751978891825 0.446875 0.04309586631486368 0.037500000000000006
0 0.31574318381706246 0.48203125 0.04221635883905013 0.0328125
0 0.3144239226033421 0.51796875 0.04133685136323659 0.0390625
0 0.3135444151275286 0.5578125 0.0395778364116095 0.03125
0 0.30958663148636767 0.59140625 0.04221635883905013 0.035937500000000004
0 0.31266490765171506 0.63203125 0.04133685136323659 0.035937500000000004
0 0.3113456464379947 0.6742187500000001 0.040457343887423045 0.029687500000000002
0 0.32102022867194374 0.7109375 0.024626209322779244 0.034375
0 0.30518909410729994 0.7515625 0.04397537379067722 0.028125
0 0.3007915567282322 0.9828125000000001 0.04397537379067722 0.03125
0 0.30826737027264733 0.828125 0.02726473175021988 0.028125
0 0.2994722955145119 0.7921875 0.029023746701846966 0.03125
0 0.3073878627968338 0.86875 0.030782761653474055 0.03125
0 0.3087071240105541 0.90546875 0.026385224274406333 0.0328125
