0 0.272207563764292 0.25078125 0.03430079155672824 0.051562500000000004
0 0.3830255057167986 0.2484375 0.03781882145998241 0.06875
0 0.36015831134564646 0.26640625 0.03781882145998241 0.060937500000000006
0 0.3482849604221636 0.29531250000000003 0.03518029903254178 0.065625
0 0.33421284080914687 0.321875 0.03518029903254178 0.059375000000000004
0 0.3201407211961302 0.34921875 0.036939313984168866 0.06406250000000001
0 0.30782761653474056 0.384375 0.03518029903254178 0.0625
0 0.43491644678979774 0.4265625 0.03430079155672824 0.0625
0 0.47449428320140724 0.48281250000000003 0.03605980650835532 0.059375000000000004
0 0.4569041336851363 0.509375 0.03605980650835532 0.0625
0 0.44415127528584 0.54453125 0.03869832893579596 0.06406250000000001
0 0.43271767810026385 0.57421875 0.03869832893579596 0.06406250000000001
0 0.48856640281442393 0.68125 0.03430079155672824 0.07187500000000001
0 0.5109938434476693 0.70859375 0.0316622691292876 0.0703125
0 0.4182058047493404 0.60546875 0.03605980650835532 0.0578125
0 0.4036939313984169 0.6375000000000001 0.036939313984168866 0.065625
0 0.39226033421284084 0.671875 0.03518029903254178 0.0625
0 0.3751099384344767 0.6984375 0.03430079155672824 0.065625
0 0.3579595426561126 0.7250000000000001 0.03869832893579596 0.065625
0 0.24362357080035182 0.96640625 0.040457343887423045 0.06406250000000001
0 0.13060686015831136 0.7453125 0.03781882145998241 0.0625
0 0.08970976253298153 0.80078125 0.03342128408091469 0.060937500000000006
0 0.16974494283201408 0.69453125 0.028144239226033423 0.051562500000000004
0 0.18029903254177662 0.65546875 0.040457343887423045 0.0703125
0 0.21196130167106422 0.6078125000000001 0.028144239226033423 0.053125000000000006
0 0.22603342128408094 0.571875 0.024626209322779244 0.043750000000000004
0 0.23834652594547054 0.54140625 0.028144239226033423 0.0390625
0 0.24670184696569922 0.5 0.029023746701846966 0.046875
0 0.26561125769569044 0.4765625 0.03869832893579596 0.059375000000000004
0 0.2897977132805629 0.4578125 0.02550571679859279 0.040625
0 0.29507475813544415 0.41796875 0.030782761653474055 0.0546875
0 0.22867194371152155 0.84765625 0.036939313984168866 0.06406250000000001
0 0.24450307827616535 0.81796875 0.03869832893579596 0.06406250000000001
0 0.26033421284080915 0.78515625 0.03869832893579596 0.0703125
0 0.27616534740545295 0.7578125 0.03869832893579596 0.0625
0 0.2906772207563764 0.728125 0.03605980650835532 0.0625
0 0.3060686015831135 0.69453125 0.03342128408091469 0.0671875
0 0.31882145998240985 0.6648437500000001 0.03605980650835532 0.06406250000000001
0 0.3372911169744943 0.63671875 0.03430079155672824 0.06406250000000001
0 0.35268249780123134 0.60703125 0.03518029903254178 0.0578125
0 0.3817062445030783 0.5476562500000001 0.03869832893579596 0.0578125
0 0.3702726473175022 0.58046875 0.03342128408091469 0.060937500000000006
0 0.3935795954265611 0.509375 0.03430079155672824 0.0625
0 0.40765171503957787 0.48281250000000003 0.03430079155672824 0.059375000000000004
0 0.4212840809146878 0.45546875000000003 0.03518029903254178 0.0546875
0 0.25461741424802115 0.9375 0.03605980650835532 0.0625
0 0.2691292875989446 0.90625 0.03518029903254178 0.0625
0 0.2836411609498681 0.8734375000000001 0.03605980650835532 0.065625
0 0.301231310466139 0.84765625 0.03605980650835532 0.06406250000000001
0 0.3144239226033421 0.8171875000000001 0.03430079155672824 0.059375000000000004
0 0.32893579595426564 0.78515625 0.036939313984168866 0.0671875
0 0.3434476693051891 0.75703125 0.03605980650835532 0.06406250000000001
