0 0.6284080914687775 0.49296875 0.03605980650835532 0.029687500000000002
0 0.6116974494283202 0.41953125 0.02550571679859279 0.026562500000000003
0 0.7036059806508356 0.503125 0.03869832893579596 0.03125
0 0.7563764291996482 0.48828125 0.0316622691292876 0.029687500000000002
0 0.8056288478452067 0.47500000000000003 0.0316622691292876 0.034375
0 0.689094107299912 0.46953125 0.04133685136323659 0.035937500000000004
0 0.6424802110817942 0.525 0.032541776605101144 0.037500000000000006
2 0.7387862796833773 0.44843750000000004 0.03869832893579596 0.046875
0 0.88830255057168 0.39453125 0.036939313984168866 0.0328125
0 0.9014951627088831 0.44062500000000004 0.03518029903254178 0.034375
0 0.3038698328935796 0.40859375000000003 0.020228671943711522 0.051562500000000004
