0 0.3465259454705365 0.60859375 0.0316622691292876 0.045312500000000006
0 0.8315743183817063 0.27109375 0.0237467018469657 0.035937500000000004
0 0.7911169744942832 0.3296875 0.02726473175021988 0.046875
0 0.758575197889182 0.36484375 0.02198768689533861 0.0421875
0 0.7216358839050132 0.4140625 0.030782761653474055 0.046875
0 0.6917326297273527 0.40546875000000004 0.030782761653474055 0.0484375
0 0.6420404573438875 0.46953125 0.0316622691292876 0.035937500000000004
0 0.6741424802110818 0.48203125 0.02726473175021988 0.045312500000000006
0 0.7572559366754618 0.309375 0.022867194371152155 0.03125
0 0.6253298153034301 0.3953125 0.028144239226033423 0.037500000000000006
2 0.7335092348284961 0.34296875000000004 0.0316622691292876 0.0578125
