2 0.12576956904133685 0.178125 0.029903254177660512 0.078125
2 0.36147757255936674 0.08750000000000001 0.026385224274406333 0.078125
0 0.1297273526824978 0.246875 0.032541776605101144 0.028125
0 0.16886543535620052 0.2765625 0.036939313984168866 0.037500000000000006
0 0.21459982409850484 0.28671875 0.04397537379067722 0.0390625
0 0.2581354441512753 0.30390625000000004 0.0395778364116095 0.0390625
0 0.2981530343007916 0.321875 0.03342128408091469 0.037500000000000006
0 0.4516270888302551 0.39296875000000003 0.03430079155672824 0.035937500000000004
0 0.48504837291116976 0.40546875000000004 0.030782761653474055 0.0390625
0 0.6116974494283202 0.45937500000000003 0.032541776605101144 0.040625
0 0.25505716798592787 0.6265625 0.0474934036939314 0.040625
0 0.25285839929639403 0.7351562500000001 0.04133685136323659 0.0484375
0 0.7282321899736148 0.78046875 0.04573438874230431 0.0421875
0 0.7401055408970977 0.846875 0.04309586631486368 0.040625
0 0.6539138082673703 0.8046875 0.04133685136323659 0.040625
0 0.6398416886543536 0.8500000000000001 0.03781882145998241 0.040625
