0 0.32849604221635886 0.7984375 0.03430079155672824 0.053125000000000006
0 0.21591908531222517 0.971875 0.0395778364116095 0.053125000000000006
0 0.281882145998241 0.97265625 0.03781882145998241 0.051562500000000004
0 0.5747581354441513 0.8546875 0.03781882145998241 0.0625
0 0.5892700087950747 0.8968750000000001 0.03342128408091469 0.059375000000000004
0 0.6759014951627089 0.66953125 0.03430079155672824 0.0671875
0 0.7387862796833773 0.40078125000000003 0.0316622691292876 0.0671875
0 0.9784520668425682 0.50625 0.032541776605101144 0.043750000000000004
0 0.9520668425681619 0.603125 0.04133685136323659 0.059375000000000004
0 0.9485488126649076 0.6484375 0.04133685136323659 0.053125000000000006
