0 0.9920844327176781 0.39687500000000003 0.014072119613016711 0.034375
0 0.5958663148636764 0.41250000000000003 0.030782761653474055 0.03125
0 0.613896218117854 0.5015625 0.040457343887423045 0.037500000000000006
0 0.6270888302550572 0.54140625 0.040457343887423045 0.0390625
0 0.6939313984168866 0.5171875 0.03869832893579596 0.043750000000000004
0 0.7550571679859279 0.4890625 0.032541776605101144 0.043750000000000004
0 0.8113456464379948 0.47265625 0.0395778364116095 0.035937500000000004
0 0.677660510114336 0.47187500000000004 0.04133685136323659 0.043750000000000004
2 0.7361477572559367 0.45078125 0.04573438874230431 0.051562500000000004
0 0.25417766051011437 0.40703125 0.026385224274406333 0.06406250000000001
0 0.31882145998240985 0.13828125 0.02198768689533861 0.0546875
