0 0.688214599824 0.209375 0.0255057167986 0.0375
0 0.635883905013 0.22109375 0.028144239226 0.0421875
0 0.628847845207 0.2828125 0.0263852242744 0.0375
2 0.571240105541 0.30078125 0.0307827616535 0.0640625
0 0.592788038698 0.321875 0.0228671943712 0.0375
0 0.552770448549 0.37109375 0.0290237467018 0.0453125
0 0.533861037819 0.34765625 0.0299032541777 0.0515625
0 0.489885664028 0.40859375 0.028144239226 0.0453125
0 0.50835532102 0.425 0.0299032541777 0.05
0 0.459102902375 0.3515625 0.0263852242744 0.0375
0 0.160949868074 0.5515625 0.0299032541777 0.040625
