0 0.250219876869 0.38671875 0.0272647317502 0.0703125
0 0.332453825858 0.1578125 0.0246262093228 0.0625
0 0.41380826737 0.42890625 0.0255057167986 0.0703125
0 0.624450307828 0.42734375 0.0316622691293 0.0328125
0 0.851363236588 0.49140625 0.0404573438874 0.0390625
0 0.788478452067 0.5140625 0.0343007915567 0.0375
0 0.709322779244 0.49375 0.0430958663149 0.0375
0 0.726033421284 0.54140625 0.0395778364116 0.0390625
0 0.64072119613 0.5296875 0.0413368513632 0.04375
0 0.655233069481 0.5671875 0.0404573438874 0.0375
2 0.769129287599 0.46875 0.0483729111697 0.053125
