0 0.0219876868953 0.45859375 0.0439753737907 0.0453125
0 0.0457343887423 0.1515625 0.0351802990325 0.034375
0 0.0861917326297 0.17890625 0.0351802990325 0.0359375
0 0.131486367634 0.19296875 0.0430958663149 0.0421875
0 0.173702726473 0.2109375 0.03781882146 0.040625
0 0.215919085312 0.22734375 0.0360598065084 0.0390625
0 0.366754617414 0.29765625 0.0316622691293 0.0390625
0 0.398416886544 0.3140625 0.0316622691293 0.034375
0 0.525945470536 0.36875 0.0351802990325 0.040625
0 0.165347405453 0.63203125 0.0439753737907 0.0421875
0 0.541336851363 0.6953125 0.0430958663149 0.04375
0 0.612137203166 0.675 0.0422163588391 0.04375
0 0.647317502199 0.7484375 0.0404573438874 0.040625
0 0.54837291117 0.75 0.0360598065084 0.040625
6 0.400175901495 0.415625 0.149516270888 0.10625
2 0.281882145998 0.02109375 0.0219876868953 0.0421875
2 0.0417766051011 0.084375 0.0272647317502 0.075
0 0.908531222515 0.7765625 0.0386983289358 0.053125
