0 0.05013192612137203 0.18984375 0.04397537379067722 0.045312500000000006
0 0.014951627088830256 0.7921875 0.029903254177660512 0.040625
0 0.09586631486367635 0.73203125 0.03869832893579596 0.0421875
0 0.15083553210202288 0.7054687500000001 0.04309586631486368 0.0390625
0 0.24494283201407213 0.6609375000000001 0.044854881266490766 0.043750000000000004
0 0.37159190853122254 0.32656250000000003 0.04661389621811786 0.046875
0 0.42172383465259455 0.8421875000000001 0.0395778364116095 0.043750000000000004
0 0.5817941952506597 0.38671875 0.02550571679859279 0.08281250000000001
0 0.6363236587510994 0.3640625 0.02198768689533861 0.078125
0 0.6600703605980651 0.3515625 0.02198768689533861 0.08125
0 0.6868953386103782 0.34218750000000003 0.021108179419525065 0.078125
0 0.3847845206684257 0.16171875000000002 0.02550571679859279 0.0765625
0 0.33509234828496043 0.18671875000000002 0.024626209322779244 0.07968750000000001
0 0.36103781882146 0.17578125 0.02198768689533861 0.07968750000000001
0 0.7335092348284961 0.23046875 0.040457343887423045 0.035937500000000004
0 0.4648197009674582 0.90234375 0.02198768689533861 0.0703125
0 0.5334212840809147 0.8828125 0.02198768689533861 0.07500000000000001
0 0.5734388742304309 0.86640625 0.022867194371152155 0.0765625
0 0.5998240985048373 0.8546875 0.022867194371152155 0.078125
0 0.4894459102902375 0.89765625 0.02550571679859279 0.08281250000000001
