0 0.6156552330694811 0.22734375 0.04925241864555849 0.0484375
0 0.3482849604221636 0.15234375 0.024626209322779244 0.0765625
0 0.3249780123131047 0.16718750000000002 0.02550571679859279 0.07500000000000001
0 0.4384344766930519 0.1625 0.044854881266490766 0.046875
0 0.4467897977132806 0.19843750000000002 0.04397537379067722 0.05
0 0.4511873350923483 0.23515625 0.040457343887423045 0.0484375
0 0.40809146877748464 0.015625 0.03869832893579596 0.03125
0 0.41688654353562005 0.046875 0.03869832893579596 0.046875
0 0.4243623570800352 0.08515625 0.04133685136323659 0.045312500000000006
0 0.43139841688654357 0.12265625000000001 0.04133685136323659 0.0390625
0 0.4995602462620933 0.2109375 0.036939313984168866 0.040625
0 0.46437994722955145 0.02734375 0.03869832893579596 0.045312500000000006
0 0.47229551451187335 0.0625 0.040457343887423045 0.034375
0 0.48240985048372914 0.1 0.04133685136323659 0.040625
0 0.48812664907651715 0.13593750000000002 0.040457343887423045 0.043750000000000004
0 0.4938434476693052 0.17109375000000002 0.0395778364116095 0.0421875
0 0.5839929639401935 0.0140625 0.04221635883905013 0.028125
0 0.5897097625329816 0.045312500000000006 0.044854881266490766 0.040625
0 0.5998240985048373 0.08046875 0.04397537379067722 0.045312500000000006
0 0.6046613896218118 0.1125 0.03781882145998241 0.040625
0 0.6090589270008795 0.153125 0.04309586631486368 0.040625
0 0.6169744942832014 0.184375 0.0395778364116095 0.040625
0 0.6728232189973615 0.06953125 0.04573438874230431 0.051562500000000004
