3 0.758575197889182 0.38515625000000003 0.05013192612137203 0.060937500000000006
0 0.882145998240985 0.20546875 0.04397537379067722 0.0421875
0 0.5338610378188214 0.10703125000000001 0.040457343887423045 0.0421875
0 0.4371152154793316 0.015625 0.03342128408091469 0.03125
0 0.44766930518909415 0.045312500000000006 0.04221635883905013 0.043750000000000004
0 0.4516270888302551 0.07890625000000001 0.04133685136323659 0.0421875
0 0.4621811785400176 0.12265625000000001 0.04661389621811786 0.0421875
0 0.47889182058047497 0.225 0.04133685136323659 0.043750000000000004
0 0.4727352682497801 0.1921875 0.04133685136323659 0.05
0 0.465259454705365 0.1546875 0.03869832893579596 0.046875
0 0.47405452946350046 0.26875 0.04221635883905013 0.046875
0 0.1851363236587511 0.20078125000000002 0.02550571679859279 0.0703125
0 0.20932277924362358 0.19062500000000002 0.024626209322779244 0.084375
0 0.3117854001759015 0.27187500000000003 0.04133685136323659 0.046875
0 0.3087071240105541 0.22968750000000002 0.04573438874230431 0.05
0 0.2994722955145119 0.19609375 0.044854881266490766 0.051562500000000004
0 0.29243623570800353 0.1640625 0.04309586631486368 0.046875
0 0.26561125769569044 0.015625 0.04221635883905013 0.03125
0 0.27044854881266495 0.046875 0.04133685136323659 0.043750000000000004
0 0.27792436235708007 0.08515625 0.04397537379067722 0.0390625
0 0.2854001759014952 0.11875000000000001 0.0395778364116095 0.046875
0 0.322339489885664 0.028125 0.03781882145998241 0.043750000000000004
0 0.32585751978891825 0.06484375 0.03781882145998241 0.0421875
0 0.335971855760774 0.10078125 0.040457343887423045 0.0390625
0 0.34476693051890944 0.13828125 0.040457343887423045 0.0421875
0 0.3496042216358839 0.17578125 0.0395778364116095 0.0421875
0 0.35576077396657874 0.2078125 0.0395778364116095 0.043750000000000004
0 0.3627968337730871 0.246875 0.0395778364116095 0.037500000000000006
