0 0.280123131047 0.828125 0.0290237467018 0.03125
0 0.425241864556 0.41796875 0.0395778364116 0.0328125
0 0.422163588391 0.4609375 0.0404573438874 0.03125
0 0.467018469657 0.3546875 0.0193491644679 0.065625
0 0.423922603342 0.53359375 0.0404573438874 0.0328125
0 0.421284080915 0.60859375 0.0404573438874 0.0328125
0 0.423043095866 0.653125 0.0422163588391 0.03125
2 0.554969217238 0.4265625 0.0246262093228 0.1125
3 0.603342128408 0.5703125 0.0263852242744 0.078125
0 0.408531222515 0.08203125 0.0167106420405 0.0796875
0 0.597185576077 0.1015625 0.0228671943712 0.065625
0 0.748900615655 0.3765625 0.0219876868953 0.075
0 0.828496042216 0.34375 0.0457343887423 0.03125
0 0.82981530343 0.38984375 0.0448548812665 0.0296875
0 0.832893579595 0.43515625 0.0422163588391 0.0328125
0 0.674582233949 0.72734375 0.0404573438874 0.0390625
0 0.747581354442 0.76640625 0.0193491644679 0.0734375
0 0.674142480211 0.821875 0.0395778364116 0.03125
0 0.675021987687 0.8671875 0.0448548812665 0.034375
0 0.674142480211 0.91953125 0.0430958663149 0.0328125
