0 0.7638522427440634 0.31640625 0.044854881266490766 0.0390625
0 0.4573438874230431 0.58515625 0.04573438874230431 0.0484375
0 0.4120492524186456 0.209375 0.04309586631486368 0.043750000000000004
0 0.06068601583113457 0.30859375 0.022867194371152155 0.0703125
0 0.08751099384344767 0.29375 0.02550571679859279 0.07500000000000001
0 0.1899736147757256 0.38125000000000003 0.04221635883905013 0.040625
0 0.18733509234828497 0.33906250000000004 0.04397537379067722 0.040625
0 0.1772207563764292 0.30312500000000003 0.044854881266490766 0.040625
0 0.17194371152154794 0.2703125 0.04133685136323659 0.037500000000000006
0 0.16446789797713282 0.22890625 0.03869832893579596 0.0390625
0 0.1490765171503958 0.15234375 0.04133685136323659 0.045312500000000006
0 0.1569920844327177 0.18906250000000002 0.0395778364116095 0.037500000000000006
0 0.13016710642040458 0.013281250000000001 0.04221635883905013 0.026562500000000003
0 0.1376429199648197 0.040625 0.0395778364116095 0.040625
0 0.1442392260334213 0.07734375 0.04221635883905013 0.0421875
0 0.14511873350923485 0.115625 0.040457343887423045 0.040625
0 0.18865435356200527 0.021875000000000002 0.0395778364116095 0.037500000000000006
0 0.1948109058927001 0.053125000000000006 0.0395778364116095 0.040625
0 0.19744942832014073 0.09531250000000001 0.0395778364116095 0.040625
0 0.20008795074758137 0.13046875 0.0395778364116095 0.0390625
0 0.20448548812664907 0.171875 0.04309586631486368 0.043750000000000004
0 0.21240105540897097 0.20546875 0.04309586631486368 0.035937500000000004
0 0.22295514511873352 0.24375000000000002 0.04133685136323659 0.043750000000000004
0 0.22779243623570802 0.27890625 0.04221635883905013 0.0421875
0 0.23350923482849606 0.31562500000000004 0.0395778364116095 0.040625
0 0.24010554089709762 0.35546875 0.03869832893579596 0.0390625
0 0.29991204925241866 0.01171875 0.03342128408091469 0.0234375
0 0.3122251539138083 0.078125 0.03869832893579596 0.037500000000000006
0 0.3113456464379947 0.12109375 0.026385224274406333 0.029687500000000002
0 0.3245382585751979 0.153125 0.036939313984168866 0.040625
0 0.3298153034300792 0.1921875 0.04221635883905013 0.040625
0 0.33992963940193494 0.22734375 0.04133685136323659 0.0390625
0 0.34476693051890944 0.2625 0.03869832893579596 0.040625
0 0.3496042216358839 0.29765625 0.04309586631486368 0.0421875
0 0.3531222515391381 0.37812500000000004 0.04309586631486368 0.043750000000000004
0 0.35708003518029907 0.33515625000000004 0.040457343887423045 0.0421875
0 0.41116974494283204 0.09375 0.02198768689533861 0.037500000000000006
