3 0.3641160949868074 0.63984375 0.04397537379067722 0.051562500000000004
0 0.31310466138962184 0.403125 0.04397537379067722 0.043750000000000004
0 0.28627968337730875 0.17890625000000002 0.04133685136323659 0.0421875
0 0.29243623570800353 0.21796875000000002 0.04661389621811786 0.0421875
0 0.29991204925241866 0.2515625 0.040457343887423045 0.037500000000000006
0 0.3724714160070361 0.23750000000000002 0.04309586631486368 0.043750000000000004
0 0.3038698328935796 0.28750000000000003 0.03605980650835532 0.043750000000000004
0 0.31002638522427445 0.32265625000000003 0.04133685136323659 0.0421875
0 0.31618293755496923 0.35859375000000004 0.04309586631486368 0.0390625
0 0.020668425681618294 0.3359375 0.0237467018469657 0.07500000000000001
0 0.04529463500439754 0.31953125000000004 0.029023746701846966 0.0765625
0 0.09058927000879508 0.028125 0.040457343887423045 0.05
0 0.09718557607739667 0.06406250000000001 0.0395778364116095 0.043750000000000004
0 0.1029023746701847 0.10234375000000001 0.04221635883905013 0.045312500000000006
0 0.10554089709762533 0.1375 0.040457343887423045 0.037500000000000006
0 0.10729991204925242 0.1796875 0.040457343887423045 0.043750000000000004
0 0.11521547933157432 0.215625 0.04221635883905013 0.043750000000000004
0 0.12313104661389622 0.25234375000000003 0.040457343887423045 0.045312500000000006
0 0.12928759894459105 0.29609375 0.04221635883905013 0.045312500000000006
0 0.1358839050131926 0.3328125 0.04309586631486368 0.05
0 0.14511873350923485 0.36484375 0.04397537379067722 0.0421875
0 0.14863676341248902 0.40625 0.04397537379067722 0.05
0 0.13940193491644678 0.01171875 0.04133685136323659 0.0234375
0 0.1455584872471416 0.0421875 0.0395778364116095 0.043750000000000004
0 0.15303430079155675 0.08125 0.040457343887423045 0.040625
0 0.15479331574318383 0.11875000000000001 0.04221635883905013 0.040625
0 0.15919085312225154 0.15703125 0.040457343887423045 0.0484375
0 0.16226912928759896 0.20078125000000002 0.03605980650835532 0.0421875
0 0.17194371152154794 0.23203125000000002 0.04309586631486368 0.0421875
0 0.18161829375549693 0.27109375 0.04133685136323659 0.0421875
0 0.18557607739665788 0.30703125000000003 0.04221635883905013 0.045312500000000006
0 0.19217238346525947 0.34296875000000004 0.03781882145998241 0.0421875
0 0.19920844327176782 0.3828125 0.04133685136323659 0.043750000000000004
0 0.2532981530343008 0.029687500000000002 0.022867194371152155 0.034375
0 0.26561125769569044 0.14609375 0.01759014951627089 0.0390625
0 0.26253298153034305 0.1046875 0.016710642040457344 0.037500000000000006
0 0.3702726473175022 0.1203125 0.01934916446789798 0.034375
