0 0.425681618294 0.30546875 0.0422163588391 0.0328125
0 0.421723834653 0.34375 0.0430958663149 0.028125
0 0.422603342128 0.42265625 0.0395778364116 0.0328125
0 0.421284080915 0.4921875 0.0422163588391 0.028125
0 0.42436235708 0.534375 0.0448548812665 0.03125
0 0.278803869833 0.71015625 0.028144239226 0.0328125
0 0.467458223395 0.24140625 0.0202286719437 0.0671875
0 0.748460861917 0.26328125 0.0211081794195 0.0703125
2 0.557607739666 0.39765625 0.0263852242744 0.1078125
3 0.599824098505 0.49609375 0.0246262093228 0.0765625
0 0.671943711522 0.6140625 0.0457343887423 0.0375
0 0.724274406332 0.903125 0.0167106420405 0.075
0 0.744942832014 0.70390625 0.0175901495163 0.0796875
0 0.674142480211 0.70859375 0.03781882146 0.0328125
0 0.675021987687 0.75234375 0.0448548812665 0.0296875
0 0.673702726473 0.8015625 0.0439753737907 0.034375
0 0.828056288478 0.2328125 0.0448548812665 0.03125
0 0.829375549692 0.278125 0.0457343887423 0.03125
0 0.833333333333 0.32109375 0.0430958663149 0.0328125
0 0.597185576077 0.01171875 0.0158311345646 0.0234375
0 0.895338610378 0.9796875 0.0193491644679 0.0375
0 0.91600703606 0.978125 0.0184696569921 0.040625
0 0.938434476693 0.97890625 0.0193491644679 0.0390625
0 0.959542656113 0.98125 0.0175901495163 0.034375
0 0.980650835532 0.9765625 0.0193491644679 0.04375
