0 0.0127528583993 0.44765625 0.0255057167986 0.0765625
0 0.145998240985 0.47734375 0.0175901495163 0.0671875
0 0.101583113456 0.465625 0.0219876868953 0.059375
0 0.167546174142 0.484375 0.0219876868953 0.071875
0 0.189533861038 0.4859375 0.0184696569921 0.065625
0 0.211081794195 0.490625 0.0228671943712 0.071875
0 0.233069481091 0.5 0.0211081794195 0.071875
0 0.255496921724 0.50078125 0.0202286719437 0.0703125
0 0.277924362357 0.50546875 0.0175901495163 0.0609375
0 0.299912049252 0.51328125 0.0193491644679 0.0734375
0 0.321899736148 0.5234375 0.0193491644679 0.06875
0 0.344327176781 0.525 0.0202286719437 0.06875
0 0.507036059807 0.6671875 0.0202286719437 0.071875
0 0.547933157432 0.7921875 0.0439753737907 0.040625
0 0.542656112577 0.8390625 0.0457343887423 0.0375
0 0.539138082674 0.884375 0.0422163588391 0.0375
0 0.532102022867 0.9796875 0.0422163588391 0.0375
0 0.720316622691 0.68046875 0.0175901495163 0.0578125
0 0.701846965699 0.06875 0.0175901495163 0.071875
0 0.969656992084 0.0328125 0.03781882146 0.0375
0 0.961741424802 0.06953125 0.0413368513632 0.0359375
0 0.947229551451 0.98828125 0.0422163588391 0.0203125
