2 0.13500439753737908 0.30390625000000004 0.029023746701846966 0.0765625
2 0.1868953386103782 0.31328125 0.02198768689533861 0.0546875
0 0.24098504837291118 0.32109375 0.01934916446789798 0.0328125
0 0.30167106420404577 0.3171875 0.014072119613016711 0.03125
0 0.2832014072119613 0.31562500000000004 0.014072119613016711 0.03125
0 0.3372911169744943 0.5320312500000001 0.02198768689533861 0.0765625
2 0.47889182058047497 0.5867187500000001 0.029023746701846966 0.11406250000000001
0 0.5048372911169745 0.1296875 0.01934916446789798 0.078125
0 0.5206684256816183 0.28046875 0.01759014951627089 0.06406250000000001
0 0.523306948109059 0.37890625 0.01759014951627089 0.0703125
0 0.5259454705364995 0.5421875 0.01934916446789798 0.06875
0 0.395778364116095 0.8015625000000001 0.01934916446789798 0.065625
0 0.3548812664907652 0.8703125 0.03605980650835532 0.03125
0 0.3500439753737907 0.9125000000000001 0.04397537379067722 0.03125
0 0.49780123131046616 0.97578125 0.021108179419525065 0.045312500000000006
0 0.6820580474934037 0.8265625000000001 0.018469656992084433 0.07500000000000001
0 0.6895338610378189 0.9851562500000001 0.01759014951627089 0.026562500000000003
3 0.5725593667546175 0.9242187500000001 0.040457343887423045 0.0703125
0 0.34916446789797717 0.9875 0.03518029903254178 0.021875000000000002
0 0.7629727352682498 0.7921875 0.04133685136323659 0.03125
0 0.7638522427440634 0.8375 0.04309586631486368 0.03125
0 0.7656112576956905 0.8835937500000001 0.04309586631486368 0.035937500000000004
0 0.8192612137203167 0.31171875000000004 0.018469656992084433 0.0671875
0 0.7299912049252419 0.35000000000000003 0.012313104661389622 0.025
0 0.7467018469656992 0.34765625 0.014072119613016711 0.0203125
2 0.8927000879507476 0.026562500000000003 0.07739665787159192 0.053125000000000006
2 0.8927000879507476 0.078125 0.07387862796833773 0.059375000000000004
