0 0.6068601583113457 0.0484375 0.0158311345646438 0.07187500000000001
0 0.5 0.3875 0.020228671943711522 0.078125
0 0.5303430079155673 0.5984375000000001 0.01759014951627089 0.07187500000000001
0 0.5958663148636764 0.67578125 0.018469656992084433 0.0765625
0 0.6147757255936676 0.82734375 0.01759014951627089 0.0703125
0 0.6169744942832014 0.9296875 0.020228671943711522 0.07500000000000001
0 0.08795074758135445 0.9171875 0.022867194371152155 0.05
0 0.3298153034300792 0.8914062500000001 0.01759014951627089 0.0546875
0 0.37423043095866315 0.8875000000000001 0.014951627088830256 0.059375000000000004
0 0.39489885664028146 0.8875000000000001 0.0158311345646438 0.059375000000000004
2 0.27792436235708007 0.8890625000000001 0.024626209322779244 0.08125
2 0.2247141600703606 0.8796875000000001 0.02550571679859279 0.096875
2 0.12401055408970976 0.46718750000000003 0.024626209322779244 0.084375
2 0.22031662269129287 0.465625 0.02550571679859279 0.07500000000000001
2 0.2453825857519789 0.46328125000000003 0.026385224274406333 0.07968750000000001
0 0.2955145118733509 0.43359375 0.01759014951627089 0.07968750000000001
0 0.1983289357959543 0.45703125 0.016710642040457344 0.060937500000000006
0 0.05408970976253298 0.45 0.014951627088830256 0.065625
0 0.026824978012313105 0.66796875 0.03430079155672824 0.035937500000000004
0 0.014951627088830256 0.625 0.029903254177660512 0.028125
2 0.567722075637643 0.94453125 0.02550571679859279 0.1078125
0 0.8073878627968338 0.9140625 0.01759014951627089 0.03125
0 0.8258575197889182 0.9085937500000001 0.01759014951627089 0.0328125
0 0.8452066842568162 0.9085937500000001 0.01759014951627089 0.0328125
0 0.9182058047493404 0.8656250000000001 0.021108179419525065 0.07187500000000001
0 0.8452066842568162 0.39921875 0.01759014951627089 0.0328125
0 0.8157431838170625 0.375 0.02198768689533861 0.05625
2 0.9714160070360599 0.3765625 0.0554089709762533 0.059375000000000004
2 0.9758135444151276 0.58203125 0.04661389621811786 0.0484375
2 0.9762532981530343 0.6296875000000001 0.04573438874230431 0.046875
3 0.9489885664028145 0.0921875 0.040457343887423045 0.037500000000000006
