0 0.12137203166226913 0.18515625000000002 0.021108179419525065 0.035937500000000004
0 0.21591908531222517 0.45156250000000003 0.02198768689533861 0.09062500000000001
0 0.24186455584872474 0.44921875 0.01934916446789798 0.08281250000000001
0 0.2849604221635884 0.4546875 0.021108179419525065 0.08125
0 0.3306948109058927 0.4578125 0.01759014951627089 0.07500000000000001
0 0.35268249780123134 0.46718750000000003 0.01759014951627089 0.08125
0 0.39050131926121373 0.55078125 0.036939313984168866 0.0390625
0 0.5496921723834652 0.4546875 0.04573438874230431 0.034375
2 0.6860158311345647 0.19296875000000002 0.029903254177660512 0.0421875
0 0.6798592788038699 0.2859375 0.0158311345646438 0.028125
0 0.6781002638522428 0.36875 0.014072119613016711 0.028125
0 0.6789797713280563 0.40234375 0.014072119613016711 0.0234375
0 0.9204045734388743 0.07421875 0.0395778364116095 0.035937500000000004
0 0.9296394019349165 0.25 0.04221635883905013 0.03125
2 0.9199648197009676 0.16015625 0.056288478452066845 0.045312500000000006
2 0.9186455584872472 0.11328125 0.05364995602462621 0.045312500000000006
2 0.6943711521547934 0.09843750000000001 0.04309586631486368 0.040625
0 0.5321020228671944 0.8046875 0.03869832893579596 0.034375
0 0.6319261213720317 0.81171875 0.0395778364116095 0.0328125
0 0.6908531222515392 0.8132812500000001 0.0395778364116095 0.0390625
0 0.7792436235708003 0.7890625 0.040457343887423045 0.034375
0 0.040457343887423045 0.9171875 0.028144239226033423 0.09062500000000001
0 0.06992084432717678 0.91796875 0.020228671943711522 0.0859375
0 0.09674582233948989 0.9203125000000001 0.022867194371152155 0.078125
0 0.15435356200527706 0.9226562500000001 0.0237467018469657 0.0890625
