0 0.0448548812665 0.07578125 0.0211081794195 0.0734375
0 0.0633245382586 0.08203125 0.0175901495163 0.0703125
0 0.0853122251539 0.08046875 0.0175901495163 0.0703125
0 0.107739665787 0.06796875 0.0167106420405 0.0578125
0 0.128408091469 0.0734375 0.0193491644679 0.065625
0 0.153474054529 0.0625 0.023746701847 0.065625
0 0.20580474934 0.17109375 0.0228671943712 0.0296875
0 0.194371152155 0.31640625 0.0369393139842 0.0359375
0 0.70800351803 0.16171875 0.0386983289358 0.0359375
0 0.00923482849604 0.69765625 0.0184696569921 0.0703125
0 0.0729991204925 0.69375 0.0193491644679 0.078125
0 0.0976253298153 0.696875 0.0193491644679 0.08125
0 0.120492524186 0.69765625 0.0175901495163 0.0703125
0 0.14291996482 0.70078125 0.0184696569921 0.0734375
0 0.165347405453 0.6984375 0.0211081794195 0.075
0 0.188214599824 0.69921875 0.0193491644679 0.0734375
0 0.209762532982 0.70546875 0.0202286719437 0.0765625
0 0.232629727353 0.70625 0.0202286719437 0.0625
0 0.255936675462 0.7015625 0.0193491644679 0.071875
0 0.278364116095 0.709375 0.0167106420405 0.06875
0 0.308267370273 0.70625 0.0219876868953 0.078125
0 0.40545294635 0.7296875 0.0439753737907 0.034375
0 0.445910290237 0.71640625 0.0193491644679 0.0796875
0 0.470976253298 0.7140625 0.0167106420405 0.075
0 0.492524186456 0.71171875 0.0158311345646 0.0796875
0 0.515831134565 0.71484375 0.0167106420405 0.0828125
0 0.53781882146 0.71796875 0.0184696569921 0.0734375
0 0.624890061566 0.71953125 0.0184696569921 0.0671875
0 0.671064204046 0.72421875 0.0158311345646 0.0671875
0 0.691292875989 0.72421875 0.014072119613 0.0734375
0 0.711081794195 0.721875 0.0167106420405 0.065625
0 0.734388742304 0.7234375 0.0193491644679 0.065625
0 0.754617414248 0.7296875 0.0175901495163 0.071875
0 0.775725593668 0.7265625 0.0175901495163 0.06875
0 0.799912049252 0.72734375 0.0184696569921 0.0609375
0 0.821020228672 0.7328125 0.0202286719437 0.075
0 0.842128408091 0.7359375 0.0167106420405 0.06875
0 0.862357080035 0.7375 0.0184696569921 0.065625
