0 0.012752858399296395 0.45234375000000004 0.02550571679859279 0.07968750000000001
0 0.03781882145998241 0.4609375 0.021108179419525065 0.078125
0 0.06244503078276166 0.46015625000000004 0.024626209322779244 0.07968750000000001
0 0.08311345646437995 0.46796875000000004 0.02726473175021988 0.0859375
0 0.1077396657871592 0.47421875 0.0237467018469657 0.07968750000000001
0 0.19656992084432717 0.49296875 0.02198768689533861 0.060937500000000006
0 0.24010554089709762 0.50625 0.022867194371152155 0.06875
0 0.26209322779243627 0.5125000000000001 0.022867194371152155 0.07500000000000001
0 0.28583992963940197 0.51328125 0.021108179419525065 0.0703125
0 0.3056288478452067 0.51796875 0.02198768689533861 0.0765625
0 0.32629727352682497 0.52578125 0.01934916446789798 0.06406250000000001
0 0.3500439753737907 0.53125 0.022867194371152155 0.07500000000000001
0 0.3733509234828496 0.5375 0.018469656992084433 0.065625
0 0.39313984168865435 0.5390625 0.01934916446789798 0.078125
0 0.4173262972735268 0.5515625000000001 0.020228671943711522 0.07187500000000001
0 0.4371152154793316 0.55703125 0.022867194371152155 0.0734375
0 0.5989445910290238 0.6984375 0.01934916446789798 0.078125
0 0.6328056288478452 0.9164062500000001 0.0395778364116095 0.035937500000000004
0 0.7713280562884784 0.9539062500000001 0.01934916446789798 0.0546875
0 0.6398416886543536 0.8210937500000001 0.04661389621811786 0.0421875
0 0.8113456464379948 0.7109375 0.018469656992084433 0.059375000000000004
0 0.6350043975373791 0.8695312500000001 0.04925241864555849 0.045312500000000006
0 0.79155672823219 0.1609375 0.021108179419525065 0.078125
