2 0.548812664908 0.3765625 0.0263852242744 0.115625
0 0.739665787159 0.15078125 0.0193491644679 0.0796875
0 0.81926121372 0.1203125 0.0430958663149 0.0375
0 0.82145998241 0.16640625 0.0439753737907 0.0359375
0 0.823658751099 0.20859375 0.0430958663149 0.0328125
0 0.734828496042 0.63671875 0.023746701847 0.0765625
0 0.714160070361 0.7875 0.0193491644679 0.08125
0 0.660510114336 0.4984375 0.0439753737907 0.034375
0 0.661389621812 0.59453125 0.0439753737907 0.0359375
0 0.662708883026 0.68515625 0.0448548812665 0.0328125
0 0.664028144239 0.63828125 0.0474934036939 0.0328125
0 0.458663148637 0.12890625 0.0167106420405 0.0703125
0 0.414687774846 0.19140625 0.03781882146 0.0328125
0 0.411169744943 0.2328125 0.0430958663149 0.0375
0 0.411169744943 0.31015625 0.03781882146 0.0359375
0 0.268689533861 0.59765625 0.0272647317502 0.0390625
0 0.414248021108 0.42578125 0.0439753737907 0.0359375
0 0.411169744943 0.38125 0.0413368513632 0.03125
0 0.882145998241 0.88203125 0.0193491644679 0.0734375
0 0.904133685136 0.88046875 0.0193491644679 0.0671875
0 0.927880386983 0.8859375 0.0193491644679 0.071875
0 0.947229551451 0.88515625 0.0175901495163 0.0609375
0 0.968777484609 0.88359375 0.0202286719437 0.0703125
0 0.990325417766 0.88046875 0.0175901495163 0.0703125
3 0.589270008795 0.43515625 0.0193491644679 0.0765625
