0 0.580914687775 0.0140625 0.03781882146 0.028125
0 0.587071240106 0.0453125 0.0413368513632 0.04375
0 0.529903254178 0.4828125 0.0290237467018 0.084375
0 0.571679859279 0.36875 0.0422163588391 0.040625
0 0.500439753738 0.4890625 0.0246262093228 0.08125
0 0.477572559367 0.5 0.0246262093228 0.071875
0 0.423482849604 0.52265625 0.0272647317502 0.0765625
0 0.222955145119 0.29921875 0.023746701847 0.0734375
0 0.210202286719 0.46015625 0.0439753737907 0.0453125
0 0.175021987687 0.32421875 0.028144239226 0.0859375
0 0.200087950748 0.30859375 0.023746701847 0.0828125
0 0.324538258575 0.88046875 0.0404573438874 0.0453125
0 0.0839929639402 0.80078125 0.0413368513632 0.0421875
0 0.25417766051 0.978125 0.0369393139842 0.040625
