0 0.012313104661389622 0.73359375 0.024626209322779244 0.0328125
0 0.02198768689533861 0.7781250000000001 0.03518029903254178 0.034375
0 0.048812664907651716 0.5593750000000001 0.020228671943711522 0.07187500000000001
2 0.12137203166226913 0.5734375 0.026385224274406333 0.096875
0 0.19525065963060687 0.55703125 0.0158311345646438 0.0671875
2 0.2423043095866315 0.56875 0.02550571679859279 0.09062500000000001
2 0.21767810026385226 0.5734375 0.0237467018469657 0.07500000000000001
0 0.2933157431838171 0.5390625 0.016710642040457344 0.07187500000000001
0 0.6059806508355321 0.146875 0.0158311345646438 0.07187500000000001
0 0.5030782761653474 0.7046875 0.01759014951627089 0.08125
0 0.5949868073878628 0.78046875 0.018469656992084433 0.0765625
0 0.6125769569041337 0.9343750000000001 0.020228671943711522 0.07187500000000001
0 0.5325417766051012 0.9078125 0.02198768689533861 0.078125
3 0.9494283201407212 0.18984375 0.04133685136323659 0.0328125
2 0.9709762532981531 0.48125 0.056288478452066845 0.053125000000000006
2 0.9775725593667547 0.68671875 0.04309586631486368 0.051562500000000004
2 0.9766930518909411 0.7375 0.044854881266490766 0.046875
0 0.8465259454705365 0.5046875000000001 0.016710642040457344 0.028125
0 0.8179419525065963 0.48750000000000004 0.01759014951627089 0.05
0 0.9204045734388743 0.9656250000000001 0.02550571679859279 0.065625
2 0.2233948988566403 0.9695312500000001 0.026385224274406333 0.0578125
2 0.27352682497801234 0.9765625 0.022867194371152155 0.043750000000000004
0 0.3280562884784521 0.9859375 0.01934916446789798 0.025
0 0.37291116974494287 0.98359375 0.014072119613016711 0.029687500000000002
0 0.39226033421284084 0.9828125000000001 0.0158311345646438 0.03125
