0 0.5817941952506597 0.041406250000000006 0.016710642040457344 0.0703125
0 0.5835532102022868 0.2109375 0.018469656992084433 0.06875
0 0.3966578715919086 0.1953125 0.01759014951627089 0.07500000000000001
2 0.5430958663148637 0.4578125 0.02550571679859279 0.109375
0 0.7365875109938435 0.48359375000000004 0.02198768689533861 0.0734375
0 0.8192612137203167 0.45234375000000004 0.044854881266490766 0.0328125
0 0.8201407211961302 0.49765625 0.044854881266490766 0.029687500000000002
0 0.8210202286719438 0.54140625 0.04309586631486368 0.0328125
0 0.7440633245382586 0.8250000000000001 0.022867194371152155 0.07500000000000001
0 0.6613896218117854 0.8390625 0.04573438874230431 0.037500000000000006
3 0.5998240985048373 0.6453125000000001 0.028144239226033423 0.08125
0 0.6635883905013193 0.9343750000000001 0.04133685136323659 0.034375
0 0.6653474054529463 0.9796875 0.04661389621811786 0.034375
0 0.4547053649956025 0.46484375 0.01934916446789798 0.0734375
0 0.41424802110817943 0.53046875 0.04221635883905013 0.029687500000000002
0 0.4116094986807388 0.5710937500000001 0.04573438874230431 0.0328125
0 0.4098504837291117 0.6453125000000001 0.036939313984168866 0.03125
0 0.4085312225153914 0.7203125 0.0395778364116095 0.03125
0 0.4094107299912049 0.7679687500000001 0.0395778364116095 0.029687500000000002
0 0.2660510114335972 0.9437500000000001 0.032541776605101144 0.037500000000000006
