0 0.408531222515 0.20703125 0.0167106420405 0.0453125
0 0.501319261214 0.471875 0.0193491644679 0.075
0 0.528144239226 0.4703125 0.0184696569921 0.078125
0 0.569481090589 0.475 0.0184696569921 0.071875
0 0.611697449428 0.4765625 0.0184696569921 0.08125
0 0.637642919965 0.48828125 0.0175901495163 0.0703125
0 0.673702726473 0.5671875 0.0369393139842 0.03125
0 0.337291116974 0.93125 0.0202286719437 0.08125
0 0.364995602463 0.93515625 0.0193491644679 0.0859375
0 0.390941072999 0.93203125 0.0184696569921 0.0796875
0 0.446350043975 0.9375 0.023746701847 0.084375
0 0.831574318382 0.47421875 0.0448548812665 0.0328125
0 0.813984168865 0.82421875 0.0395778364116 0.0328125
0 0.912489006157 0.82421875 0.0430958663149 0.0328125
0 0.969656992084 0.8296875 0.0413368513632 0.0375
2 0.97273526825 0.21171875 0.0193491644679 0.0421875
