0 0.10905892700087952 0.07890625000000001 0.01759014951627089 0.0671875
0 0.12884784520668427 0.084375 0.018469656992084433 0.07187500000000001
0 0.15083553210202288 0.0859375 0.02198768689533861 0.078125
0 0.17062445030782764 0.0734375 0.01934916446789798 0.059375000000000004
0 0.19217238346525947 0.08359375000000001 0.016710642040457344 0.0546875
0 0.2154793315743184 0.07187500000000001 0.021108179419525065 0.07500000000000001
0 0.26868953386103783 0.17109375000000002 0.029023746701846966 0.0328125
0 0.2616534740545295 0.32109375 0.03781882145998241 0.0328125
0 0.006596306068601583 0.6937500000000001 0.013192612137203167 0.07500000000000001
0 0.02154793315743184 0.6890625 0.018469656992084433 0.078125
0 0.04705364995602463 0.6937500000000001 0.02198768689533861 0.08125
0 0.06948109058927002 0.696875 0.01934916446789798 0.0625
0 0.13940193491644678 0.696875 0.020228671943711522 0.07187500000000001
0 0.16314863676341249 0.7015625000000001 0.020228671943711522 0.07500000000000001
0 0.18601583113456466 0.696875 0.018469656992084433 0.07187500000000001
0 0.2075637642919965 0.703125 0.01934916446789798 0.07500000000000001
0 0.23043095866314864 0.703125 0.01759014951627089 0.07500000000000001
0 0.25285839929639403 0.70078125 0.020228671943711522 0.07968750000000001
0 0.2752858399296394 0.70859375 0.01759014951627089 0.0734375
0 0.2977132805628848 0.70703125 0.016710642040457344 0.0703125
0 0.32102022867194374 0.70703125 0.01934916446789798 0.0671875
0 0.34212840809146877 0.70859375 0.01759014951627089 0.0703125
0 0.3751099384344767 0.70703125 0.016710642040457344 0.0734375
0 0.4687774846086192 0.7296875 0.04397537379067722 0.034375
0 0.5079155672823219 0.71640625 0.018469656992084433 0.0734375
0 0.5325417766051012 0.71796875 0.020228671943711522 0.0703125
0 0.5554089709762533 0.7132812500000001 0.018469656992084433 0.07968750000000001
0 0.5778364116094987 0.7195312500000001 0.01759014951627089 0.07968750000000001
0 0.6002638522427441 0.7250000000000001 0.014951627088830256 0.07187500000000001
0 0.6877748460861918 0.7195312500000001 0.01934916446789798 0.0671875
0 0.731750219876869 0.72578125 0.01934916446789798 0.0671875
0 0.7528583992963941 0.73046875 0.01759014951627089 0.0734375
0 0.7744063324538258 0.728125 0.016710642040457344 0.06875
0 0.7937554969217239 0.7265625 0.016710642040457344 0.078125
0 0.8153034300791557 0.73359375 0.01759014951627089 0.0671875
0 0.8368513632365876 0.7296875 0.016710642040457344 0.06875
0 0.8597185576077397 0.73203125 0.016710642040457344 0.0578125
0 0.880386983289358 0.7351562500000001 0.0158311345646438 0.0734375
0 0.9028144239226034 0.73984375 0.016710642040457344 0.0703125
0 0.9226033421284081 0.73984375 0.0158311345646438 0.0671875
