0 0.46657871591908534 0.025781250000000002 0.018469656992084433 0.051562500000000004
0 0.42216358839050133 0.07968750000000001 0.040457343887423045 0.034375
0 0.41600703605980655 0.11640625 0.04397537379067722 0.029687500000000002
0 0.4120492524186456 0.19453125000000002 0.03781882145998241 0.035937500000000004
0 0.4085312225153914 0.26484375 0.04309586631486368 0.029687500000000002
0 0.40897097625329815 0.309375 0.04221635883905013 0.034375
0 0.19744942832014073 0.4765625 0.013192612137203167 0.025
0 0.2519788918205805 0.46171875 0.04309586631486368 0.026562500000000003
2 0.5439753737906773 0.37421875000000004 0.0237467018469657 0.1078125
3 0.5809146877748461 0.38593750000000004 0.02198768689533861 0.084375
0 0.6534740545294635 0.41953125 0.04573438874230431 0.035937500000000004
0 0.7255936675461742 0.6000000000000001 0.0316622691292876 0.065625
0 0.6934916446789798 0.7125 0.014951627088830256 0.07187500000000001
0 0.6495162708883025 0.5109375 0.03781882145998241 0.040625
0 0.6495162708883025 0.5546875 0.04661389621811786 0.034375
0 0.6477572559366755 0.60078125 0.044854881266490766 0.0390625
0 0.7445030782761654 0.084375 0.018469656992084433 0.07500000000000001
0 0.8258575197889182 0.06406250000000001 0.04397537379067722 0.037500000000000006
0 0.8249780123131047 0.10625000000000001 0.04573438874230431 0.03125
0 0.8245382585751979 0.15156250000000002 0.04309586631486368 0.037500000000000006
0 0.9863676341248901 0.846875 0.0237467018469657 0.07500000000000001
0 0.8570800351802991 0.8296875 0.018469656992084433 0.07187500000000001
0 0.8781882145998241 0.83125 0.016710642040457344 0.07187500000000001
0 0.9014951627088831 0.8382812500000001 0.01934916446789798 0.0734375
0 0.9199648197009676 0.8382812500000001 0.01759014951627089 0.0578125
0 0.9423922603342129 0.84140625 0.020228671943711522 0.0734375
0 0.9639401934916447 0.8382812500000001 0.01759014951627089 0.0703125
