0 0.927000879507 0.1828125 0.0474934036939 0.04375
3 0.872471416007 0.32421875 0.0492524186456 0.0515625
0 0.229111697449 0.18125 0.023746701847 0.06875
0 0.253737906772 0.165625 0.023746701847 0.08125
0 0.31310466139 0.02578125 0.0386983289358 0.0453125
0 0.321899736148 0.059375 0.0404573438874 0.04375
0 0.328935795954 0.10078125 0.0386983289358 0.0453125
0 0.335532102023 0.13828125 0.0448548812665 0.0390625
0 0.342568161829 0.1765625 0.0466138962181 0.05
0 0.351802990325 0.2109375 0.0422163588391 0.046875
0 0.356200527704 0.24921875 0.0422163588391 0.0484375
0 0.406332453826 0.2234375 0.0386983289358 0.046875
0 0.364555848725 0.01171875 0.0413368513632 0.0234375
0 0.371152154793 0.03984375 0.0386983289358 0.0453125
0 0.379507475814 0.07578125 0.0395778364116 0.0390625
0 0.389182058047 0.11328125 0.0395778364116 0.0359375
0 0.39489885664 0.15 0.0404573438874 0.04375
0 0.397977132806 0.18515625 0.0430958663149 0.0453125
0 0.49164467898 0.0203125 0.0439753737907 0.040625
0 0.494722955145 0.059375 0.0413368513632 0.04375
0 0.506596306069 0.0953125 0.0404573438874 0.040625
0 0.51055408971 0.13125 0.03781882146 0.040625
0 0.516270888303 0.16640625 0.0422163588391 0.0453125
0 0.522427440633 0.20234375 0.0404573438874 0.0453125
0 0.519349164468 0.246875 0.0395778364116 0.04375
0 0.578276165347 0.07890625 0.0395778364116 0.0421875
