0 0.28364116095 0.1484375 0.0255057167986 0.0375
0 0.296833773087 0.25859375 0.0219876868953 0.0390625
0 0.636323658751 0.36796875 0.0466138962181 0.0453125
3 0.194810905893 0.70859375 0.0501319261214 0.0515625
0 0.223394898857 0.428125 0.0492524186456 0.040625
0 0.200967458223 0.20625 0.0448548812665 0.034375
0 0.204925241865 0.24140625 0.0474934036939 0.0390625
0 0.215039577836 0.27734375 0.0430958663149 0.0421875
0 0.218997361478 0.3125 0.0404573438874 0.046875
0 0.22471416007 0.35 0.0448548812665 0.040625
0 0.230870712401 0.38046875 0.0413368513632 0.0421875
0 0.112576956904 0.40625 0.0422163588391 0.040625
0 0.106420404573 0.36796875 0.0404573438874 0.0484375
0 0.100263852243 0.3296875 0.0386983289358 0.040625
0 0.0971855760774 0.2921875 0.0395778364116 0.040625
0 0.0857519788918 0.2578125 0.0395778364116 0.0375
0 0.0782761653474 0.22265625 0.0369393139842 0.0421875
0 0.0743183817062 0.178125 0.0395778364116 0.040625
0 0.0699208443272 0.1453125 0.0395778364116 0.040625
0 0.0664028144239 0.1046875 0.0395778364116 0.04375
0 0.0536499560246 0.02890625 0.0404573438874 0.0390625
0 0.0606860158311 0.06796875 0.0422163588391 0.0421875
0 0.00879507475814 0.01328125 0.0175901495163 0.0265625
0 0.0131926121372 0.0546875 0.0263852242744 0.046875
0 0.0153913808267 0.0890625 0.0307827616535 0.04375
0 0.0193491644679 0.1296875 0.0386983289358 0.046875
0 0.0202286719437 0.165625 0.0404573438874 0.040625
0 0.0206684256816 0.2078125 0.0413368513632 0.04375
0 0.0307827616535 0.23984375 0.0404573438874 0.0390625
0 0.0373790677221 0.2828125 0.0413368513632 0.046875
0 0.0430958663149 0.31953125 0.0422163588391 0.0421875
0 0.0523306948109 0.35546875 0.0430958663149 0.0421875
0 0.0589270008795 0.3921875 0.0439753737907 0.046875
0 0.0637642919965 0.43125 0.0448548812665 0.046875
