0 0.746262093228 0.11328125 0.0167106420405 0.0703125
0 0.014072119613 0.44140625 0.0246262093228 0.0796875
0 0.0360598065084 0.44921875 0.0228671943712 0.0765625
0 0.0593667546174 0.4578125 0.0219876868953 0.075
0 0.148636763412 0.47265625 0.0211081794195 0.0640625
0 0.193931398417 0.48671875 0.0184696569921 0.0703125
0 0.215919085312 0.490625 0.0202286719437 0.075
0 0.236147757256 0.4953125 0.0202286719437 0.06875
0 0.258575197889 0.496875 0.0228671943712 0.075
0 0.278364116095 0.509375 0.0202286719437 0.065625
0 0.301671064204 0.50859375 0.0211081794195 0.0734375
0 0.346525945471 0.5203125 0.0193491644679 0.075
0 0.325857519789 0.51484375 0.0149516270888 0.0640625
0 0.369393139842 0.5328125 0.0193491644679 0.071875
0 0.390501319261 0.53359375 0.0211081794195 0.0703125
0 0.552770448549 0.678125 0.0202286719437 0.078125
0 0.766051011434 0.69140625 0.0175901495163 0.0671875
0 0.577396657872 0.98515625 0.0430958663149 0.0265625
0 0.593227792436 0.8015625 0.0466138962181 0.046875
0 0.587510993843 0.8484375 0.0457343887423 0.040625
0 0.585751978892 0.89375 0.0422163588391 0.034375
