0 0.0167106420405 0.30078125 0.0228671943712 0.0578125
0 0.05672823219 0.325 0.023746701847 0.0625
0 0.0769569041337 0.3375 0.0255057167986 0.065625
0 0.0971855760774 0.34375 0.0219876868953 0.065625
0 0.117854001759 0.35546875 0.0263852242744 0.0671875
0 0.137203166227 0.37109375 0.0246262093228 0.0703125
0 0.159190853122 0.37890625 0.0228671943712 0.0734375
0 0.179859278804 0.3921875 0.0202286719437 0.0625
0 0.198328935796 0.40390625 0.023746701847 0.0734375
0 0.219437115215 0.41953125 0.0219876868953 0.0703125
0 0.237906772208 0.43046875 0.023746701847 0.0703125
0 0.383465259455 0.62265625 0.0246262093228 0.0734375
0 0.373790677221 0.93203125 0.0457343887423 0.0484375
0 0.392700087951 0.840625 0.0413368513632 0.04375
0 0.399296394019 0.7984375 0.0422163588391 0.05
0 0.408970976253 0.7546875 0.0439753737907 0.046875
0 0.920404573439 0.09609375 0.0360598065084 0.0390625
0 0.918205804749 0.13671875 0.0386983289358 0.0421875
0 0.904133685136 0.17265625 0.0422163588391 0.0453125
0 0.897977132806 0.2109375 0.0386983289358 0.04375
2 0.934476693052 0.040625 0.101143359719 0.08125
3 0.826737027265 0.0140625 0.0351802990325 0.028125
