0 0.0949868073879 0.48203125 0.0404573438874 0.0421875
0 0.423922603342 0.8 0.0351802990325 0.0375
0 0.306948109059 0.54296875 0.028144239226 0.0765625
0 0.35927880387 0.51875 0.0219876868953 0.08125
0 0.383465259455 0.50625 0.0246262093228 0.084375
0 0.411169744943 0.4984375 0.0255057167986 0.078125
0 0.457343887423 0.38828125 0.0439753737907 0.0390625
0 0.107299912049 0.3171875 0.0228671943712 0.078125
0 0.0602462620932 0.34375 0.0290237467018 0.09375
0 0.0835532102023 0.3296875 0.0246262093228 0.0875
0 0.461301671064 0.00625 0.0413368513632 0.0125
0 0.464819700967 0.0296875 0.0395778364116 0.04375
0 0.471416007036 0.06875 0.0457343887423 0.040625
0 0.959542656113 0.940625 0.0246262093228 0.078125
0 0.984168865435 0.93984375 0.0228671943712 0.0671875
