2 0.10817941952506596 0.6796875 0.026385224274406333 0.084375
2 0.20184696569920846 0.6796875 0.02550571679859279 0.084375
2 0.22911169744942833 0.675 0.02726473175021988 0.078125
0 0.27880386983289357 0.64375 0.01759014951627089 0.078125
0 0.5914687774846087 0.24609375 0.016710642040457344 0.0734375
3 0.9384344766930519 0.28750000000000003 0.040457343887423045 0.037500000000000006
2 0.9661389621811786 0.58515625 0.06596306068601583 0.045312500000000006
2 0.9705364995602463 0.790625 0.05716798592788039 0.05625
2 0.9727352682497802 0.8460937500000001 0.052770448548812667 0.051562500000000004
0 0.03430079155672824 0.6648437500000001 0.01934916446789798 0.0671875
0 0.18117854001759015 0.66796875 0.01759014951627089 0.060937500000000006
0 0.012313104661389622 0.884375 0.024626209322779244 0.040625
0 0.5817941952506597 0.8859375 0.018469656992084433 0.07500000000000001
