0 0.507475813544 0.196875 0.0175901495163 0.075
0 0.496921723835 0.1015625 0.014072119613 0.01875
0 0.600703605981 0.47578125 0.0193491644679 0.0765625
0 0.626209322779 0.47265625 0.0193491644679 0.0734375
0 0.666666666667 0.47578125 0.0211081794195 0.0765625
0 0.713280562885 0.484375 0.0211081794195 0.075
0 0.735708003518 0.49140625 0.0167106420405 0.0734375
0 0.772647317502 0.575 0.0360598065084 0.034375
0 0.440193491645 0.93203125 0.0184696569921 0.0890625
0 0.467018469657 0.93671875 0.0193491644679 0.0859375
0 0.492963940193 0.934375 0.0184696569921 0.08125
0 0.547933157432 0.93984375 0.0228671943712 0.0859375
0 0.929199648197 0.47890625 0.0466138962181 0.0328125
0 0.912049252419 0.8234375 0.0404573438874 0.040625
