0 0.3698328935795954 0.16171875000000002 0.0237467018469657 0.0734375
0 0.3940193491644679 0.14296875 0.026385224274406333 0.0734375
0 0.4969217238346526 0.2265625 0.040457343887423045 0.046875
0 0.5461741424802111 0.20234375000000002 0.036939313984168866 0.0484375
0 0.45074758135444154 0.01171875 0.0395778364116095 0.0234375
0 0.4621811785400176 0.03828125 0.0395778364116095 0.045312500000000006
0 0.4705364995602463 0.07968750000000001 0.040457343887423045 0.046875
0 0.47757255936675463 0.115625 0.04221635883905013 0.040625
0 0.4837291116974495 0.15078125 0.04221635883905013 0.0484375
0 0.49296394019349166 0.18671875000000002 0.04133685136323659 0.0421875
0 0.5400175901495163 0.1625 0.03869832893579596 0.05
0 0.6613896218117854 0.22187500000000002 0.04221635883905013 0.05
0 0.7176781002638523 0.0578125 0.03869832893579596 0.040625
0 0.662269129287599 0.17734375000000002 0.040457343887423045 0.045312500000000006
0 0.6569920844327177 0.1453125 0.040457343887423045 0.043750000000000004
0 0.5109938434476693 0.018750000000000003 0.040457343887423045 0.037500000000000006
0 0.5197889182058048 0.055468750000000004 0.040457343887423045 0.045312500000000006
0 0.5294635004397538 0.0921875 0.04221635883905013 0.046875
0 0.5338610378188214 0.12734375 0.040457343887423045 0.035937500000000004
0 0.6336851363236587 0.009375000000000001 0.04661389621811786 0.018750000000000003
0 0.6345646437994723 0.035937500000000004 0.0395778364116095 0.043750000000000004
0 0.6451187335092349 0.07109375 0.0395778364116095 0.045312500000000006
0 0.6495162708883025 0.10625000000000001 0.03781882145998241 0.040625
