0 0.45558487247141605 0.1203125 0.022867194371152155 0.06875
0 0.48021108179419525 0.10078125 0.026385224274406333 0.07968750000000001
0 0.5848724714160071 0.1875 0.040457343887423045 0.046875
0 0.6350043975373791 0.1609375 0.036939313984168866 0.043750000000000004
0 0.6284080914687775 0.12109375 0.03781882145998241 0.045312500000000006
0 0.5817941952506597 0.14375000000000002 0.04309586631486368 0.040625
0 0.5567282321899737 0.03359375 0.03869832893579596 0.045312500000000006
0 0.5633245382585752 0.07500000000000001 0.04309586631486368 0.043750000000000004
0 0.5721196130167107 0.11328125 0.04309586631486368 0.045312500000000006
0 0.6226912928759895 0.08515625 0.040457343887423045 0.0421875
0 0.6055408970976254 0.017968750000000002 0.04133685136323659 0.035937500000000004
0 0.6165347405452947 0.045312500000000006 0.040457343887423045 0.040625
0 0.7326297273526825 0.030468750000000003 0.04221635883905013 0.0421875
0 0.7484608619173263 0.17578125 0.04573438874230431 0.0421875
0 0.7387862796833773 0.06406250000000001 0.036939313984168866 0.046875
0 0.7427440633245382 0.10234375000000001 0.03781882145998241 0.0421875
0 0.7502198768689534 0.13828125 0.040457343887423045 0.045312500000000006
0 0.0237467018469657 0.69921875 0.040457343887423045 0.0421875
0 0.8016710642040458 0.01953125 0.030782761653474055 0.0390625
