0 0.07695690413368514 0.05 0.029023746701846966 0.059375000000000004
0 0.1108179419525066 0.09843750000000001 0.029903254177660512 0.065625
0 0.14467897977132807 0.1375 0.03430079155672824 0.065625
0 0.16314863676341249 0.16015625 0.03430079155672824 0.0703125
0 0.17985927880386984 0.184375 0.030782761653474055 0.07187500000000001
0 0.19876868953386104 0.20390625 0.029903254177660512 0.0671875
0 0.21635883905013192 0.23046875 0.028144239226033423 0.06406250000000001
0 0.2313104661389622 0.24453125 0.03342128408091469 0.0671875
0 0.24890061565523308 0.27578125000000003 0.029903254177660512 0.06406250000000001
0 0.266490765171504 0.29609375 0.029903254177660512 0.060937500000000006
0 0.37423043095866315 0.553125 0.03430079155672824 0.06875
0 0.3201407211961302 0.8484375000000001 0.04221635883905013 0.065625
0 0.35048372911169745 0.76953125 0.0395778364116095 0.060937500000000006
0 0.3817062445030783 0.69140625 0.040457343887423045 0.06406250000000001
0 0.36367634124890064 0.7312500000000001 0.0395778364116095 0.0625
0 0.5505716798592788 0.77109375 0.026385224274406333 0.0578125
0 0.9762532981530343 0.31171875000000004 0.03342128408091469 0.045312500000000006
0 0.9661389621811786 0.3484375 0.03605980650835532 0.059375000000000004
0 0.9485488126649076 0.37734375000000003 0.0395778364116095 0.0578125
0 0.9375549692172384 0.41328125000000004 0.036939313984168866 0.0578125
3 0.8966578715919086 0.17734375000000002 0.03781882145998241 0.051562500000000004
0 0.9656992084432718 0.09921875000000001 0.03869832893579596 0.0765625
0 0.9881266490765171 0.12734375 0.02198768689533861 0.06406250000000001
2 0.974934036939314 0.246875 0.048372911169744945 0.07187500000000001
