0 0.0624450307828 0.5609375 0.028144239226 0.075
0 0.154353562005 0.6046875 0.0483729111697 0.040625
0 0.19744942832 0.60234375 0.0184696569921 0.0796875
0 0.223394898857 0.60390625 0.0228671943712 0.0765625
0 0.290677220756 0.62265625 0.0219876868953 0.0796875
0 0.267810026385 0.6171875 0.0184696569921 0.084375
0 0.24582233949 0.6046875 0.0219876868953 0.078125
0 0.378627968338 0.63984375 0.0202286719437 0.0640625
0 0.778364116095 0.85390625 0.0193491644679 0.0765625
0 0.957783641161 0.9125 0.0211081794195 0.053125
0 0.986367634125 0.86953125 0.0202286719437 0.0609375
0 0.818821459982 0.97421875 0.0474934036939 0.0421875
0 0.615655233069 0.70859375 0.0193491644679 0.0734375
0 0.596745822339 0.703125 0.0167106420405 0.078125
0 0.423043095866 0.653125 0.0193491644679 0.06875
0 0.4454705365 0.65859375 0.0219876868953 0.0765625
0 0.467458223395 0.66171875 0.0167106420405 0.0640625
0 0.488126649077 0.66875 0.0211081794195 0.071875
0 0.507915567282 0.67734375 0.0202286719437 0.0734375
0 0.529903254178 0.678125 0.0219876868953 0.075
0 0.552330694811 0.68359375 0.0193491644679 0.0609375
0 0.57343887423 0.6953125 0.0193491644679 0.071875
0 0.503518029903 0.1015625 0.03781882146 0.0375
0 0.96218117854 0.35859375 0.0228671943712 0.0765625
0 0.0294635004398 0.55078125 0.023746701847 0.0828125
0 0.00747581354442 0.55078125 0.0149516270888 0.0765625
