0 0.0294635004398 0.8 0.0430958663149 0.04375
0 0.0883905013193 0.77421875 0.0395778364116 0.0515625
0 0.186015831135 0.7296875 0.0413368513632 0.046875
0 0.113016710642 0.95625 0.03781882146 0.046875
0 0.537379067722 0.925 0.0246262093228 0.08125
0 0.512313104661 0.93828125 0.023746701847 0.0765625
0 0.35708003518 0.9109375 0.0386983289358 0.040625
0 0.471416007036 0.953125 0.0246262093228 0.071875
0 0.42656112577 0.96484375 0.0211081794195 0.0671875
0 0.401495162709 0.9671875 0.0219876868953 0.0625
0 0.274846086192 0.2546875 0.023746701847 0.084375
0 0.323658751099 0.22890625 0.0246262093228 0.0734375
0 0.299472295515 0.24140625 0.0219876868953 0.0796875
0 0.310026385224 0.39375 0.0430958663149 0.046875
0 0.522867194371 0.45234375 0.0255057167986 0.0765625
0 0.575197889182 0.434375 0.0228671943712 0.071875
0 0.626649076517 0.41015625 0.0255057167986 0.0828125
0 0.599824098505 0.4203125 0.0228671943712 0.084375
0 0.672823218997 0.30078125 0.0439753737907 0.0453125
