0 0.927880386983 0.034375 0.0404573438874 0.0375
0 0.917766051011 0.0671875 0.0395778364116 0.0375
0 0.660510114336 0.0328125 0.0175901495163 0.065625
0 0.675461741425 0.68125 0.0193491644679 0.059375
0 0.0558487247142 0.46640625 0.0202286719437 0.0671875
0 0.0998240985048 0.48203125 0.023746701847 0.0703125
0 0.122251539138 0.48359375 0.0228671943712 0.0765625
0 0.142480211082 0.48359375 0.0193491644679 0.0703125
0 0.166666666667 0.49375 0.023746701847 0.075
0 0.187335092348 0.50234375 0.0211081794195 0.0734375
0 0.211081794195 0.50078125 0.0193491644679 0.0703125
0 0.232629727353 0.50859375 0.0184696569921 0.0640625
0 0.252858399296 0.51328125 0.0202286719437 0.0703125
0 0.277044854881 0.52578125 0.0193491644679 0.0828125
0 0.298153034301 0.53046875 0.0211081794195 0.0703125
0 0.461741424802 0.6671875 0.0228671943712 0.071875
0 0.488126649077 0.97890625 0.0457343887423 0.0390625
0 0.495162708883 0.884375 0.0439753737907 0.040625
0 0.496921723835 0.8375 0.0457343887423 0.040625
0 0.500879507476 0.78984375 0.0466138962181 0.0421875
