0 0.0646437994723 0.440625 0.0202286719437 0.078125
0 0.0936675461741 0.43671875 0.0219876868953 0.0765625
0 0.135444151275 0.4453125 0.0211081794195 0.078125
0 0.182497801231 0.44921875 0.0202286719437 0.0765625
0 0.206244503078 0.459375 0.0184696569921 0.071875
0 0.241424802111 0.5421875 0.0395778364116 0.034375
0 0.148197009675 0.96171875 0.0272647317502 0.0734375
0 0.385664028144 0.803125 0.0413368513632 0.0375
0 0.405013192612 0.44375 0.0448548812665 0.034375
0 0.486807387863 0.803125 0.0413368513632 0.034375
0 0.543095866315 0.80546875 0.03781882146 0.0359375
0 0.580474934037 0.71953125 0.0439753737907 0.0359375
0 0.635444151275 0.7828125 0.0395778364116 0.034375
0 0.527704485488 0.39375 0.0211081794195 0.025
0 0.528583992964 0.36015625 0.0211081794195 0.0265625
0 0.52946350044 0.2796875 0.0211081794195 0.028125
2 0.543975373791 0.0859375 0.051890941073 0.04375
2 0.536059806508 0.18125 0.0343007915567 0.040625
2 0.774406332454 0.10234375 0.051890941073 0.0453125
2 0.775725593668 0.14765625 0.0527704485488 0.0453125
0 0.787159190853 0.2390625 0.0422163588391 0.034375
0 0.778803869833 0.06171875 0.03781882146 0.0359375
0 0.99164467898 0.84375 0.0149516270888 0.034375
0 0.00703605980651 0.9203125 0.014072119613 0.0875
