0 0.172823218997 0.08359375 0.0202286719437 0.0671875
0 0.193931398417 0.08828125 0.0202286719437 0.0703125
0 0.212840809147 0.090625 0.0175901495163 0.078125
0 0.23526824978 0.078125 0.0184696569921 0.065625
0 0.257695690413 0.084375 0.0175901495163 0.06875
0 0.281002638522 0.07421875 0.0167106420405 0.0671875
0 0.334652594547 0.17734375 0.0325417766051 0.0296875
0 0.325417766051 0.325 0.0422163588391 0.034375
0 0.00395778364116 0.69296875 0.00791556728232 0.0796875
0 0.01890941073 0.69609375 0.0219876868953 0.0671875
0 0.0430958663149 0.6984375 0.0211081794195 0.071875
0 0.0668425681618 0.69609375 0.0211081794195 0.0671875
0 0.0892700087951 0.69453125 0.0202286719437 0.0796875
0 0.137203166227 0.7 0.0193491644679 0.065625
0 0.113016710642 0.69609375 0.0202286719437 0.0734375
0 0.205364995602 0.7 0.0184696569921 0.071875
0 0.228232189974 0.70546875 0.0184696569921 0.0765625
0 0.251099384345 0.70390625 0.0167106420405 0.0734375
0 0.27308707124 0.7046875 0.0184696569921 0.075
0 0.294635004398 0.70703125 0.0175901495163 0.0734375
0 0.317062445031 0.7046875 0.0167106420405 0.075
0 0.339050131926 0.70625 0.0167106420405 0.075
0 0.361917326297 0.7078125 0.0167106420405 0.06875
0 0.384344766931 0.71015625 0.0175901495163 0.0765625
0 0.408091468777 0.71015625 0.0158311345646 0.0734375
0 0.436675461741 0.7109375 0.0167106420405 0.071875
0 0.530782761653 0.73515625 0.0430958663149 0.0296875
0 0.569920844327 0.7234375 0.0193491644679 0.08125
0 0.595426561126 0.7234375 0.0175901495163 0.075
0 0.617414248021 0.71875 0.0175901495163 0.075
0 0.640281442392 0.725 0.0175901495163 0.08125
0 0.663148636763 0.72890625 0.0193491644679 0.0734375
0 0.748021108179 0.728125 0.0167106420405 0.065625
0 0.791556728232 0.73359375 0.0193491644679 0.0703125
0 0.813544415128 0.73359375 0.0175901495163 0.0734375
0 0.833773087071 0.7328125 0.0175901495163 0.065625
0 0.854441512753 0.73359375 0.0202286719437 0.0734375
0 0.875109938434 0.7390625 0.0193491644679 0.065625
0 0.89709762533 0.7359375 0.0193491644679 0.071875
0 0.919085312225 0.73671875 0.0193491644679 0.0609375
0 0.94107299912 0.7421875 0.0211081794195 0.071875
0 0.960861917326 0.7453125 0.0184696569921 0.065625
0 0.981530343008 0.746875 0.0175901495163 0.06875
0 0.829375549692 0.1765625 0.0386983289358 0.03125
