0 0.9406332453825857 0.828125 0.02198768689533861 0.07187500000000001
0 0.9129287598944591 0.9 0.022867194371152155 0.0625
0 0.9173262972735269 0.31328125 0.022867194371152155 0.0859375
0 0.012752858399296395 0.52265625 0.02550571679859279 0.08281250000000001
0 0.14775725593667546 0.56015625 0.024626209322779244 0.07968750000000001
0 0.17458223394898859 0.5640625 0.02198768689533861 0.07500000000000001
0 0.19656992084432717 0.56484375 0.0237467018469657 0.0859375
0 0.21987686895338612 0.5765625 0.022867194371152155 0.08125
0 0.24450307827616535 0.5828125000000001 0.024626209322779244 0.07187500000000001
0 0.3311345646437995 0.60078125 0.02550571679859279 0.0703125
0 0.5699208443271768 0.6640625 0.01934916446789798 0.07187500000000001
0 0.5470536499560247 0.6585937500000001 0.01934916446789798 0.0703125
0 0.5263852242744064 0.65390625 0.02198768689533861 0.06406250000000001
0 0.5061565523306948 0.64453125 0.018469656992084433 0.06406250000000001
0 0.4841688654353562 0.63828125 0.02198768689533861 0.0671875
0 0.4604221635883905 0.634375 0.02198768689533861 0.07500000000000001
0 0.4410729991204925 0.6265625 0.02198768689533861 0.078125
0 0.4173262972735268 0.62265625 0.020228671943711522 0.0734375
0 0.39533861037818824 0.6234375000000001 0.018469656992084433 0.07187500000000001
0 0.3751099384344767 0.6156250000000001 0.020228671943711522 0.06875
0 0.7308707124010554 0.8125 0.0158311345646438 0.078125
0 0.7717678100263853 0.93671875 0.044854881266490766 0.0390625
0 0.7647317502198769 0.9828125000000001 0.044854881266490766 0.03125
0 0.4547053649956025 0.0578125 0.040457343887423045 0.043750000000000004
0 0.1077396657871592 0.565625 0.048372911169744945 0.03125
