0 0.08487247141600704 0.1609375 0.04309586631486368 0.05
0 0.18645558487247144 0.67734375 0.04573438874230431 0.035937500000000004
0 0.28100263852242746 0.63671875 0.0395778364116095 0.0421875
0 0.13016710642040458 0.7039062500000001 0.03869832893579596 0.051562500000000004
0 0.044854881266490766 0.77109375 0.04397537379067722 0.045312500000000006
0 0.45338610378188215 0.8148437500000001 0.04309586631486368 0.035937500000000004
0 0.30958663148636767 0.9812500000000001 0.04925241864555849 0.034375
0 0.49780123131046616 0.8757812500000001 0.024626209322779244 0.0703125
0 0.5241864555848725 0.86875 0.028144239226033423 0.084375
0 0.5686015831134565 0.8539062500000001 0.0237467018469657 0.07968750000000001
0 0.6064204045734389 0.8390625 0.029023746701846966 0.08125
0 0.633245382585752 0.8226562500000001 0.024626209322779244 0.07968750000000001
0 0.617854001759015 0.35781250000000003 0.02726473175021988 0.08125
0 0.667985927880387 0.33515625000000004 0.0237467018469657 0.0765625
0 0.6934916446789798 0.32265625000000003 0.0237467018469657 0.08281250000000001
0 0.7216358839050132 0.31484375000000003 0.02198768689533861 0.0765625
0 0.40589270008795075 0.29921875000000003 0.044854881266490766 0.045312500000000006
0 0.4177660510114336 0.1375 0.024626209322779244 0.08125
0 0.36807387862796836 0.1625 0.020228671943711522 0.084375
0 0.3927000879507476 0.1484375 0.02550571679859279 0.08750000000000001
0 0.7660510114335972 0.20625000000000002 0.040457343887423045 0.040625
