2 0.1741424802110818 0.0703125 0.024626209322779244 0.065625
2 0.22427440633245382 0.07890625000000001 0.022867194371152155 0.051562500000000004
0 0.3751099384344767 0.3046875 0.018469656992084433 0.078125
0 0.5567282321899737 0.051562500000000004 0.01934916446789798 0.06875
0 0.558047493403694 0.1484375 0.020228671943711522 0.06875
0 0.5615655233069481 0.31640625 0.02198768689533861 0.0765625
2 0.519349164467898 0.49609375 0.02726473175021988 0.11093750000000001
3 0.5861917326297273 0.7273437500000001 0.032541776605101144 0.07968750000000001
0 0.4340369393139842 0.571875 0.018469656992084433 0.06875
0 0.3927000879507476 0.6359375 0.03781882145998241 0.03125
0 0.38698328935795956 0.67890625 0.04221635883905013 0.0328125
0 0.38742304309586634 0.7562500000000001 0.03781882145998241 0.03125
0 0.3856640281442392 0.8289062500000001 0.0395778364116095 0.0328125
0 0.3878627968337731 0.8765625 0.04397537379067722 0.03125
0 0.7159190853122251 0.59375 0.01934916446789798 0.07500000000000001
0 0.7959542656112577 0.56015625 0.04397537379067722 0.029687500000000002
0 0.7985927880386984 0.60546875 0.04221635883905013 0.035937500000000004
0 0.8007915567282322 0.6507812500000001 0.044854881266490766 0.0328125
0 0.7282321899736148 0.8773437500000001 0.021108179419525065 0.0734375
0 0.6416007036059806 0.9484375 0.04309586631486368 0.03125
0 0.8544415127528584 0.08203125 0.0237467018469657 0.0765625
