3 0.960861917326 0.59765625 0.0290237467018 0.0703125
0 0.926121372032 0.8375 0.0211081794195 0.071875
0 0.944151275286 0.81875 0.0255057167986 0.075
0 0.968337730871 0.81328125 0.028144239226 0.0703125
0 0.987686895339 0.79140625 0.0228671943712 0.0734375
0 0.452946350044 0.79296875 0.0316622691293 0.0390625
0 0.0532102022867 0.60546875 0.0413368513632 0.0515625
0 0.0123131046614 0.478125 0.0246262093228 0.078125
0 0.0299032541777 0.459375 0.0316622691293 0.08125
0 0.0540897097625 0.4390625 0.0360598065084 0.075
0 0.40765171504 0.41328125 0.0413368513632 0.0453125
0 0.369393139842 0.5375 0.0299032541777 0.08125
0 0.343007915567 0.55390625 0.0316622691293 0.0828125
0 0.267370272647 0.6078125 0.0316622691293 0.078125
0 0.317941952507 0.57421875 0.023746701847 0.0734375
0 0.377308707124 0.02265625 0.0404573438874 0.0453125
0 0.385664028144 0.06015625 0.0360598065084 0.0515625
0 0.393139841689 0.09375 0.0404573438874 0.05
