2 0.4204045734388743 0.5007812500000001 0.0158311345646438 0.060937500000000006
2 0.4494283201407212 0.49765625 0.024626209322779244 0.1046875
3 0.4797713280562885 0.31796875 0.020228671943711522 0.0765625
0 0.16094986807387865 0.2 0.04221635883905013 0.037500000000000006
0 0.3218997361477573 0.013281250000000001 0.04573438874230431 0.026562500000000003
0 0.32365875109938436 0.05078125 0.04573438874230431 0.0328125
0 0.6750219876868954 0.40468750000000003 0.04133685136323659 0.03125
0 0.6033421284080915 0.46484375 0.014072119613016711 0.0703125
0 0.5584872471416007 0.35390625000000003 0.04397537379067722 0.0328125
0 0.567722075637643 0.171875 0.04309586631486368 0.037500000000000006
0 0.563764291996482 0.26484375 0.04221635883905013 0.0328125
0 0.5620052770448549 0.309375 0.04397537379067722 0.034375
0 0.4177660510114336 0.59765625 0.01759014951627089 0.0703125
0 0.7678100263852243 0.584375 0.0158311345646438 0.07187500000000001
0 0.7884784520668426 0.58515625 0.016710642040457344 0.0671875
0 0.8100263852242744 0.59140625 0.01759014951627089 0.0734375
0 0.8306948109058927 0.5953125 0.016710642040457344 0.059375000000000004
0 0.851363236587511 0.5984375000000001 0.01934916446789798 0.07187500000000001
0 0.8742304309586632 0.59765625 0.01759014951627089 0.0703125
0 0.8962181178540019 0.603125 0.021108179419525065 0.07500000000000001
0 0.9173262972735269 0.60546875 0.01759014951627089 0.06406250000000001
0 0.9564643799472295 0.60546875 0.020228671943711522 0.0703125
0 0.9375549692172384 0.6039062500000001 0.01934916446789798 0.0671875
0 0.9951627088830256 0.6140625000000001 0.0079155672823219 0.0625
0 0.10510114335971857 0.21406250000000002 0.016710642040457344 0.03125
