0 0.00747581354442 0.4515625 0.0149516270888 0.034375
0 0.244942832014 0.4296875 0.0184696569921 0.0375
0 0.288478452067 0.43046875 0.014072119613 0.0359375
0 0.306948109059 0.43125 0.0158311345646 0.0375
2 0.136323658751 0.41484375 0.0228671943712 0.0796875
2 0.190853122252 0.42578125 0.0263852242744 0.0609375
2 0.0413368513632 0.03515625 0.028144239226 0.0703125
2 0.163148636763 0.034375 0.0272647317502 0.06875
2 0.137203166227 0.03203125 0.0246262093228 0.0640625
0 0.115655233069 0.02578125 0.0167106420405 0.0515625
0 0.211521547933 0.01796875 0.0202286719437 0.0359375
0 0.341688654354 0.64140625 0.0184696569921 0.0765625
0 0.525505716799 0.3921875 0.0167106420405 0.06875
0 0.529023746702 0.48515625 0.0167106420405 0.0703125
0 0.531222515391 0.65546875 0.0193491644679 0.0734375
2 0.482849604222 0.640625 0.028144239226 0.1125
2 0.89709762533 0.1390625 0.0738786279683 0.053125
2 0.897537379068 0.19453125 0.0747581354442 0.0546875
0 0.823658751099 0.42421875 0.0202286719437 0.0703125
0 0.734388742304 0.46171875 0.0158311345646 0.0265625
0 0.752858399296 0.4609375 0.014072119613 0.01875
0 0.509234828496 0.23671875 0.0158311345646 0.0734375
0 0.399296394019 0.91484375 0.0193491644679 0.0671875
0 0.359718557608 0.98203125 0.0404573438874 0.0328125
0 0.499120492524 0.97734375 0.0184696569921 0.0421875
0 0.68689533861 0.94296875 0.0175901495163 0.0671875
0 0.767370272647 0.90546875 0.0448548812665 0.0328125
0 0.768689533861 0.9484375 0.0439753737907 0.0375
0 0.770888302551 0.98828125 0.0448548812665 0.0203125
