0 0.354001759015 0.0390625 0.0430958663149 0.034375
0 0.356200527704 0.08125 0.0457343887423 0.03125
0 0.196569920844 0.22890625 0.0448548812665 0.0390625
0 0.138962181179 0.2421875 0.014072119613 0.028125
2 0.483729111697 0.440625 0.0228671943712 0.10625
2 0.45162708883 0.5640625 0.0149516270888 0.05625
3 0.515391380827 0.30390625 0.0211081794195 0.0796875
0 0.450307827617 0.6765625 0.0228671943712 0.071875
0 0.599384344767 0.1984375 0.0430958663149 0.034375
0 0.594107299912 0.29296875 0.0413368513632 0.0328125
0 0.594986807388 0.3359375 0.0430958663149 0.034375
0 0.591908531223 0.38125 0.0439753737907 0.034375
0 0.634564643799 0.49296875 0.0202286719437 0.0734375
0 0.702726473175 0.4328125 0.0404573438874 0.03125
0 0.80035180299 0.6078125 0.0193491644679 0.06875
0 0.822779243624 0.6140625 0.0167106420405 0.071875
0 0.843447669305 0.6171875 0.0193491644679 0.065625
0 0.864116094987 0.62265625 0.0167106420405 0.0609375
0 0.884784520668 0.62421875 0.0211081794195 0.0703125
0 0.908091468777 0.621875 0.0184696569921 0.065625
0 0.949868073879 0.63125 0.0175901495163 0.06875
0 0.970976253298 0.62890625 0.0193491644679 0.0703125
0 0.989885664028 0.634375 0.0184696569921 0.065625
