2 0.0743183817062 0.02734375 0.0343007915567 0.0296875
0 0.03781882146 0.2140625 0.0175901495163 0.071875
0 0.014072119613 0.20625 0.0175901495163 0.06875
0 0.566842568162 0.1234375 0.0167106420405 0.071875
0 0.553649956025 0.028125 0.0149516270888 0.01875
0 0.666666666667 0.396875 0.0193491644679 0.08125
0 0.692172383465 0.39375 0.0175901495163 0.078125
0 0.732629727353 0.39609375 0.0175901495163 0.0765625
0 0.774846086192 0.39453125 0.0211081794195 0.0765625
0 0.798592788039 0.4046875 0.0193491644679 0.075
0 0.837291116974 0.48125 0.0351802990325 0.03125
0 0.458223394899 0.953125 0.0439753737907 0.028125
0 0.518469656992 0.86171875 0.0184696569921 0.0859375
0 0.545294635004 0.859375 0.0193491644679 0.0875
0 0.570800351803 0.85859375 0.0193491644679 0.0765625
0 0.625329815303 0.8578125 0.0193491644679 0.084375
2 0.839050131926 0.68828125 0.0914687774846 0.1171875
0 0.984168865435 0.37421875 0.0299032541777 0.0359375
0 0.981530343008 0.72109375 0.0351802990325 0.0390625
0 0.299472295515 0.2 0.0219876868953 0.078125
