2 0.3623570800351803 0.16562500000000002 0.026385224274406333 0.171875
3 0.3720316622691293 0.36953125000000003 0.021108179419525065 0.0859375
0 0.13720316622691295 0.5140625 0.0474934036939314 0.034375
0 0.19437115215479334 0.51328125 0.04221635883905013 0.035937500000000004
0 0.24670184696569922 0.509375 0.04133685136323659 0.03125
0 0.2911169744942832 0.09453125000000001 0.040457343887423045 0.0328125
0 0.2906772207563764 0.17500000000000002 0.03781882145998241 0.028125
0 0.29155672823219 0.21328125 0.04133685136323659 0.026562500000000003
0 0.2906772207563764 0.24921875000000002 0.04309586631486368 0.0328125
0 0.3909410729991205 0.16328125000000002 0.018469656992084433 0.0765625
0 0.4182058047493404 0.16171875000000002 0.020228671943711522 0.060937500000000006
0 0.46350043975373795 0.16484375 0.0158311345646438 0.07968750000000001
0 0.440193491644679 0.16718750000000002 0.018469656992084433 0.078125
0 0.29375549692172387 0.30625 0.04397537379067722 0.034375
0 0.6860158311345647 0.36796875 0.01759014951627089 0.0703125
2 0.10729991204925242 0.96796875 0.024626209322779244 0.060937500000000006
0 0.9520668425681619 0.08046875 0.020228671943711522 0.07968750000000001
0 0.9076517150395779 0.81171875 0.024626209322779244 0.0859375
0 0.9340369393139842 0.81171875 0.021108179419525065 0.0859375
0 0.9586631486367635 0.80859375 0.021108179419525065 0.08281250000000001
0 0.8487247141600704 0.9031250000000001 0.04397537379067722 0.03125
