0 0.314423922603 0.2859375 0.0184696569921 0.078125
0 0.268249780123 0.28125 0.0175901495163 0.075
0 0.158311345646 0.8 0.0439753737907 0.0375
0 0.0272647317502 0.90390625 0.0246262093228 0.0765625
0 0.0202286719437 0.0859375 0.0193491644679 0.06875
2 0.182937554969 0.72578125 0.0492524186456 0.0453125
0 0.720316622691 0.5546875 0.0386983289358 0.03125
0 0.896657871592 0.534375 0.0149516270888 0.0625
0 0.914248021108 0.53359375 0.0149516270888 0.0609375
0 0.956904133685 0.53515625 0.0193491644679 0.0703125
0 0.981530343008 0.53125 0.0211081794195 0.05625
