0 0.899296394019 0.534375 0.0149516270888 0.065625
0 0.918645558487 0.53515625 0.0184696569921 0.0671875
0 0.961301671064 0.5359375 0.0193491644679 0.065625
0 0.985048372911 0.53125 0.0193491644679 0.05625
0 0.721635883905 0.55703125 0.0430958663149 0.0265625
2 0.728232189974 0.7296875 0.0474934036939 0.0375
3 0.172823218997 0.62421875 0.0853122251539 0.0453125
0 0.267810026385 0.2859375 0.0202286719437 0.071875
0 0.313984168865 0.2875 0.0193491644679 0.078125
0 0.160510114336 0.8046875 0.0413368513632 0.04375
0 0.0246262093228 0.9125 0.0263852242744 0.075
0 0.0184696569921 0.09140625 0.0193491644679 0.0671875
