0 0.269129287599 0.28203125 0.0193491644679 0.0734375
0 0.315303430079 0.2859375 0.0184696569921 0.075
2 0.26253298153 0.715625 0.0448548812665 0.034375
0 0.15963060686 0.8015625 0.0430958663149 0.040625
0 0.0246262093228 0.909375 0.0158311345646 0.071875
0 0.0206684256816 0.08984375 0.0202286719437 0.0703125
0 0.720316622691 0.5546875 0.0422163588391 0.028125
3 0.957343887423 0.63828125 0.0835532102023 0.0453125
0 0.899296394019 0.53203125 0.0131926121372 0.0609375
0 0.915567282322 0.5359375 0.0158311345646 0.065625
0 0.938434476693 0.5359375 0.0193491644679 0.06875
0 0.959542656113 0.534375 0.0211081794195 0.06875
0 0.98109058927 0.52890625 0.0202286719437 0.0578125
