0 0.38434476693051894 0.032031250000000004 0.01759014951627089 0.06406250000000001
0 0.3847845206684257 0.10625000000000001 0.020228671943711522 0.07187500000000001
3 0.37598944591029027 0.390625 0.020228671943711522 0.07500000000000001
0 0.37291116974494287 0.5078125 0.021108179419525065 0.08125
0 0.4322779243623571 0.5789062500000001 0.018469656992084433 0.0734375
0 0.6182937554969218 0.3671875 0.01759014951627089 0.07500000000000001
0 0.6376429199648197 0.37031250000000004 0.0158311345646438 0.07187500000000001
0 0.6574318381706244 0.37109375 0.016710642040457344 0.0765625
0 0.6772207563764292 0.35859375000000004 0.0158311345646438 0.060937500000000006
0 0.7018469656992085 0.36328125 0.0158311345646438 0.0765625
0 0.7229551451187335 0.35390625000000003 0.01759014951627089 0.0671875
0 0.6706244503078277 0.11171875 0.018469656992084433 0.0703125
0 0.7779243623570801 0.4578125 0.03605980650835532 0.037500000000000006
0 0.7686895338610379 0.60703125 0.04221635883905013 0.0328125
0 0.237467018469657 0.953125 0.01934916446789798 0.07187500000000001
0 0.2590149516270888 0.95078125 0.018469656992084433 0.0734375
0 0.2832014072119613 0.95078125 0.01759014951627089 0.0765625
0 0.3060686015831135 0.95078125 0.01934916446789798 0.0734375
0 0.32849604221635886 0.95078125 0.018469656992084433 0.0765625
0 0.35048372911169745 0.9546875 0.020228671943711522 0.07500000000000001
0 0.3702726473175022 0.95703125 0.01759014951627089 0.0671875
0 0.395778364116095 0.95625 0.01934916446789798 0.078125
0 0.4604221635883905 0.9617187500000001 0.018469656992084433 0.0734375
0 0.4815303430079156 0.9656250000000001 0.018469656992084433 0.065625
0 0.5021987686895338 0.96640625 0.01934916446789798 0.06406250000000001
0 0.5268249780123131 0.9671875000000001 0.01759014951627089 0.0625
0 0.548372911169745 0.9609375 0.016710642040457344 0.06875
0 0.5699208443271768 0.96484375 0.01934916446789798 0.06406250000000001
0 0.5914687774846087 0.96796875 0.020228671943711522 0.060937500000000006
0 0.6569920844327177 0.96640625 0.01759014951627089 0.06406250000000001
0 0.6807387862796834 0.96796875 0.01759014951627089 0.060937500000000006
0 0.7022867194371153 0.96875 0.018469656992084433 0.059375000000000004
0 0.8839050131926122 0.9750000000000001 0.014072119613016711 0.046875
0 0.7445030782761654 0.9703125 0.016710642040457344 0.05625
0 0.7656112576956905 0.96875 0.014951627088830256 0.059375000000000004
0 0.7875989445910291 0.9710937500000001 0.016710642040457344 0.0546875
0 0.8087071240105541 0.9710937500000001 0.018469656992084433 0.0546875
0 0.8298153034300791 0.9695312500000001 0.018469656992084433 0.0578125
0 0.8540017590149517 0.97421875 0.01759014951627089 0.0484375
