2 0.14907651715 0.73671875 0.051890941073 0.0546875
0 0.158311345646 0.7984375 0.0422163588391 0.0375
0 0.0233069481091 0.9046875 0.0202286719437 0.071875
0 0.0193491644679 0.090625 0.0228671943712 0.071875
0 0.268249780123 0.2796875 0.0158311345646 0.06875
0 0.311785400176 0.28359375 0.0184696569921 0.0734375
0 0.721635883905 0.5546875 0.0413368513632 0.03125
0 0.898416886544 0.53125 0.0167106420405 0.059375
0 0.91380826737 0.53125 0.0158311345646 0.06875
0 0.956464379947 0.5375 0.0219876868953 0.071875
0 0.981970096746 0.528125 0.0167106420405 0.053125
