0 0.7308707124010554 0.17343750000000002 0.01934916446789798 0.078125
0 0.8298153034300791 0.44609375 0.020228671943711522 0.0765625
0 0.8535620052770448 0.44062500000000004 0.020228671943711522 0.07500000000000001
0 0.8940193491644679 0.44453125000000004 0.020228671943711522 0.07968750000000001
0 0.9349164467897978 0.44296875 0.022867194371152155 0.07968750000000001
0 0.9599824098504838 0.45390625 0.020228671943711522 0.0765625
0 0.6855760773966579 0.9078125 0.02198768689533861 0.08750000000000001
0 0.7102022867194372 0.9078125 0.018469656992084433 0.08125
0 0.7357080035180299 0.9015625 0.02198768689533861 0.078125
0 0.7902374670184696 0.9046875000000001 0.0237467018469657 0.08125
2 0.9670184696569921 0.7984375 0.06420404573438875 0.146875
0 0.46306068601583117 0.434375 0.018469656992084433 0.07187500000000001
0 0.16886543535620052 0.0484375 0.01759014951627089 0.078125
0 0.18733509234828497 0.03828125 0.014072119613016711 0.0546875
0 0.06156552330694811 0.18984375 0.040457343887423045 0.0328125
0 0.05848724714160071 0.265625 0.04133685136323659 0.03125
0 0.06068601583113457 0.30703125000000003 0.04397537379067722 0.029687500000000002
0 0.06156552330694811 0.34218750000000003 0.04573438874230431 0.034375
0 0.06244503078276166 0.39921875 0.0474934036939314 0.0328125
0 0.16182937554969218 0.25703125 0.01759014951627089 0.0734375
0 0.18601583113456466 0.25078125 0.016710642040457344 0.0671875
0 0.2106420404573439 0.25859375 0.018469656992084433 0.0671875
0 0.23306948109058928 0.25625000000000003 0.01759014951627089 0.06875
2 0.12928759894459105 0.259375 0.03342128408091469 0.16875
3 0.1437994722955145 0.4609375 0.020228671943711522 0.08750000000000001
2 0.2506596306068602 0.0765625 0.03518029903254178 0.028125
0 0.018909410729991204 0.609375 0.03781882145998241 0.034375
