3 0.584872471416 0.959375 0.0386983289358 0.078125
0 0.599824098505 0.83828125 0.0211081794195 0.0765625
0 0.752418645558 0.846875 0.0219876868953 0.075
0 0.731750219877 0.84375 0.0193491644679 0.075
0 0.709322779244 0.84140625 0.0202286719437 0.0765625
0 0.686015831135 0.83671875 0.0211081794195 0.0765625
0 0.665787159191 0.8390625 0.0175901495163 0.071875
0 0.644678979771 0.8359375 0.0193491644679 0.078125
0 0.620492524186 0.83671875 0.0202286719437 0.0734375
3 0.720756376429 0.28984375 0.0202286719437 0.0828125
0 0.720316622691 0.40390625 0.0175901495163 0.0796875
0 0.780123131047 0.4734375 0.0175901495163 0.075
0 0.966578715919 0.259375 0.0175901495163 0.071875
0 0.986367634125 0.2640625 0.0167106420405 0.075
0 0.817062445031 0.85 0.0175901495163 0.078125
0 0.948988566403 0.86015625 0.0175901495163 0.0703125
0 0.925241864556 0.8546875 0.0211081794195 0.071875
0 0.903693931398 0.8515625 0.0167106420405 0.071875
0 0.883025505717 0.853125 0.0158311345646 0.065625
0 0.860158311346 0.85546875 0.0175901495163 0.0734375
0 0.839489885664 0.85390625 0.0202286719437 0.0640625
0 0.729551451187 0.01484375 0.0167106420405 0.0296875
