0 0.360158311346 0.5265625 0.0466138962181 0.034375
0 0.41600703606 0.52265625 0.0404573438874 0.0265625
0 0.468777484609 0.52265625 0.0386983289358 0.0328125
0 0.514951627089 0.10859375 0.0413368513632 0.0390625
0 0.512752858399 0.18515625 0.0404573438874 0.0359375
0 0.513192612137 0.2234375 0.0413368513632 0.03125
0 0.514951627089 0.26015625 0.03781882146 0.0328125
0 0.515831134565 0.31953125 0.0413368513632 0.0296875
3 0.594986807388 0.38203125 0.0202286719437 0.0796875
2 0.589709762533 0.175 0.023746701847 0.171875
0 0.615655233069 0.17265625 0.0158311345646 0.0671875
0 0.638962181179 0.17421875 0.0167106420405 0.0640625
0 0.663148636763 0.18046875 0.0158311345646 0.0703125
0 0.685576077397 0.178125 0.0167106420405 0.071875
0 0.903254177661 0.37890625 0.0211081794195 0.0734375
0 0.197009674582 0.759375 0.0404573438874 0.034375
2 0.339489885664 0.97109375 0.0228671943712 0.0546875
