0 0.35927880387 0.1578125 0.0184696569921 0.06875
0 0.419964819701 0.15234375 0.0167106420405 0.0609375
0 0.44327176781 0.159375 0.0158311345646 0.075
0 0.46437994723 0.14765625 0.0193491644679 0.0703125
0 0.398856640281 0.16171875 0.0167106420405 0.0765625
0 0.377748460862 0.1640625 0.0167106420405 0.06875
0 0.520668425682 0.25234375 0.0316622691293 0.0328125
0 0.511873350923 0.39609375 0.0404573438874 0.0296875
3 0.112137203166 0.190625 0.0202286719437 0.08125
0 0.112137203166 0.30625 0.0184696569921 0.075
0 0.171503957784 0.38359375 0.014072119613 0.0578125
0 0.0131926121372 0.7515625 0.0211081794195 0.075
0 0.0360598065084 0.75 0.0211081794195 0.075
0 0.0576077396658 0.753125 0.0219876868953 0.078125
0 0.0813544415128 0.75234375 0.0202286719437 0.0765625
0 0.124890061566 0.7578125 0.0211081794195 0.071875
0 0.101583113456 0.75625 0.0167106420405 0.071875
0 0.192612137203 0.76015625 0.0193491644679 0.0765625
0 0.215919085312 0.76484375 0.0184696569921 0.0640625
0 0.237906772208 0.76875 0.0184696569921 0.071875
0 0.26253298153 0.76484375 0.0184696569921 0.0671875
0 0.28364116095 0.759375 0.0149516270888 0.071875
0 0.306068601583 0.76640625 0.0175901495163 0.0703125
0 0.328496042216 0.76796875 0.0184696569921 0.0640625
0 0.395778364116 0.7671875 0.0175901495163 0.071875
0 0.417326297274 0.7734375 0.0149516270888 0.075
0 0.441512752858 0.771875 0.0175901495163 0.071875
0 0.461301671064 0.77265625 0.0167106420405 0.0734375
0 0.483729111697 0.7734375 0.0158311345646 0.06875
0 0.504397537379 0.77421875 0.0149516270888 0.0703125
0 0.52726473175 0.77734375 0.0184696569921 0.0703125
0 0.549692172383 0.77890625 0.0175901495163 0.0703125
0 0.571679859279 0.7796875 0.0158311345646 0.071875
0 0.593227792436 0.78203125 0.0167106420405 0.0703125
0 0.622691292876 0.78125 0.0175901495163 0.078125
0 0.714160070361 0.8015625 0.0439753737907 0.03125
0 0.75417766051 0.79375 0.0167106420405 0.078125
0 0.778364116095 0.7921875 0.0175901495163 0.071875
0 0.800791556728 0.7890625 0.0167106420405 0.075
0 0.823218997361 0.79296875 0.0158311345646 0.0703125
0 0.844327176781 0.796875 0.0175901495163 0.075
0 0.928320140721 0.7921875 0.0167106420405 0.071875
0 0.972295514512 0.803125 0.0219876868953 0.065625
0 0.992524186456 0.80546875 0.0131926121372 0.0671875
3 0.123570800352 0.83203125 0.0483729111697 0.0453125
