0 0.5584872471416007 0.11171875 0.01759014951627089 0.07968750000000001
3 0.5492524186455585 0.39296875000000003 0.020228671943711522 0.0765625
0 0.5452946350043976 0.509375 0.022867194371152155 0.08125
0 0.6064204045734389 0.58046875 0.018469656992084433 0.0703125
0 0.8948988566402815 0.3609375 0.018469656992084433 0.06875
0 0.7937554969217239 0.37265625 0.020228671943711522 0.0703125
0 0.8113456464379948 0.3765625 0.014951627088830256 0.078125
0 0.8315743183817063 0.3765625 0.016710642040457344 0.07500000000000001
0 0.8504837291116975 0.36484375 0.01759014951627089 0.0578125
0 0.8733509234828496 0.36640625000000004 0.021108179419525065 0.0734375
0 0.9507475813544416 0.46484375 0.04221635883905013 0.0328125
0 0.9406332453825857 0.6078125000000001 0.048372911169744945 0.03125
0 0.41908531222515394 0.9500000000000001 0.018469656992084433 0.07187500000000001
0 0.4437115215479332 0.9515625000000001 0.020228671943711522 0.078125
0 0.4648197009674582 0.946875 0.018469656992084433 0.07500000000000001
0 0.5760773966578716 0.9578125000000001 0.021108179419525065 0.07500000000000001
0 0.5510114335971856 0.95625 0.014951627088830256 0.06875
0 0.48856640281442393 0.9484375 0.018469656992084433 0.07500000000000001
0 0.509674582233949 0.95078125 0.018469656992084433 0.0765625
0 0.5312225153913809 0.953125 0.01759014951627089 0.078125
0 0.940193491644679 0.9710937500000001 0.01934916446789798 0.0546875
0 0.6389621811785401 0.9593750000000001 0.018469656992084433 0.078125
0 0.6600703605980651 0.9656250000000001 0.020228671943711522 0.065625
0 0.681618293755497 0.9656250000000001 0.01934916446789798 0.065625
0 0.7053649956024627 0.96484375 0.01759014951627089 0.0671875
0 0.7255936675461742 0.9617187500000001 0.01759014951627089 0.0734375
0 0.7475813544415127 0.9640625 0.01759014951627089 0.06875
0 0.7700087950747582 0.9671875000000001 0.018469656992084433 0.0625
0 0.8333333333333334 0.9671875000000001 0.020228671943711522 0.0625
0 0.8562005277044855 0.9671875000000001 0.020228671943711522 0.0625
0 0.8773087071240105 0.9710937500000001 0.018469656992084433 0.0546875
0 0.899736147757256 0.9703125 0.01759014951627089 0.05625
0 0.919085312225154 0.9695312500000001 0.01759014951627089 0.0578125
0 0.963500439753738 0.9710937500000001 0.018469656992084433 0.0546875
0 0.9850483729111698 0.97265625 0.0158311345646438 0.051562500000000004
