3 0.07563764292 0.62578125 0.0914687774846 0.0484375
0 0.158311345646 0.8046875 0.0422163588391 0.0375
0 0.023746701847 0.9109375 0.0175901495163 0.071875
0 0.0167106420405 0.0921875 0.0246262093228 0.071875
0 0.265611257696 0.28359375 0.0175901495163 0.0703125
0 0.313984168865 0.28515625 0.0211081794195 0.0796875
0 0.723834652595 0.55703125 0.0457343887423 0.0328125
2 0.793755496922 0.73046875 0.0448548812665 0.0359375
0 0.901055408971 0.53125 0.0131926121372 0.0625
0 0.919964819701 0.534375 0.0158311345646 0.065625
0 0.961301671064 0.53515625 0.0175901495163 0.0640625
0 0.986807387863 0.5296875 0.0211081794195 0.053125
