0 0.18161829375549693 0.6179687500000001 0.02726473175021988 0.0734375
0 0.4291996481970097 0.15937500000000002 0.03869832893579596 0.040625
0 0.4357959542656113 0.19062500000000002 0.03605980650835532 0.040625
0 0.4410729991204925 0.22890625 0.03781882145998241 0.0421875
0 0.44722955145118737 0.26484375 0.032541776605101144 0.0390625
0 0.45514511873350927 0.30234375 0.03781882145998241 0.0421875
0 0.4656992084432718 0.33828125000000003 0.03781882145998241 0.045312500000000006
0 0.4705364995602463 0.37421875000000004 0.040457343887423045 0.045312500000000006
0 0.47757255936675463 0.4078125 0.03518029903254178 0.040625
0 0.4859278803869833 0.44296875 0.0395778364116095 0.0484375
0 0.494283201407212 0.47578125000000004 0.036939313984168866 0.0421875
0 0.5074758135444152 0.54921875 0.03342128408091469 0.0421875
0 0.5932277924362357 0.91171875 0.0237467018469657 0.0765625
0 0.5391380826737028 0.69296875 0.04221635883905013 0.045312500000000006
0 0.5466138962181178 0.7296875 0.04133685136323659 0.046875
0 0.5510114335971856 0.77109375 0.04133685136323659 0.0484375
0 0.5624450307827616 0.8093750000000001 0.04133685136323659 0.05
0 0.5721196130167107 0.84921875 0.04309586631486368 0.0578125
