0 0.11521547933157432 0.7054687500000001 0.04221635883905013 0.0328125
6 0.25417766051011437 0.71796875 0.11609498680738786 0.0546875
2 0.4529463500439754 0.7312500000000001 0.08795074758135445 0.053125000000000006
0 0.2884784520668426 0.7640625000000001 0.040457343887423045 0.03125
2 0.46657871591908534 0.7898437500000001 0.03430079155672824 0.0328125
0 0.5773966578715919 0.7914062500000001 0.044854881266490766 0.035937500000000004
0 0.7044854881266491 0.7820312500000001 0.03869832893579596 0.029687500000000002
2 0.7994722955145119 0.73984375 0.04925241864555849 0.035937500000000004
0 0.6934916446789798 0.9328125 0.044854881266490766 0.06875
0 0.9287598944591029 0.6921875000000001 0.04397537379067722 0.034375
