0 0.4309586631486368 0.049218750000000006 0.03869832893579596 0.0421875
0 0.4384344766930519 0.084375 0.03781882145998241 0.043750000000000004
0 0.4437115215479332 0.11953125 0.03781882145998241 0.0421875
0 0.449868073878628 0.15546875000000002 0.03605980650835532 0.0390625
0 0.4577836411609499 0.19296875000000002 0.0395778364116095 0.0421875
0 0.4678979771328057 0.23046875 0.03869832893579596 0.045312500000000006
0 0.4736147757255937 0.26640625 0.03781882145998241 0.0421875
0 0.4797713280562885 0.30000000000000004 0.03605980650835532 0.040625
0 0.48812664907651715 0.33437500000000003 0.03869832893579596 0.040625
0 0.49604221635883905 0.36562500000000003 0.03518029903254178 0.043750000000000004
0 0.5105540897097626 0.4421875 0.03430079155672824 0.043750000000000004
0 0.5426561125769569 0.5828125000000001 0.040457343887423045 0.046875
0 0.5488126649076518 0.6195312500000001 0.040457343887423045 0.0484375
0 0.5545294635004397 0.6609375000000001 0.04133685136323659 0.05
0 0.5650835532102023 0.69296875 0.03781882145998241 0.045312500000000006
0 0.575197889182058 0.7359375 0.04221635883905013 0.05
0 0.5963060686015832 0.7976562500000001 0.026385224274406333 0.07968750000000001
0 0.6231310466138963 0.9617187500000001 0.0395778364116095 0.0546875
0 0.18733509234828497 0.509375 0.024626209322779244 0.07187500000000001
