0 0.713280562885 0.028125 0.0193491644679 0.05625
3 0.706244503078 0.31328125 0.0211081794195 0.0828125
0 0.706684256816 0.4296875 0.0167106420405 0.071875
0 0.76473175022 0.49765625 0.0184696569921 0.0734375
0 0.949868073879 0.2828125 0.0211081794195 0.06875
0 0.968777484609 0.2875 0.0167106420405 0.071875
0 0.989885664028 0.2890625 0.0184696569921 0.075
0 0.583113456464 0.8609375 0.0193491644679 0.075
3 0.578715919085 0.96484375 0.0404573438874 0.0671875
0 0.605980650836 0.8609375 0.0211081794195 0.08125
0 0.629727352682 0.8609375 0.0193491644679 0.075
0 0.650835532102 0.859375 0.0175901495163 0.071875
0 0.671943711522 0.8578125 0.0193491644679 0.078125
0 0.694371152155 0.86328125 0.0219876868953 0.0828125
0 0.713720316623 0.86640625 0.0184696569921 0.0703125
0 0.738346525945 0.8671875 0.0219876868953 0.078125
0 0.931398416887 0.884375 0.0158311345646 0.06875
0 0.908531222515 0.878125 0.0211081794195 0.078125
0 0.88874230431 0.87578125 0.0167106420405 0.0765625
0 0.866754617414 0.878125 0.0149516270888 0.071875
0 0.844766930519 0.88046875 0.0202286719437 0.0734375
0 0.822339489886 0.875 0.0193491644679 0.06875
0 0.800791556728 0.871875 0.0184696569921 0.075
0 0.992963940193 0.8859375 0.0123131046614 0.06875
