0 0.27528583993 0.05625 0.0175901495163 0.06875
3 0.262972735268 0.3421875 0.0228671943712 0.08125
0 0.263412489006 0.45859375 0.0184696569921 0.0796875
0 0.323218997361 0.528125 0.0167106420405 0.075
0 0.50835532102 0.31171875 0.0211081794195 0.0671875
0 0.528144239226 0.31875 0.0149516270888 0.075
0 0.547493403694 0.32109375 0.0202286719437 0.0828125
0 0.568161829376 0.30859375 0.0158311345646 0.0609375
0 0.591029023747 0.3171875 0.0211081794195 0.071875
0 0.613896218118 0.3046875 0.0193491644679 0.075
0 0.669305189094 0.40390625 0.0386983289358 0.0328125
0 0.65963060686 0.55234375 0.0422163588391 0.0296875
0 0.562005277045 0.05546875 0.0158311345646 0.0671875
0 0.901055408971 0.9453125 0.023746701847 0.075
0 0.926121372032 0.94609375 0.0211081794195 0.0671875
0 0.947669305189 0.9453125 0.0184696569921 0.06875
0 0.969217238347 0.946875 0.0211081794195 0.078125
0 0.98944591029 0.953125 0.0193491644679 0.075
0 0.862357080035 0.95703125 0.0430958663149 0.0328125
0 0.123570800352 0.90234375 0.0202286719437 0.0734375
0 0.144239226033 0.90390625 0.0193491644679 0.0796875
0 0.16798592788 0.903125 0.0193491644679 0.08125
0 0.191732629727 0.90390625 0.0193491644679 0.0765625
3 0.227792436236 0.9796875 0.0474934036939 0.0375
0 0.282321899736 0.91015625 0.0211081794195 0.0796875
0 0.347405452946 0.91484375 0.0193491644679 0.0828125
0 0.215039577836 0.90234375 0.0202286719437 0.0734375
0 0.235708003518 0.90859375 0.0175901495163 0.0765625
0 0.257695690413 0.90859375 0.0175901495163 0.0734375
0 0.547053649956 0.921875 0.0175901495163 0.071875
0 0.568161829376 0.928125 0.0193491644679 0.078125
0 0.591468777485 0.9234375 0.0167106420405 0.075
0 0.612576956904 0.92734375 0.0184696569921 0.0765625
0 0.633245382586 0.928125 0.0158311345646 0.071875
0 0.654793315743 0.92734375 0.0167106420405 0.0765625
0 0.677220756376 0.93203125 0.0175901495163 0.0734375
0 0.770008795075 0.93828125 0.0202286719437 0.0671875
0 0.743183817062 0.9375 0.0158311345646 0.071875
0 0.721196130167 0.934375 0.0175901495163 0.075
0 0.698768689534 0.93359375 0.0184696569921 0.0703125
0 0.369393139842 0.91796875 0.0175901495163 0.0671875
0 0.390941072999 0.9203125 0.0184696569921 0.071875
0 0.41600703606 0.91953125 0.0193491644679 0.0671875
0 0.435356200528 0.91484375 0.0175901495163 0.0765625
0 0.456904133685 0.91953125 0.0202286719437 0.0765625
0 0.481970096746 0.9234375 0.0193491644679 0.0625
