0 0.26561125769569044 0.28203125 0.01934916446789798 0.0671875
0 0.3122251539138083 0.28515625 0.021108179419525065 0.0734375
0 0.7189973614775725 0.55625 0.04133685136323659 0.028125
0 0.7541776605101144 0.67890625 0.03605980650835532 0.026562500000000003
0 0.15787159190853123 0.7984375 0.04133685136323659 0.037500000000000006
2 0.09322779243623572 0.8015625000000001 0.04397537379067722 0.07500000000000001
0 0.025945470536499562 0.9070312500000001 0.02550571679859279 0.0734375
0 0.01802990325417766 0.08984375 0.016710642040457344 0.0703125
0 0.9129287598944591 0.5359375000000001 0.0158311345646438 0.065625
0 0.9564643799472295 0.53515625 0.016710642040457344 0.0734375
0 0.9802110817941952 0.53046875 0.016710642040457344 0.0546875
2 0.8953386103781883 0.5328125 0.0158311345646438 0.065625
