0 0.9533861037818822 0.20234375000000002 0.040457343887423045 0.0328125
3 0.05496921723834653 0.14453125 0.02550571679859279 0.08281250000000001
0 0.05364995602462621 0.265625 0.022867194371152155 0.07500000000000001
0 0.11389621811785401 0.33828125000000003 0.013192612137203167 0.060937500000000006
0 0.30518909410729994 0.1171875 0.01759014951627089 0.07187500000000001
0 0.3249780123131047 0.12109375 0.014951627088830256 0.0734375
0 0.3452066842568162 0.1203125 0.016710642040457344 0.078125
0 0.3658751099384345 0.109375 0.0158311345646438 0.059375000000000004
0 0.3883025505716799 0.11406250000000001 0.018469656992084433 0.07187500000000001
0 0.41116974494283204 0.1046875 0.018469656992084433 0.06875
0 0.4670184696569921 0.21328125 0.03342128408091469 0.0328125
0 0.45822339489885666 0.35703125 0.040457343887423045 0.0328125
0 0.9956024626209323 0.7671875 0.007036059806508356 0.06875
0 0.8751099384344767 0.7578125 0.01759014951627089 0.0625
0 0.9199648197009676 0.76328125 0.01759014951627089 0.0703125
0 0.9406332453825857 0.76484375 0.018469656992084433 0.0703125
0 0.9617414248021109 0.7601562500000001 0.016710642040457344 0.06406250000000001
0 0.9815303430079156 0.76171875 0.01934916446789798 0.0734375
0 0.7911169744942832 0.75546875 0.02198768689533861 0.0765625
0 0.768249780123131 0.7523437500000001 0.018469656992084433 0.0765625
0 0.7462620932277925 0.7484375000000001 0.018469656992084433 0.07500000000000001
0 0.6996481970096746 0.7515625 0.02198768689533861 0.07500000000000001
0 0.7251539138082674 0.7515625 0.018469656992084433 0.07187500000000001
0 0.6596306068601584 0.76328125 0.04397537379067722 0.0328125
0 0.004837291116974495 0.70625 0.00967458223394899 0.07187500000000001
0 0.02154793315743184 0.7117187500000001 0.020228671943711522 0.0765625
0 0.04353562005277045 0.71484375 0.020228671943711522 0.0703125
0 0.06728232189973615 0.71484375 0.02550571679859279 0.07968750000000001
0 0.13500439753737908 0.71640625 0.0237467018469657 0.0765625
0 0.158311345646438 0.72265625 0.01934916446789798 0.0671875
0 0.17985927880386984 0.7273437500000001 0.020228671943711522 0.0734375
0 0.20536499560246263 0.7210937500000001 0.018469656992084433 0.0703125
0 0.22823218997361477 0.7203125 0.020228671943711522 0.08125
0 0.24890061565523308 0.72265625 0.021108179419525065 0.0765625
0 0.27352682497801234 0.7273437500000001 0.01934916446789798 0.06406250000000001
0 0.33948988566402816 0.7250000000000001 0.01759014951627089 0.07187500000000001
0 0.36103781882146 0.7328125000000001 0.016710642040457344 0.07500000000000001
0 0.3847845206684257 0.7289062500000001 0.014951627088830256 0.0734375
0 0.40633245382585753 0.7328125000000001 0.01934916446789798 0.07187500000000001
0 0.42700087950747584 0.73203125 0.016710642040457344 0.0765625
0 0.45074758135444154 0.73046875 0.018469656992084433 0.07968750000000001
0 0.4718557607739666 0.73203125 0.014951627088830256 0.0765625
0 0.4938434476693052 0.7359375 0.016710642040457344 0.065625
0 0.5162708883025506 0.7359375 0.01934916446789798 0.07500000000000001
0 0.5668425681618294 0.7390625000000001 0.014951627088830256 0.06875
0 0.538698328935796 0.7375 0.014951627088830256 0.07187500000000001
3 0.08355321020228672 0.7898437500000001 0.0474934036939314 0.035937500000000004
