0 0.344766930519 0.68984375 0.0246262093228 0.0671875
0 0.423922603342 0.64765625 0.0263852242744 0.0734375
0 0.3109058927 0.82578125 0.03781882146 0.0453125
0 0.323658751099 0.85859375 0.0404573438874 0.0453125
0 0.331134564644 0.9 0.0360598065084 0.04375
0 0.344766930519 0.93046875 0.0422163588391 0.0546875
0 0.352242744063 0.9640625 0.0413368513632 0.046875
0 0.35708003518 0.984375 0.0404573438874 0.028125
0 0.507915567282 0.01015625 0.0483729111697 0.0203125
0 0.512752858399 0.0328125 0.0422163588391 0.040625
0 0.523746701847 0.06953125 0.03781882146 0.0484375
0 0.532102022867 0.10546875 0.0404573438874 0.0453125
0 0.553649956025 0.1671875 0.0255057167986 0.078125
0 0.578276165347 0.32421875 0.03781882146 0.0421875
0 0.589709762533 0.371875 0.0360598065084 0.040625
0 0.59454705365 0.409375 0.0404573438874 0.046875
0 0.601143359719 0.4453125 0.0395778364116 0.04375
0 0.610378188215 0.48203125 0.0404573438874 0.0453125
0 0.617414248021 0.51875 0.0369393139842 0.04375
0 0.624890061566 0.5546875 0.03781882146 0.04375
0 0.631926121372 0.58828125 0.0413368513632 0.0484375
0 0.641600703606 0.621875 0.0395778364116 0.046875
0 0.65127528584 0.65859375 0.0430958663149 0.0421875
0 0.657431838171 0.69609375 0.0395778364116 0.0421875
0 0.682937554969 0.80234375 0.0360598065084 0.0421875
0 0.689973614776 0.84453125 0.0395778364116 0.0453125
0 0.697009674582 0.88125 0.0413368513632 0.05
0 0.706684256816 0.915625 0.03781882146 0.04375
0 0.718117854002 0.953125 0.03781882146 0.05
0 0.720756376429 0.98203125 0.0413368513632 0.0328125
