2 0.124450307828 0.7515625 0.0448548812665 0.0625
0 0.158751099384 0.796875 0.0395778364116 0.03125
0 0.268249780123 0.28125 0.0211081794195 0.071875
0 0.314863676341 0.28203125 0.0175901495163 0.0734375
0 0.719437115215 0.5546875 0.0404573438874 0.025
0 0.895338610378 0.5328125 0.0158311345646 0.0625
0 0.912489006157 0.5359375 0.0167106420405 0.06875
0 0.956904133685 0.5375 0.0193491644679 0.06875
0 0.979771328056 0.528125 0.0193491644679 0.053125
0 0.0250659630607 0.90703125 0.0219876868953 0.0765625
0 0.01890941073 0.0890625 0.0184696569921 0.071875
