2 0.014072119613016711 0.696875 0.028144239226033423 0.05
6 0.2959542656112577 0.721875 0.11345646437994723 0.0625
0 0.14687774846086193 0.70625 0.04573438874230431 0.034375
0 0.42480211081794195 0.7703125000000001 0.040457343887423045 0.028125
2 0.6134564643799473 0.78671875 0.03430079155672824 0.029687500000000002
2 0.5554089709762533 0.73359375 0.08531222515391382 0.0484375
0 0.6926121372031663 0.9296875 0.044854881266490766 0.06875
0 0.716358839050132 0.6531250000000001 0.044854881266490766 0.037500000000000006
0 0.7493403693931399 0.7914062500000001 0.04397537379067722 0.0328125
0 0.8786279683377309 0.78828125 0.04221635883905013 0.0328125
2 0.9898856640281443 0.753125 0.018469656992084433 0.034375
