3 0.7264731750219877 0.7015625000000001 0.04573438874230431 0.05625
0 0.04001759014951627 0.0171875 0.02550571679859279 0.034375
3 0.32849604221635886 0.35468750000000004 0.04661389621811786 0.043750000000000004
0 0.39533861037818824 0.37734375000000003 0.0395778364116095 0.0328125
0 0.4410729991204925 0.28203125 0.0395778364116095 0.0390625
0 0.17766051011433598 0.30000000000000004 0.04221635883905013 0.040625
0 0.6763412489006156 0.047656250000000004 0.036939313984168866 0.0421875
0 0.6710642040457344 0.0890625 0.04573438874230431 0.043750000000000004
0 0.6644678979771328 0.12812500000000002 0.04309586631486368 0.043750000000000004
0 0.6649076517150396 0.16484375 0.03869832893579596 0.0421875
0 0.6613896218117854 0.20546875 0.040457343887423045 0.0421875
0 0.6565523306948109 0.24296875 0.03781882145998241 0.035937500000000004
0 0.6512752858399297 0.28046875 0.04133685136323659 0.0421875
0 0.612137203166227 0.6609375000000001 0.03869832893579596 0.037500000000000006
0 0.6130167106420404 0.6203125 0.04221635883905013 0.043750000000000004
0 0.6169744942832014 0.58203125 0.04133685136323659 0.0421875
0 0.6301671064204046 0.46875 0.0395778364116095 0.040625
0 0.6336851363236587 0.43359375 0.0395778364116095 0.0421875
0 0.6367634124890061 0.38984375000000004 0.040457343887423045 0.045312500000000006
0 0.6231310466138963 0.50625 0.04309586631486368 0.040625
0 0.6204925241864556 0.54296875 0.04133685136323659 0.035937500000000004
0 0.08443271767810026 0.26875 0.04573438874230431 0.043750000000000004
0 0.13544415127528583 0.2890625 0.03869832893579596 0.040625
3 0.9577836411609499 0.76953125 0.0474934036939314 0.0390625
