0 0.52110817942 0.040625 0.0255057167986 0.08125
0 0.547933157432 0.03203125 0.0263852242744 0.0640625
0 0.572119613017 0.02265625 0.0219876868953 0.0453125
0 0.620932277924 0.01015625 0.0246262093228 0.0203125
0 0.48328935796 0.153125 0.0395778364116 0.046875
0 0.821020228672 0.16171875 0.0272647317502 0.0734375
0 0.819700967458 0.0171875 0.0386983289358 0.034375
0 0.865875109938 0.1296875 0.0290237467018 0.071875
0 0.843447669305 0.14453125 0.0263852242744 0.0671875
0 0.487247141601 0.4671875 0.0404573438874 0.040625
0 0.495162708883 0.503125 0.0386983289358 0.04375
0 0.5 0.53984375 0.0395778364116 0.0484375
0 0.507475813544 0.575 0.0334212840809 0.0375
0 0.513632365875 0.61328125 0.0386983289358 0.0453125
0 0.524186455585 0.6484375 0.0386983289358 0.04375
0 0.529023746702 0.68359375 0.0448548812665 0.0453125
0 0.538698328936 0.72265625 0.0360598065084 0.0421875
0 0.544415127529 0.7546875 0.0404573438874 0.04375
0 0.551890941073 0.79296875 0.0395778364116 0.0421875
0 0.566402814424 0.86796875 0.0351802990325 0.0421875
0 0.236147757256 0.94140625 0.023746701847 0.0734375
