0 0.27000879507475817 0.02890625 0.022867194371152155 0.0578125
0 0.351363236587511 0.05 0.016710642040457344 0.07187500000000001
0 0.21020228671943714 0.11406250000000001 0.03869832893579596 0.037500000000000006
0 0.21240105540897097 0.153125 0.03781882145998241 0.03125
0 0.20976253298153036 0.19453125000000002 0.03605980650835532 0.0328125
0 0.21459982409850484 0.2328125 0.040457343887423045 0.034375
0 0.21328056288478453 0.26484375 0.0395778364116095 0.0328125
0 0.21020228671943714 0.30000000000000004 0.03869832893579596 0.034375
0 0.3218997361477573 0.640625 0.03518029903254178 0.028125
3 0.21284080914687775 0.73828125 0.04925241864555849 0.0390625
0 0.2752858399296394 0.7453125 0.036939313984168866 0.034375
0 0.5606860158311346 0.014843750000000001 0.03781882145998241 0.029687500000000002
0 0.5567282321899737 0.046875 0.03869832893579596 0.037500000000000006
0 0.5510114335971856 0.08359375000000001 0.04309586631486368 0.0390625
0 0.5501319261213721 0.12421875 0.04309586631486368 0.035937500000000004
0 0.5514511873350924 0.15937500000000002 0.04221635883905013 0.03125
0 0.5479331574318382 0.19609375 0.04221635883905013 0.0390625
0 0.5452946350043976 0.23750000000000002 0.04221635883905013 0.034375
0 0.5422163588390502 0.275 0.04309586631486368 0.037500000000000006
0 0.5070360598065083 0.96484375 0.0395778364116095 0.0328125
0 0.5092348284960423 0.925 0.04221635883905013 0.037500000000000006
0 0.509674582233949 0.884375 0.0395778364116095 0.034375
0 0.5109938434476693 0.84765625 0.040457343887423045 0.0390625
0 0.5140721196130167 0.80625 0.04133685136323659 0.040625
0 0.5167106420404574 0.7718750000000001 0.03781882145998241 0.040625
0 0.5180299032541776 0.72578125 0.040457343887423045 0.0390625
0 0.5250659630606861 0.6140625000000001 0.040457343887423045 0.040625
0 0.5369393139841689 0.38906250000000003 0.03430079155672824 0.028125
0 0.532981530343008 0.42578125 0.040457343887423045 0.0328125
0 0.5299032541776605 0.46328125000000003 0.04133685136323659 0.0328125
0 0.5312225153913809 0.49921875000000004 0.03869832893579596 0.0390625
0 0.530782761653474 0.5398437500000001 0.03781882145998241 0.0328125
0 0.5272647317502199 0.5789062500000001 0.03430079155672824 0.0328125
0 0.014072119613016711 0.70625 0.028144239226033423 0.037500000000000006
0 0.04969217238346526 0.7078125000000001 0.0395778364116095 0.040625
