0 0.401495162709 0.925 0.0413368513632 0.03125
0 0.463940193492 0.83203125 0.0202286719437 0.0859375
0 0.489885664028 0.8328125 0.0193491644679 0.084375
0 0.515831134565 0.83125 0.0202286719437 0.071875
0 0.569920844327 0.83046875 0.0211081794195 0.0859375
0 0.513192612137 0.0953125 0.0202286719437 0.075
0 0.610817941953 0.36796875 0.0184696569921 0.0703125
0 0.636763412489 0.36640625 0.0193491644679 0.0765625
0 0.676781002639 0.37109375 0.0184696569921 0.0671875
0 0.722955145119 0.3671875 0.0175901495163 0.08125
0 0.746262093228 0.378125 0.0184696569921 0.071875
0 0.78364116095 0.4546875 0.0351802990325 0.028125
0 0.939753737907 0.34765625 0.0483729111697 0.0359375
2 0.801231310466 0.64453125 0.0949868073879 0.1140625
0 0.928759894459 0.69375 0.0422163588391 0.03125
0 0.772647317502 0.975 0.0413368513632 0.03125
0 0.240545294635 0.06640625 0.023746701847 0.0734375
