0 0.234388742304 0.18125 0.0255057167986 0.071875
0 0.511433597186 0.96484375 0.0290237467018 0.0671875
0 0.531222515391 0.0171875 0.0369393139842 0.034375
0 0.539577836412 0.04453125 0.0360598065084 0.0421875
0 0.554089709763 0.11875 0.0334212840809 0.04375
0 0.585751978892 0.26171875 0.0386983289358 0.0453125
0 0.591468777485 0.296875 0.0430958663149 0.05
0 0.598065083553 0.3328125 0.0404573438874 0.04375
0 0.609058927001 0.3671875 0.0395778364116 0.046875
0 0.617854001759 0.40625 0.0395778364116 0.05
0 0.638962181179 0.46796875 0.0272647317502 0.0765625
0 0.663148636763 0.628125 0.0404573438874 0.040625
0 0.676341248901 0.67734375 0.0369393139842 0.0453125
0 0.684696569921 0.71171875 0.0395778364116 0.0515625
0 0.692172383465 0.74921875 0.0369393139842 0.0453125
0 0.69964819701 0.78828125 0.03781882146 0.0484375
0 0.70580474934 0.82578125 0.0413368513632 0.0484375
0 0.715039577836 0.8640625 0.0386983289358 0.04375
0 0.720756376429 0.9 0.0430958663149 0.053125
0 0.729551451187 0.9328125 0.0430958663149 0.046875
0 0.740545294635 0.96953125 0.0422163588391 0.0484375
