3 0.210642040457 0.85 0.0448548812665 0.0375
0 0.277044854881 0.85546875 0.0386983289358 0.0328125
0 0.320580474934 0.74921875 0.03781882146 0.0296875
0 0.0474934036939 0.83828125 0.0439753737907 0.0328125
0 0.0127528583993 0.83828125 0.0255057167986 0.0359375
0 0.249780123131 0.1296875 0.0193491644679 0.06875
0 0.329375549692 0.15 0.0167106420405 0.071875
0 0.190853122252 0.228125 0.0386983289358 0.0375
0 0.19744942832 0.26640625 0.0413368513632 0.0359375
0 0.193051890941 0.30546875 0.0343007915567 0.0296875
0 0.199208443272 0.3453125 0.0413368513632 0.034375
0 0.19964819701 0.38046875 0.0386983289358 0.0296875
0 0.197009674582 0.41484375 0.0404573438874 0.0296875
0 0.54001759015 0.0171875 0.0422163588391 0.03125
0 0.538698328936 0.05546875 0.0395778364116 0.0359375
0 0.536059806508 0.090625 0.0395778364116 0.034375
0 0.515831134565 0.975 0.0413368513632 0.034375
0 0.520228671944 0.81484375 0.0430958663149 0.0421875
0 0.51890941073 0.85859375 0.0422163588391 0.0359375
0 0.517590149516 0.8953125 0.0413368513632 0.034375
0 0.515391380827 0.934375 0.0457343887423 0.0375
0 0.522427440633 0.7046875 0.0404573438874 0.0375
0 0.525065963061 0.6640625 0.0369393139842 0.034375
0 0.52726473175 0.6265625 0.0395778364116 0.040625
0 0.52946350044 0.46796875 0.0369393139842 0.0328125
0 0.525505716799 0.51015625 0.0395778364116 0.0359375
0 0.523746701847 0.54765625 0.0430958663149 0.0296875
0 0.525945470536 0.58515625 0.0386983289358 0.0359375
0 0.529023746702 0.35703125 0.03781882146 0.0296875
0 0.532981530343 0.31953125 0.0404573438874 0.0296875
0 0.532541776605 0.27890625 0.03781882146 0.0328125
0 0.533421284081 0.24140625 0.0413368513632 0.0265625
0 0.533861037819 0.2046875 0.0369393139842 0.028125
0 0.534300791557 0.16875 0.03781882146 0.034375
0 0.536059806508 0.13203125 0.0413368513632 0.0328125
