0 0.0123131046614 0.140625 0.0246262093228 0.065625
0 0.0923482849604 0.03671875 0.0299032541777 0.0671875
0 0.0589270008795 0.14140625 0.0316622691293 0.0703125
0 0.0474934036939 0.19296875 0.0299032541777 0.0609375
0 0.150395778364 0.26875 0.0263852242744 0.06875
2 0.193491644679 0.23828125 0.0439753737907 0.0734375
2 0.0712401055409 0.28046875 0.0615655233069 0.1046875
2 0.0474934036939 0.61484375 0.0545294635004 0.0796875
2 0.070800351803 0.7015625 0.0466138962181 0.06875
0 0.133685136324 0.540625 0.0299032541777 0.075
0 0.238786279683 0.3390625 0.03781882146 0.053125
0 0.301231310466 0.47734375 0.0413368513632 0.0640625
2 0.244942832014 0.3828125 0.0466138962181 0.06875
2 0.260334212841 0.41953125 0.0457343887423 0.0640625
0 0.0914687774846 0.7859375 0.0422163588391 0.05625
0 0.118293755497 0.85234375 0.03781882146 0.0546875
0 0.127968337731 0.8875 0.03781882146 0.05625
0 0.660949868074 0.75390625 0.0413368513632 0.0546875
