0 0.460422163588 0.0921875 0.0395778364116 0.04375
0 0.458223394899 0.16796875 0.0386983289358 0.0328125
0 0.460422163588 0.2078125 0.0395778364116 0.03125
0 0.459102902375 0.24296875 0.0404573438874 0.0328125
0 0.461741424802 0.3 0.0404573438874 0.03125
2 0.532981530343 0.1546875 0.0228671943712 0.178125
0 0.562005277045 0.15390625 0.0193491644679 0.0734375
0 0.584432717678 0.15546875 0.0167106420405 0.0671875
0 0.60510114336 0.159375 0.0175901495163 0.078125
0 0.629727352682 0.15859375 0.0193491644679 0.0828125
3 0.540457343887 0.36015625 0.0219876868953 0.0859375
0 0.414248021108 0.5046875 0.0386983289358 0.034375
0 0.361917326297 0.50625 0.0413368513632 0.03125
0 0.305628847845 0.5078125 0.0395778364116 0.03125
2 0.281882145998 0.96171875 0.0255057167986 0.0734375
0 0.141600703606 0.7421875 0.0422163588391 0.034375
0 0.849164467898 0.3625 0.0184696569921 0.078125
