0 0.026385224274406333 0.734375 0.04221635883905013 0.037500000000000006
0 0.19525065963060687 0.5 0.04573438874230431 0.028125
0 0.2502198768689534 0.49531250000000004 0.04309586631486368 0.028125
0 0.30167106420404577 0.5 0.04221635883905013 0.034375
0 0.34740545294635006 0.08281250000000001 0.040457343887423045 0.037500000000000006
0 0.3469656992084433 0.1546875 0.03605980650835532 0.037500000000000006
0 0.34740545294635006 0.19921875 0.040457343887423045 0.0390625
0 0.34740545294635006 0.23515625 0.04221635883905013 0.0328125
0 0.35048372911169745 0.29296875 0.044854881266490766 0.035937500000000004
0 0.4494283201407212 0.14609375 0.0158311345646438 0.0734375
0 0.4731750219876869 0.14375000000000002 0.0158311345646438 0.06875
0 0.49604221635883905 0.153125 0.0158311345646438 0.07500000000000001
0 0.5202286719437116 0.14765625000000002 0.014951627088830256 0.07968750000000001
3 0.43007915567282323 0.35546875 0.021108179419525065 0.08281250000000001
2 0.4195250659630607 0.14921875 0.022867194371152155 0.1703125
0 0.7409850483729112 0.35625 0.018469656992084433 0.07187500000000001
2 0.16666666666666669 0.95859375 0.020228671943711522 0.0703125
0 0.9661389621811786 0.796875 0.0237467018469657 0.08125
0 0.9907651715039578 0.7976562500000001 0.016710642040457344 0.08281250000000001
0 0.9050131926121372 0.88671875 0.04221635883905013 0.029687500000000002
