3 0.3751099384344767 0.625 0.08179419525065963 0.05
0 0.2678100263852243 0.284375 0.018469656992084433 0.07187500000000001
0 0.3148636763412489 0.284375 0.021108179419525065 0.078125
2 0.5971855760773966 0.7265625 0.04573438874230431 0.037500000000000006
0 0.1600703605980651 0.80234375 0.03869832893579596 0.0421875
0 0.024186455584872472 0.91171875 0.0237467018469657 0.0734375
0 0.01759014951627089 0.09062500000000001 0.01934916446789798 0.06875
0 0.7233948988566403 0.5554687500000001 0.04309586631486368 0.0328125
0 0.8984168865435357 0.5328125 0.014951627088830256 0.059375000000000004
0 0.9173262972735269 0.53125 0.0158311345646438 0.065625
0 0.961301671064204 0.53359375 0.01759014951627089 0.0703125
0 0.9854881266490766 0.53046875 0.018469656992084433 0.0546875
