0 0.266051011434 0.28125 0.0184696569921 0.06875
0 0.313984168865 0.28359375 0.0158311345646 0.0765625
3 0.471855760774 0.62578125 0.0835532102023 0.0453125
2 0.531662269129 0.72578125 0.0466138962181 0.0390625
0 0.720756376429 0.5546875 0.0395778364116 0.028125
0 0.897977132806 0.53359375 0.0158311345646 0.0609375
0 0.917326297274 0.5359375 0.0158311345646 0.06875
0 0.959542656113 0.5359375 0.0193491644679 0.065625
0 0.983729111697 0.53203125 0.0202286719437 0.0578125
0 0.160070360598 0.80390625 0.0404573438874 0.0390625
0 0.0263852242744 0.9140625 0.0228671943712 0.075
0 0.0180299032542 0.08828125 0.0184696569921 0.0703125
