0 0.4410729991204925 0.039843750000000004 0.016710642040457344 0.0703125
0 0.4410729991204925 0.11640625 0.018469656992084433 0.0671875
3 0.43447669305189096 0.40078125000000003 0.01934916446789798 0.08281250000000001
0 0.4916446789797714 0.58359375 0.0158311345646438 0.0734375
0 0.43051890941073 0.5171875 0.020228671943711522 0.078125
0 0.6754617414248021 0.37343750000000003 0.01759014951627089 0.07187500000000001
0 0.6943711521547934 0.3796875 0.016710642040457344 0.06875
0 0.7150395778364116 0.3828125 0.01934916446789798 0.07500000000000001
0 0.7348284960422163 0.36953125000000003 0.018469656992084433 0.060937500000000006
0 0.7572559366754618 0.37343750000000003 0.01934916446789798 0.07187500000000001
0 0.7779243623570801 0.36484375 0.020228671943711522 0.060937500000000006
0 0.8337730870712401 0.46796875000000004 0.03869832893579596 0.0328125
0 0.8258575197889182 0.61328125 0.040457343887423045 0.0328125
0 0.5197889182058048 0.96484375 0.021108179419525065 0.0671875
0 0.5400175901495163 0.96875 0.01759014951627089 0.059375000000000004
0 0.5624450307827616 0.9703125 0.020228671943711522 0.05625
0 0.5870712401055409 0.9703125 0.018469656992084433 0.05625
0 0.6521547933157432 0.9734375000000001 0.016710642040457344 0.05
0 0.608179419525066 0.9671875000000001 0.016710642040457344 0.0625
0 0.6284080914687775 0.9695312500000001 0.016710642040457344 0.0578125
0 0.7154793315743184 0.9710937500000001 0.018469656992084433 0.0546875
0 0.7370272647317503 0.9734375000000001 0.01759014951627089 0.05
0 0.7603342128408092 0.97265625 0.016710642040457344 0.051562500000000004
0 0.9384344766930519 0.98046875 0.021108179419525065 0.035937500000000004
0 0.7999120492524187 0.9734375000000001 0.018469656992084433 0.05
0 0.8214599824098505 0.9734375000000001 0.01759014951627089 0.05
0 0.8447669305189095 0.978125 0.016710642040457344 0.040625
0 0.864995602462621 0.98203125 0.016710642040457344 0.0328125
0 0.8865435356200528 0.9789062500000001 0.01759014951627089 0.0390625
0 0.9085312225153914 0.9812500000000001 0.01759014951627089 0.034375
0 0.2977132805628848 0.96015625 0.02198768689533861 0.0765625
0 0.32058047493403696 0.95859375 0.020228671943711522 0.0734375
0 0.34300791556728233 0.95859375 0.01934916446789798 0.07968750000000001
0 0.38742304309586634 0.9609375 0.018469656992084433 0.07500000000000001
0 0.4098504837291117 0.9609375 0.0158311345646438 0.07500000000000001
0 0.43007915567282323 0.9656250000000001 0.01759014951627089 0.065625
0 0.4560246262093228 0.9632812500000001 0.02198768689533861 0.0703125
0 0.3676341248900616 0.96015625 0.01759014951627089 0.0765625
