0 0.328056288478 0.02265625 0.0193491644679 0.0453125
0 0.328496042216 0.0875 0.0167106420405 0.071875
3 0.319700967458 0.3703125 0.0219876868953 0.075
0 0.316182937555 0.48828125 0.0202286719437 0.0734375
0 0.3781882146 0.55546875 0.0175901495163 0.0734375
0 0.178100263852 0.93203125 0.0184696569921 0.0734375
0 0.200527704485 0.93203125 0.0193491644679 0.0796875
0 0.225593667546 0.93203125 0.0167106420405 0.0734375
0 0.248900615655 0.9328125 0.0175901495163 0.071875
0 0.269569041337 0.934375 0.0184696569921 0.075
0 0.312664907652 0.93828125 0.0167106420405 0.0703125
0 0.337730870712 0.9390625 0.0193491644679 0.078125
0 0.292436235708 0.93515625 0.0202286719437 0.0765625
0 0.402814423923 0.9421875 0.0175901495163 0.075
0 0.423922603342 0.94765625 0.0175901495163 0.0609375
0 0.468777484609 0.9484375 0.0175901495163 0.0625
0 0.445030782762 0.9515625 0.0158311345646 0.071875
0 0.490325417766 0.94453125 0.0149516270888 0.0734375
0 0.512313104661 0.9484375 0.0184696569921 0.071875
0 0.534300791557 0.95390625 0.0167106420405 0.0640625
0 0.600703605981 0.953125 0.0175901495163 0.071875
0 0.623131046614 0.9578125 0.0167106420405 0.078125
0 0.645118733509 0.9578125 0.0167106420405 0.065625
0 0.666666666667 0.959375 0.0193491644679 0.075
0 0.687774846086 0.9578125 0.0175901495163 0.071875
0 0.709322779244 0.9578125 0.0167106420405 0.071875
0 0.752418645558 0.9625 0.0167106420405 0.06875
0 0.730430958663 0.96015625 0.0202286719437 0.0671875
0 0.77308707124 0.9625 0.0193491644679 0.071875
0 0.794635004398 0.9625 0.0202286719437 0.071875
0 0.824098504837 0.9640625 0.0175901495163 0.06875
0 0.914687774846 0.98515625 0.0492524186456 0.0265625
0 0.955145118734 0.96640625 0.0193491644679 0.0640625
0 0.979331574318 0.96796875 0.0202286719437 0.0609375
0 0.561565523307 0.3453125 0.0202286719437 0.071875
0 0.581354441513 0.35078125 0.0175901495163 0.0734375
0 0.601583113456 0.3484375 0.0158311345646 0.075
0 0.620932277924 0.33828125 0.0175901495163 0.0609375
0 0.643359718558 0.3453125 0.0219876868953 0.075
0 0.666666666667 0.3328125 0.0193491644679 0.065625
0 0.723394898857 0.4359375 0.0343007915567 0.03125
0 0.712840809147 0.5828125 0.0413368513632 0.034375
0 0.616534740545 0.08828125 0.0175901495163 0.0671875
