0 0.418205804749 0.8953125 0.0219876868953 0.0625
0 0.49780123131 0.84921875 0.0263852242744 0.0734375
0 0.220756376429 0.078125 0.0263852242744 0.071875
0 0.626209322779 0.365625 0.0263852242744 0.071875
0 0.65127528584 0.52421875 0.0395778364116 0.0453125
0 0.662708883026 0.57109375 0.0343007915567 0.0421875
0 0.67018469657 0.60546875 0.0386983289358 0.0484375
0 0.678100263852 0.64375 0.0369393139842 0.046875
0 0.68689533861 0.6828125 0.0369393139842 0.04375
0 0.691732629727 0.7203125 0.03781882146 0.04375
0 0.701407211961 0.75546875 0.0395778364116 0.0484375
0 0.710202286719 0.78984375 0.0413368513632 0.0484375
0 0.71635883905 0.825 0.0395778364116 0.05
0 0.726473175022 0.8640625 0.0404573438874 0.05
0 0.731750219877 0.9015625 0.0386983289358 0.046875
0 0.54001759015 0.0203125 0.0369393139842 0.040625
0 0.57343887423 0.15390625 0.0404573438874 0.0421875
0 0.580474934037 0.19453125 0.0404573438874 0.0515625
0 0.58619173263 0.23125 0.0395778364116 0.046875
0 0.594986807388 0.26640625 0.0413368513632 0.0484375
0 0.607299912049 0.3046875 0.0430958663149 0.046875
