0 0.289797713281 0.1390625 0.0430958663149 0.0625
0 0.298592788039 0.4125 0.0466138962181 0.040625
0 0.305628847845 0.67265625 0.0202286719437 0.0796875
0 0.339489885664 0.75625 0.0246262093228 0.078125
0 0.324098504837 0.8828125 0.0219876868953 0.078125
0 0.3109058927 0.9765625 0.0219876868953 0.04375
0 0.361037818821 0.7890625 0.0202286719437 0.071875
3 0.586631486368 0.33828125 0.0562884784521 0.0453125
2 0.855321020229 0.56328125 0.0571679859279 0.0546875
2 0.12401055409 0.35703125 0.112576956904 0.0765625
0 0.327176781003 0.0171875 0.0175901495163 0.034375
0 0.0219876868953 0.37109375 0.0439753737907 0.0421875
