3 0.0373790677221 0.2703125 0.0483729111697 0.04375
0 0.0967458223395 0.34453125 0.0422163588391 0.0359375
0 0.258575197889 0.490625 0.0404573438874 0.065625
0 0.324538258575 0.015625 0.0211081794195 0.03125
0 0.288918205805 0.14140625 0.0448548812665 0.0640625
2 0.616094986807 0.4984375 0.0606860158311 0.053125
0 0.307827616535 0.975 0.0228671943712 0.046875
0 0.324098504837 0.8828125 0.0255057167986 0.078125
0 0.33817062445 0.75625 0.0272647317502 0.08125
0 0.364116094987 0.790625 0.0193491644679 0.071875
3 0.829375549692 0.39921875 0.0562884784521 0.0484375
