0 0.289357959543 0.1390625 0.0422163588391 0.0625
0 0.324538258575 0.01640625 0.0211081794195 0.0328125
0 0.226033421284 0.44609375 0.0422163588391 0.0546875
2 0.542216358839 0.47890625 0.0589270008795 0.0484375
0 0.33817062445 0.75546875 0.023746701847 0.0765625
0 0.322339489886 0.88046875 0.0255057167986 0.0765625
0 0.361917326297 0.78515625 0.0202286719437 0.0671875
0 0.309586631486 0.98046875 0.0211081794195 0.0359375
3 0.109058927001 0.29140625 0.0474934036939 0.0421875
0 0.0272647317502 0.3234375 0.0422163588391 0.0375
3 0.936235708004 0.428125 0.0536499560246 0.046875
