3 0.24934036939313986 0.46328125000000003 0.06948109058927002 0.0921875
3 0.716358839050132 0.46718750000000003 0.08883025505716799 0.05625
3 0.3500439753737907 0.89453125 0.03518029903254178 0.1546875
0 0.37115215479331576 0.9625 0.014072119613016711 0.07187500000000001
3 0.27616534740545295 0.032031250000000004 0.026385224274406333 0.06406250000000001
0 0.2796833773087071 0.16484375 0.024626209322779244 0.0859375
0 0.2519788918205805 0.32421875 0.04309586631486368 0.0703125
0 0.3087071240105541 0.17500000000000002 0.021108179419525065 0.078125
0 0.055848724714160074 0.19296875000000002 0.0395778364116095 0.029687500000000002
3 0.8192612137203167 0.53125 0.051890941072999124 0.05
