0 0.1455584872471416 0.203125 0.04309586631486368 0.034375
0 0.34212840809146877 0.33906250000000004 0.040457343887423045 0.059375000000000004
0 0.3702726473175022 0.17500000000000002 0.01759014951627089 0.08125
0 0.3970976253298153 0.028125 0.018469656992084433 0.05625
3 0.36499560246262097 0.043750000000000004 0.0158311345646438 0.078125
2 0.40325417766051014 0.26640625 0.016710642040457344 0.0703125
6 0.2519788918205805 0.5796875 0.08531222515391382 0.053125000000000006
2 0.2343887423043096 0.6375000000000001 0.09586631486367635 0.05625
0 0.5681618293755497 0.5164062500000001 0.03518029903254178 0.029687500000000002
0 0.4608619173262973 0.96640625 0.01759014951627089 0.06406250000000001
