3 0.2757255936675462 0.03671875 0.02726473175021988 0.0734375
3 0.341688654353562 0.5125000000000001 0.048372911169744945 0.043750000000000004
0 0.27924362357080035 0.16796875 0.0237467018469657 0.0734375
0 0.25285839929639403 0.32890625 0.04133685136323659 0.0671875
0 0.6174142480211082 0.46953125 0.04925241864555849 0.0421875
0 0.5628847845206685 0.5203125000000001 0.04573438874230431 0.03125
0 0.31882145998240985 0.97265625 0.020228671943711522 0.051562500000000004
0 0.3689533861037819 0.96484375 0.014951627088830256 0.0671875
2 0.018469656992084433 0.5203125000000001 0.036939313984168866 0.034375
0 0.05496921723834653 0.19453125000000002 0.04309586631486368 0.0328125
