0 0.05716798592788039 0.2 0.04221635883905013 0.037500000000000006
0 0.25549692172383465 0.33046875000000003 0.044854881266490766 0.0671875
3 0.27308707124010556 0.03515625 0.020228671943711522 0.0703125
0 0.2796833773087071 0.1703125 0.021108179419525065 0.08125
0 0.1649076517150396 0.525 0.03781882145998241 0.025
0 0.2423043095866315 0.66953125 0.03605980650835532 0.051562500000000004
0 0.3065083553210202 0.8484375000000001 0.02726473175021988 0.078125
2 0.31794195250659635 0.5140625 0.04133685136323659 0.034375
3 0.6609498680738787 0.52265625 0.0554089709762533 0.035937500000000004
0 0.36851363236587514 0.96484375 0.0158311345646438 0.0671875
0 0.8258575197889182 0.47890625000000003 0.04573438874230431 0.0390625
0 0.8680738786279684 0.534375 0.04573438874230431 0.034375
