5 0.91600703606 0.52734375 0.0870712401055 0.0546875
3 0.559806508355 0.46015625 0.0923482849604 0.0515625
3 0.639401934916 0.52265625 0.0527704485488 0.0359375
3 0.350043975374 0.8953125 0.0404573438874 0.15
3 0.324098504837 0.30625 0.0501319261214 0.125
3 0.274406332454 0.0359375 0.0228671943712 0.071875
0 0.278364116095 0.16875 0.0255057167986 0.09375
0 0.309146877748 0.196875 0.0202286719437 0.078125
0 0.0576077396658 0.19765625 0.0413368513632 0.0390625
0 0.254617414248 0.334375 0.0413368513632 0.071875
0 0.370272647318 0.9578125 0.0123131046614 0.065625
