3 0.335532102023 0.1640625 0.0272647317502 0.13125
3 0.526385224274 0.459375 0.0853122251539 0.053125
3 0.348284960422 0.84375 0.0351802990325 0.15625
0 0.371591908531 0.96015625 0.0202286719437 0.0734375
3 0.564643799472 0.51875 0.0492524186456 0.040625
5 0.789797713281 0.51953125 0.0879507475814 0.0609375
3 0.274846086192 0.034375 0.0202286719437 0.06875
0 0.278803869833 0.16640625 0.0228671943712 0.0796875
0 0.251978891821 0.32890625 0.0430958663149 0.0671875
0 0.309586631486 0.19609375 0.0193491644679 0.0765625
0 0.0558487247142 0.19765625 0.0466138962181 0.0359375
