0 0.0826737027265 0.4875 0.0439753737907 0.03125
0 0.143359718558 0.20390625 0.0422163588391 0.0359375
0 0.369393139842 0.17265625 0.0211081794195 0.0890625
0 0.342568161829 0.33359375 0.0413368513632 0.0640625
0 0.460422163588 0.96640625 0.0219876868953 0.0640625
0 0.401055408971 0.1328125 0.0211081794195 0.078125
2 0.401495162709 0.27265625 0.0219876868953 0.0734375
3 0.366754617414 0.0359375 0.028144239226 0.071875
2 0.441952506596 0.66640625 0.094107299912 0.0609375
6 0.570360598065 0.61875 0.0817941952507 0.053125
