3 0.3944591029023747 0.5906250000000001 0.10993843447669306 0.0625
0 0.46130167106420406 0.96640625 0.018469656992084433 0.06406250000000001
0 0.46965699208443273 0.7585937500000001 0.0316622691292876 0.0703125
2 0.7379067722075638 0.68515625 0.08795074758135445 0.051562500000000004
6 0.9617414248021109 0.634375 0.07475813544415127 0.05625
3 0.3619173262972735 0.03671875 0.02550571679859279 0.0734375
0 0.3386103781882146 0.32734375000000004 0.04397537379067722 0.0703125
0 0.14335971855760773 0.19687500000000002 0.0474934036939314 0.034375
0 0.36807387862796836 0.16796875 0.02198768689533861 0.08281250000000001
0 0.3975373790677221 0.1203125 0.021108179419525065 0.078125
2 0.39973614775725597 0.2625 0.02198768689533861 0.078125
