2 0.06640281442392261 0.33984375 0.06948109058927002 0.0578125
2 0.6213720316622692 0.50390625 0.10114335971855762 0.0671875
3 0.5149516270888302 0.32578125 0.05364995602462621 0.045312500000000006
0 0.3575197889182058 0.022656250000000003 0.020228671943711522 0.045312500000000006
0 0.32585751978891825 0.014843750000000001 0.018469656992084433 0.029687500000000002
0 0.2884784520668426 0.14453125 0.03869832893579596 0.0578125
0 0.3408091468777485 0.74140625 0.020228671943711522 0.0765625
0 0.3043095866314864 0.6421875 0.029903254177660512 0.09062500000000001
0 0.32541776605101147 0.8812500000000001 0.024626209322779244 0.07500000000000001
0 0.3619173262972735 0.796875 0.020228671943711522 0.065625
0 0.31046613896218117 0.9796875 0.021108179419525065 0.037500000000000006
0 0.7541776605101144 0.58828125 0.04133685136323659 0.0390625
