2 0.47889182058 0.66484375 0.0923482849604 0.0640625
6 0.614335971856 0.615625 0.0888302550572 0.053125
0 0.339929639402 0.33359375 0.0413368513632 0.0640625
0 0.400615655233 0.1265625 0.0202286719437 0.078125
0 0.368513632366 0.17421875 0.0246262093228 0.0859375
2 0.401934916447 0.271875 0.0175901495163 0.06875
3 0.361477572559 0.040625 0.0175901495163 0.08125
0 0.146437994723 0.20078125 0.0395778364116 0.0390625
3 0.0404573438874 0.5625 0.0809146877748 0.053125
0 0.0065963060686 0.49453125 0.0131926121372 0.0296875
0 0.459542656113 0.9640625 0.0167106420405 0.06875
