0 0.14599824098504838 0.20234375000000002 0.04221635883905013 0.035937500000000004
3 0.36499560246262097 0.03671875 0.022867194371152155 0.0734375
2 0.40325417766051014 0.26953125 0.016710642040457344 0.0734375
0 0.3438874230430959 0.33437500000000003 0.04397537379067722 0.07187500000000001
0 0.3988566402814424 0.1328125 0.020228671943711522 0.078125
0 0.36851363236587514 0.171875 0.021108179419525065 0.078125
0 0.37159190853122254 0.5015625 0.03605980650835532 0.03125
2 0.3280562884784521 0.64765625 0.09322779243623572 0.06406250000000001
6 0.41864555848724716 0.59609375 0.08443271767810026 0.0546875
0 0.46130167106420406 0.9656250000000001 0.016710642040457344 0.0625
