0 0.146437994723 0.2046875 0.0448548812665 0.0375
3 0.364116094987 0.04453125 0.0193491644679 0.0765625
2 0.403254177661 0.2734375 0.0202286719437 0.06875
0 0.342128408091 0.3375 0.0422163588391 0.059375
0 0.399296394019 0.10390625 0.0158311345646 0.0734375
0 0.36983289358 0.17578125 0.0219876868953 0.0796875
0 0.514511873351 0.51328125 0.0369393139842 0.0296875
0 0.460422163588 0.96484375 0.0202286719437 0.0671875
6 0.31310466139 0.58125 0.0844327176781 0.05
2 0.266051011434 0.6390625 0.094107299912 0.05625
