0 0.14291996481970098 0.19921875 0.0395778364116095 0.0421875
0 0.3403693931398417 0.33046875000000003 0.04221635883905013 0.0671875
2 0.40017590149516274 0.26406250000000003 0.0158311345646438 0.06875
0 0.36939313984168864 0.16640625 0.01759014951627089 0.0859375
3 0.3627968337730871 0.039843750000000004 0.02550571679859279 0.07968750000000001
0 0.3992963940193492 0.125 0.021108179419525065 0.078125
3 0.449868073878628 0.5984375000000001 0.1029023746701847 0.059375000000000004
0 0.46921723834652596 0.7601562500000001 0.029023746701846966 0.0734375
0 0.46174142480211083 0.9640625 0.01934916446789798 0.06875
2 0.7854001759014952 0.6875 0.09322779243623572 0.05625
