0 0.14072119613 0.19140625 0.0439753737907 0.0296875
0 0.33817062445 0.33359375 0.0413368513632 0.0640625
0 0.366314863676 0.1671875 0.0202286719437 0.08125
3 0.360158311346 0.0359375 0.0219876868953 0.071875
0 0.397977132806 0.125 0.0184696569921 0.075
2 0.397537379068 0.2671875 0.0193491644679 0.065625
3 0.622691292876 0.6203125 0.103781882146 0.0625
2 0.946350043975 0.70078125 0.0985048372911 0.0671875
0 0.469217238347 0.7609375 0.0307827616535 0.071875
0 0.459102902375 0.9640625 0.0211081794195 0.06875
