2 0.155672823219 0.365625 0.0686015831135 0.05625
2 0.681178540018 0.36171875 0.0923482849604 0.0640625
3 0.512313104661 0.3234375 0.0571679859279 0.05
0 0.326737027265 0.015625 0.0202286719437 0.03125
0 0.288038698329 0.14375 0.0448548812665 0.0625
0 0.344766930519 0.1234375 0.0246262093228 0.078125
0 0.344327176781 0.65078125 0.0202286719437 0.0765625
0 0.331134564644 0.83125 0.0255057167986 0.078125
0 0.362357080035 0.7953125 0.0175901495163 0.06875
0 0.277484608619 0.9625 0.0255057167986 0.071875
0 0.310026385224 0.96953125 0.0255057167986 0.0578125
2 0.923043095866 0.58046875 0.0993843447669 0.0734375
