3 0.2963940193491645 0.64375 0.07387862796833773 0.1375
3 0.5131926121372032 0.4578125 0.08883025505716799 0.05
3 0.4938434476693052 0.51484375 0.04661389621811786 0.035937500000000004
3 0.2748460861917326 0.0390625 0.029023746701846966 0.078125
0 0.05804749340369393 0.19375 0.040457343887423045 0.028125
0 0.3122251539138083 0.29765625 0.01759014951627089 0.0734375
0 0.2506596306068602 0.325 0.036939313984168866 0.0625
0 0.27880386983289357 0.16640625 0.022867194371152155 0.0765625
0 0.37291116974494287 0.9617187500000001 0.014072119613016711 0.0734375
5 0.6433597185576078 0.5203125000000001 0.08355321020228672 0.05625
