0 0.05716798592788039 0.19843750000000002 0.04397537379067722 0.040625
0 0.01715039577836412 0.5203125000000001 0.03430079155672824 0.034375
2 0.20712401055408972 0.5203125000000001 0.0395778364116095 0.037500000000000006
0 0.2537379067722076 0.32890625 0.04309586631486368 0.0703125
3 0.2757255936675462 0.03671875 0.02198768689533861 0.0734375
0 0.27924362357080035 0.16953125000000002 0.020228671943711522 0.08281250000000001
3 0.5351802990325418 0.5171875 0.048372911169744945 0.037500000000000006
0 0.29727352682497804 0.7609375 0.029903254177660512 0.0625
0 0.3689533861037819 0.9656250000000001 0.016710642040457344 0.065625
0 0.7396657871591908 0.4765625 0.0474934036939314 0.034375
0 0.7515391380826737 0.5296875 0.044854881266490766 0.03125
