0 0.144678979771 0.1984375 0.0430958663149 0.034375
0 0.342128408091 0.3328125 0.0457343887423 0.0625
0 0.400175901495 0.12890625 0.0228671943712 0.0765625
0 0.368073878628 0.16796875 0.0202286719437 0.0828125
0 0.433157431838 0.978125 0.0202286719437 0.040625
0 0.460861917326 0.96640625 0.0193491644679 0.0640625
3 0.0980650835532 0.56640625 0.10290237467 0.0546875
2 0.518469656992 0.66796875 0.0958663148637 0.0671875
6 0.666226912929 0.61484375 0.0835532102023 0.0484375
2 0.399296394019 0.26640625 0.0228671943712 0.0703125
3 0.363236587511 0.03671875 0.028144239226 0.0734375
