0 0.142480211082 0.19921875 0.0404573438874 0.0390625
0 0.339929639402 0.3296875 0.0430958663149 0.06875
2 0.399736147757 0.2671875 0.0202286719437 0.065625
0 0.399736147757 0.1265625 0.0184696569921 0.071875
0 0.368953386104 0.1703125 0.0219876868953 0.0875
3 0.361477572559 0.03671875 0.0246262093228 0.0734375
0 0.471855760774 0.75 0.0290237467018 0.075
0 0.457783641161 0.96171875 0.0202286719437 0.0734375
2 0.78144239226 0.5265625 0.0413368513632 0.0375
3 0.824978012313 0.63515625 0.109058927001 0.0578125
