3 0.306068601583 0.3609375 0.0598065083553 0.11875
3 0.597625329815 0.46328125 0.094107299912 0.0609375
3 0.693491644679 0.52734375 0.0536499560246 0.0421875
5 0.968777484609 0.5296875 0.0606860158311 0.053125
3 0.276605101143 0.03828125 0.0255057167986 0.0765625
0 0.0554089709763 0.19765625 0.0439753737907 0.0359375
0 0.309586631486 0.1984375 0.0211081794195 0.084375
0 0.277044854881 0.16640625 0.0228671943712 0.0828125
0 0.251978891821 0.32734375 0.0413368513632 0.0640625
3 0.349604221636 0.89921875 0.0343007915567 0.1546875
0 0.36983289358 0.96171875 0.0167106420405 0.0734375
