5 0.07695690413368514 0.5125000000000001 0.08003518029903255 0.053125000000000006
3 0.4019349164467898 0.6039062500000001 0.06156552330694811 0.051562500000000004
2 0.25549692172383465 0.6046875 0.0712401055408971 0.053125000000000006
0 0.37115215479331576 0.9625 0.012313104661389622 0.07187500000000001
2 0.7387862796833773 0.6781250000000001 0.05452946350043976 0.053125000000000006
0 0.5237467018469657 0.515625 0.04309586631486368 0.03125
0 0.05364995602462621 0.20234375000000002 0.040457343887423045 0.029687500000000002
3 0.27044854881266495 0.037500000000000006 0.02726473175021988 0.07500000000000001
0 0.2757255936675462 0.1703125 0.0237467018469657 0.08125
0 0.2515391380826737 0.3359375 0.04573438874230431 0.07187500000000001
