3 0.11697449428320142 0.5796875 0.059806508355321024 0.053125000000000006
3 0.30035180299032543 0.4625 0.09058927000879508 0.046875
3 0.26341248900615655 0.5203125000000001 0.04661389621811786 0.046875
3 0.41688654353562005 0.60078125 0.052770448548812667 0.0421875
3 0.27132805628847845 0.03828125 0.02198768689533861 0.0765625
0 0.27616534740545295 0.16796875 0.01934916446789798 0.0859375
0 0.2510993843447669 0.32890625 0.0395778364116095 0.0671875
0 0.27000879507475817 0.7132812500000001 0.03518029903254178 0.06406250000000001
0 0.3698328935795954 0.9640625 0.013192612137203167 0.06875
0 0.0554089709762533 0.19921875 0.040457343887423045 0.029687500000000002
2 0.1948109058927001 0.63828125 0.06068601583113457 0.0484375
5 0.4243623570800352 0.5085937500000001 0.07651715039577837 0.051562500000000004
