3 0.18337730870712401 0.52265625 0.08179419525065963 0.08281250000000001
3 0.49296394019349166 0.51328125 0.044854881266490766 0.0390625
3 0.5127528583992964 0.45859375 0.09146877748460862 0.0578125
5 0.5936675461741425 0.515625 0.07739665787159192 0.059375000000000004
0 0.3201407211961302 0.5140625 0.026385224274406333 0.078125
0 0.25505716798592787 0.32890625 0.040457343887423045 0.0671875
3 0.2748460861917326 0.037500000000000006 0.02550571679859279 0.07500000000000001
0 0.281882145998241 0.16875 0.02198768689533861 0.09062500000000001
0 0.05848724714160071 0.19609375 0.0395778364116095 0.026562500000000003
3 0.022427440633245383 0.565625 0.044854881266490766 0.040625
0 0.37159190853122254 0.9609375 0.014951627088830256 0.07500000000000001
