3 0.13412489006156553 0.50390625 0.09058927000879508 0.0671875
3 0.5140721196130167 0.45937500000000003 0.09234828496042216 0.05
3 0.4925241864555849 0.51796875 0.0474934036939314 0.035937500000000004
3 0.2726473175021988 0.03671875 0.024626209322779244 0.0734375
0 0.28100263852242746 0.16484375 0.02198768689533861 0.07968750000000001
0 0.25505716798592787 0.32890625 0.04397537379067722 0.0671875
0 0.32058047493403696 0.6101562500000001 0.02550571679859279 0.08281250000000001
0 0.3720316622691293 0.9593750000000001 0.01759014951627089 0.078125
3 0.05892700087950748 0.565625 0.0474934036939314 0.037500000000000006
0 0.060246262093227795 0.19843750000000002 0.04309586631486368 0.037500000000000006
5 0.5826737027264732 0.51171875 0.07827616534740546 0.0546875
