2 0.3056288478452067 0.6156250000000001 0.06596306068601583 0.05625
3 0.4432717678100264 0.6078125000000001 0.0633245382585752 0.053125000000000006
0 0.4762532981530343 0.5125000000000001 0.03605980650835532 0.034375
3 0.2717678100263852 0.0390625 0.022867194371152155 0.078125
0 0.2770448548812665 0.1703125 0.01934916446789798 0.078125
0 0.2510993843447669 0.33203125 0.04661389621811786 0.0671875
0 0.05321020228671944 0.20468750000000002 0.04133685136323659 0.037500000000000006
5 0.032981530343007916 0.509375 0.06596306068601583 0.05
2 0.8452066842568162 0.6828125 0.05452946350043976 0.040625
0 0.3702726473175022 0.9632812500000001 0.0158311345646438 0.0703125
