3 0.294635004398 0.5921875 0.0633245382586 0.05625
2 0.139401934916 0.58515625 0.0677220756376 0.0453125
2 0.484608619173 0.66484375 0.0527704485488 0.0421875
3 0.272207563764 0.03828125 0.0202286719437 0.0765625
0 0.279243623571 0.17109375 0.0202286719437 0.0828125
0 0.252418645558 0.33359375 0.0474934036939 0.0703125
5 0.212401055409 0.5109375 0.0765171503958 0.053125
3 0.0747581354442 0.4734375 0.0914687774846 0.05
0 0.0545294635004 0.20234375 0.0422163588391 0.0328125
0 0.369393139842 0.96328125 0.014072119613 0.0703125
3 0.85092348285 0.66640625 0.0501319261214 0.0421875
0 0.740545294635 0.51640625 0.0404573438874 0.0296875
