0 0.010993843447669306 0.47265625 0.02198768689533861 0.0328125
0 0.04925241864555849 0.20078125000000002 0.040457343887423045 0.0328125
0 0.24406332453825857 0.33359375 0.04309586631486368 0.06406250000000001
3 0.2669305189094107 0.03671875 0.02198768689533861 0.0734375
0 0.27132805628847845 0.16875 0.020228671943711522 0.08125
3 0.23175021987686897 0.5906250000000001 0.04309586631486368 0.065625
3 0.47757255936675463 0.50703125 0.10202286719437116 0.051562500000000004
0 0.4828496042216359 0.45625000000000004 0.040457343887423045 0.037500000000000006
0 0.3390501319261214 0.978125 0.0237467018469657 0.040625
0 0.36807387862796836 0.9609375 0.013192612137203167 0.0625
6 0.9560246262093228 0.521875 0.08619173262972736 0.05625
