0 0.11653474054529464 0.421875 0.02726473175021988 0.07500000000000001
0 0.11653474054529464 0.5085937500000001 0.02726473175021988 0.0734375
2 0.11037818821459983 0.58125 0.02726473175021988 0.0625
0 0.11477572559366755 0.665625 0.0237467018469657 0.06875
3 0.11037818821459983 0.7375 0.02550571679859279 0.06875
0 0.16534740545294635 0.2171875 0.024626209322779244 0.0625
0 0.27836411609498685 0.31328125 0.044854881266490766 0.029687500000000002
0 0.2774846086191733 0.35234375 0.04133685136323659 0.026562500000000003
0 0.2739665787159191 0.38906250000000003 0.03430079155672824 0.028125
0 0.27836411609498685 0.4265625 0.0395778364116095 0.034375
0 0.2744063324538259 0.46484375 0.04221635883905013 0.035937500000000004
0 0.27660510114335973 0.5007812500000001 0.0395778364116095 0.026562500000000003
0 0.2774846086191733 0.54140625 0.03781882145998241 0.026562500000000003
0 0.2748460861917326 0.58203125 0.044854881266490766 0.0390625
0 0.2770448548812665 0.62109375 0.028144239226033423 0.026562500000000003
0 0.28144239226033424 0.65625 0.03342128408091469 0.034375
0 0.27924362357080035 0.6953125 0.03605980650835532 0.03125
0 0.2774846086191733 0.73203125 0.030782761653474055 0.026562500000000003
0 0.27660510114335973 0.77265625 0.04133685136323659 0.0390625
0 0.27792436235708007 0.81171875 0.04397537379067722 0.0390625
0 0.27132805628847845 0.85078125 0.04309586631486368 0.0390625
3 0.2770448548812665 0.88984375 0.03518029903254178 0.029687500000000002
0 0.3658751099384345 0.878125 0.01934916446789798 0.065625
0 0.36851363236587514 0.7953125000000001 0.024626209322779244 0.06875
0 0.39006156552330695 0.875 0.020228671943711522 0.07187500000000001
0 0.4094107299912049 0.79609375 0.016710642040457344 0.06406250000000001
0 0.49472295514511877 0.7953125000000001 0.02198768689533861 0.07187500000000001
0 0.4731750219876869 0.5359375000000001 0.01759014951627089 0.06875
0 0.49604221635883905 0.5375 0.01934916446789798 0.07500000000000001
0 0.5576077396657871 0.534375 0.021108179419525065 0.078125
0 0.5364995602462621 0.5359375000000001 0.01759014951627089 0.059375000000000004
0 0.5175901495162709 0.53515625 0.018469656992084433 0.0703125
2 0.16710642040457344 0.8265625000000001 0.029903254177660512 0.084375
3 0.41072999120492526 0.8851562500000001 0.01934916446789798 0.07968750000000001
0 0.43271767810026385 0.8835937500000001 0.01759014951627089 0.0765625
0 0.45338610378188215 0.88046875 0.020228671943711522 0.0765625
0 0.47449428320140724 0.8828125 0.02198768689533861 0.084375
0 0.4986807387862797 0.88203125 0.01759014951627089 0.0671875
0 0.5211081794195251 0.8859375 0.02198768689533861 0.07187500000000001
0 0.5413368513632366 0.8703125 0.018469656992084433 0.06875
0 0.5404573438874231 0.79453125 0.018469656992084433 0.0703125
0 0.5615655233069481 0.7921875 0.018469656992084433 0.07500000000000001
0 0.49780123131046616 0.62890625 0.021108179419525065 0.0703125
0 0.474934036939314 0.6273437500000001 0.01934916446789798 0.0734375
0 0.4520668425681619 0.6218750000000001 0.022867194371152155 0.078125
0 0.41072999120492526 0.628125 0.024626209322779244 0.07187500000000001
0 0.3645558487247142 0.62421875 0.02198768689533861 0.0734375
0 0.3641160949868074 0.53828125 0.01934916446789798 0.0546875
0 0.3935795954265611 0.5453125 0.020228671943711522 0.06875
0 0.4133685136323659 0.5375 0.021108179419525065 0.065625
0 0.3671943711521548 0.37734375000000003 0.020228671943711522 0.0734375
0 0.4252418645558487 0.26875 0.04309586631486368 0.03125
0 0.47141600703605985 0.26640625 0.03869832893579596 0.029687500000000002
0 0.4331574318381706 0.37734375000000003 0.020228671943711522 0.0703125
0 0.40765171503957787 0.37109375 0.020228671943711522 0.060937500000000006
0 0.47405452946350046 0.3796875 0.022867194371152155 0.07187500000000001
0 0.4956024626209323 0.37421875000000004 0.016710642040457344 0.0703125
0 0.5158311345646438 0.371875 0.016710642040457344 0.065625
0 0.6649076517150396 0.37421875000000004 0.021108179419525065 0.0703125
0 0.6424802110817942 0.37109375 0.020228671943711522 0.0671875
0 0.623570800351803 0.371875 0.021108179419525065 0.06875
0 0.602462620932278 0.371875 0.01934916446789798 0.07187500000000001
0 0.5813544415127528 0.371875 0.022867194371152155 0.07187500000000001
0 0.5584872471416007 0.6234375000000001 0.021108179419525065 0.06875
0 0.5795954265611258 0.63203125 0.01934916446789798 0.0671875
0 0.6222515391380827 0.6312500000000001 0.018469656992084433 0.07187500000000001
0 0.6671064204045735 0.6335937500000001 0.02198768689533861 0.0734375
0 0.6657871591908532 0.534375 0.021108179419525065 0.0625
0 0.6222515391380827 0.5437500000000001 0.018469656992084433 0.07500000000000001
0 0.6002638522427441 0.5421875 0.020228671943711522 0.06875
0 0.6904133685136324 0.1921875 0.021108179419525065 0.07500000000000001
0 0.7128408091468778 0.1921875 0.020228671943711522 0.07187500000000001
0 0.7326297273526825 0.19921875 0.01759014951627089 0.0703125
0 0.7612137203166227 0.20546875 0.018469656992084433 0.0671875
0 0.7137203166226913 0.3671875 0.018469656992084433 0.059375000000000004
0 0.737467018469657 0.37265625 0.016710642040457344 0.0703125
0 0.756816182937555 0.36328125 0.020228671943711522 0.0765625
0 0.8016710642040458 0.37031250000000004 0.020228671943711522 0.07187500000000001
0 0.8232189973614776 0.37109375 0.01934916446789798 0.0703125
0 0.8438874230430959 0.37109375 0.018469656992084433 0.0703125
0 0.7581354441512753 0.025781250000000002 0.01934916446789798 0.051562500000000004
0 0.7840809146877749 0.03515625 0.020228671943711522 0.0703125
0 0.8139841688654353 0.0546875 0.0237467018469657 0.07187500000000001
0 0.8979771328056289 0.2671875 0.04221635883905013 0.037500000000000006
0 0.9393139841688655 0.265625 0.03518029903254178 0.028125
0 0.8526824978012314 0.2671875 0.03781882145998241 0.025
0 0.9868073878627969 0.26484375 0.024626209322779244 0.026562500000000003
0 0.8874230430958664 0.38203125000000004 0.01934916446789798 0.0703125
0 0.9085312225153914 0.37031250000000004 0.01759014951627089 0.065625
0 0.9296394019349165 0.36953125000000003 0.021108179419525065 0.0703125
0 0.9714160070360599 0.37343750000000003 0.02198768689533861 0.06875
0 0.7581354441512753 0.5390625 0.01934916446789798 0.07187500000000001
0 0.7783641160949868 0.54140625 0.021108179419525065 0.0703125
0 0.7999120492524187 0.54140625 0.020228671943711522 0.0734375
0 0.8214599824098505 0.53671875 0.01934916446789798 0.06406250000000001
0 0.841688654353562 0.5390625 0.021108179419525065 0.0625
0 0.8623570800351803 0.53359375 0.02198768689533861 0.06406250000000001
0 0.8839050131926122 0.5390625 0.01759014951627089 0.06875
0 0.9287598944591029 0.53828125 0.024626209322779244 0.0765625
0 0.9722955145118733 0.534375 0.02198768689533861 0.065625
0 0.9903254177660511 0.53671875 0.01759014951627089 0.0703125
0 0.9296394019349165 0.6257812500000001 0.021108179419525065 0.0734375
0 0.8421284080914688 0.6273437500000001 0.02550571679859279 0.07968750000000001
0 0.7176781002638523 0.8718750000000001 0.021108179419525065 0.078125
0 0.7554969217238346 0.7921875 0.022867194371152155 0.078125
0 0.7792436235708003 0.78046875 0.021108179419525065 0.060937500000000006
0 0.8223394898856641 0.7914062500000001 0.021108179419525065 0.0703125
0 0.8447669305189095 0.78828125 0.02198768689533861 0.06406250000000001
0 0.8003518029903255 0.78828125 0.01934916446789798 0.0671875
0 0.953825857519789 0.78671875 0.02198768689533861 0.06406250000000001
2 0.967458223394899 0.9421875000000001 0.022867194371152155 0.078125
0 0.9876868953386104 0.9390625 0.022867194371152155 0.078125
0 0.7959542656112577 0.9382812500000001 0.022867194371152155 0.08281250000000001
0 0.8412489006156553 0.9375 0.0237467018469657 0.07500000000000001
0 0.8856640281442393 0.94296875 0.021108179419525065 0.0671875
0 0.58311345646438 0.7953125000000001 0.01934916446789798 0.065625
0 0.6046613896218118 0.8031250000000001 0.02198768689533861 0.07500000000000001
0 0.6042216358839051 0.878125 0.01934916446789798 0.07187500000000001
0 0.5844327176781003 0.875 0.02198768689533861 0.06875
0 0.5611257695690414 0.8890625000000001 0.01934916446789798 0.065625
