3 0.47713280562884786 0.5109375 0.10993843447669306 0.05625
0 0.4841688654353562 0.45625000000000004 0.04309586631486368 0.03125
3 0.30035180299032543 0.696875 0.0395778364116095 0.08125
3 0.2660510114335972 0.034375 0.020228671943711522 0.06875
0 0.04969217238346526 0.2015625 0.03605980650835532 0.034375
0 0.08970976253298153 0.47890625000000003 0.04397537379067722 0.0421875
0 0.24494283201407213 0.33359375 0.03781882145998241 0.0671875
0 0.2717678100263852 0.16953125000000002 0.026385224274406333 0.0890625
0 0.3148636763412489 0.12265625000000001 0.024626209322779244 0.0734375
0 0.3676341248900616 0.96640625 0.014072119613016711 0.06406250000000001
