3 0.138082673703 0.5296875 0.0457343887423 0.04375
0 0.244503078276 0.32578125 0.0386983289358 0.0640625
0 0.273526824978 0.16875 0.0211081794195 0.0875
3 0.266490765172 0.0359375 0.0228671943712 0.071875
0 0.0483729111697 0.19765625 0.0386983289358 0.0296875
0 0.481530343008 0.4546875 0.0413368513632 0.034375
6 0.846086191733 0.521875 0.105540897098 0.053125
3 0.476693051891 0.5109375 0.105540897098 0.05
0 0.331574318382 0.80390625 0.0228671943712 0.0796875
0 0.366314863676 0.9640625 0.0131926121372 0.065625
