0 0.040897097625329816 0.025781250000000002 0.051890941072999124 0.0421875
0 0.09366754617414248 0.11328125 0.0237467018469657 0.0671875
0 0.11829375549692173 0.1203125 0.020228671943711522 0.065625
0 0.14028144239226034 0.12265625000000001 0.02550571679859279 0.0703125
0 0.15963060686015831 0.1453125 0.020228671943711522 0.07187500000000001
0 0.18161829375549693 0.14140625 0.02198768689533861 0.0765625
0 0.08575197889182058 0.1921875 0.02726473175021988 0.07500000000000001
0 0.06948109058927002 0.36250000000000004 0.0474934036939314 0.037500000000000006
0 0.0712401055408971 0.3171875 0.04397537379067722 0.037500000000000006
0 0.16666666666666669 0.36562500000000003 0.0237467018469657 0.07500000000000001
0 0.18733509234828497 0.3671875 0.01934916446789798 0.07187500000000001
0 0.20976253298153036 0.37421875000000004 0.020228671943711522 0.0703125
0 0.21767810026385226 0.23671875 0.02198768689533861 0.0671875
0 0.2392260334212841 0.23203125000000002 0.021108179419525065 0.0703125
0 0.2585751978891821 0.24375000000000002 0.01759014951627089 0.078125
0 0.3575197889182058 0.27265625 0.020228671943711522 0.0703125
0 0.39973614775725597 0.29296875 0.020228671943711522 0.0703125
0 0.4432717678100264 0.30546875 0.01934916446789798 0.0734375
2 0.43007915567282323 0.21015625000000002 0.022867194371152155 0.0703125
2 0.4094107299912049 0.2 0.0237467018469657 0.06875
0 0.3909410729991205 0.19609375 0.02198768689533861 0.0671875
0 0.37159190853122254 0.184375 0.02198768689533861 0.065625
0 0.29419525065963065 0.15703125 0.0237467018469657 0.0703125
0 0.24758135444151277 0.14921875 0.0237467018469657 0.0734375
0 0.22383465259454707 0.153125 0.018469656992084433 0.06875
0 0.20536499560246263 0.14375000000000002 0.02198768689533861 0.065625
0 0.45030782761653476 0.23203125000000002 0.022867194371152155 0.060937500000000006
0 0.380386983289358 0.4375 0.020228671943711522 0.065625
0 0.4036939313984169 0.44453125000000004 0.022867194371152155 0.0703125
0 0.4261213720316623 0.45078125 0.02198768689533861 0.060937500000000006
0 0.4445910290237467 0.46640625 0.02198768689533861 0.060937500000000006
0 0.47097625329815307 0.4625 0.02550571679859279 0.07500000000000001
0 0.2744063324538259 0.40468750000000003 0.01934916446789798 0.065625
0 0.10905892700087952 0.19687500000000002 0.021108179419525065 0.06875
0 0.13500439753737908 0.19921875 0.02198768689533861 0.06406250000000001
2 0.1455584872471416 0.5265625 0.02726473175021988 0.078125
0 0.17062445030782764 0.5359375000000001 0.024626209322779244 0.05625
0 0.06068601583113457 0.4 0.03342128408091469 0.034375
0 0.05892700087950748 0.43671875000000004 0.036939313984168866 0.029687500000000002
0 0.06288478452066842 0.4765625 0.04309586631486368 0.034375
0 0.06640281442392261 0.51484375 0.044854881266490766 0.0328125
0 0.060246262093227795 0.55390625 0.04133685136323659 0.0328125
0 0.05364995602462621 0.5921875 0.036939313984168866 0.034375
0 0.048372911169744945 0.67109375 0.040457343887423045 0.035937500000000004
0 0.05013192612137203 0.7140625 0.03869832893579596 0.034375
0 0.044415127528583995 0.7546875000000001 0.03781882145998241 0.037500000000000006
0 0.04001759014951627 0.7953125000000001 0.03605980650835532 0.028125
0 0.03781882145998241 0.83125 0.040457343887423045 0.03125
0 0.13940193491644678 0.7976562500000001 0.020228671943711522 0.0734375
0 0.2058047493403694 0.80625 0.021108179419525065 0.06875
0 0.2458223394898857 0.828125 0.020228671943711522 0.07187500000000001
0 0.18161829375549693 0.6257812500000001 0.018469656992084433 0.06406250000000001
0 0.20404573438874232 0.6390625000000001 0.01934916446789798 0.078125
0 0.22427440633245382 0.64453125 0.022867194371152155 0.0734375
0 0.26561125769569044 0.6531250000000001 0.022867194371152155 0.078125
0 0.27792436235708007 0.5671875000000001 0.022867194371152155 0.07187500000000001
0 0.31046613896218117 0.6671875 0.021108179419525065 0.07500000000000001
0 0.9393139841688655 0.5953125 0.0474934036939314 0.05
0 0.9481090589270009 0.55703125 0.04221635883905013 0.0390625
3 0.9485488126649076 0.5171875 0.04133685136323659 0.034375
0 0.9371152154793316 0.6390625000000001 0.04309586631486368 0.034375
0 0.9353562005277045 0.6765625000000001 0.0395778364116095 0.037500000000000006
0 0.9309586631486368 0.7125 0.04309586631486368 0.037500000000000006
0 0.9252418645558488 0.74921875 0.03869832893579596 0.029687500000000002
0 0.9278803869832895 0.78671875 0.03518029903254178 0.0328125
0 0.9239226033421285 0.8289062500000001 0.05013192612137203 0.045312500000000006
0 0.9177660510114336 0.86875 0.044854881266490766 0.034375
0 0.9076517150395779 0.98046875 0.040457343887423045 0.035937500000000004
0 0.915127528583993 0.9453125 0.04309586631486368 0.037500000000000006
0 0.915127528583993 0.90390625 0.04309586631486368 0.035937500000000004
0 0.7506596306068601 0.971875 0.0237467018469657 0.053125000000000006
0 0.8043095866314864 0.8187500000000001 0.018469656992084433 0.07500000000000001
0 0.8293755496921724 0.8359375 0.021108179419525065 0.053125000000000006
0 0.8368513632365876 0.75 0.0237467018469657 0.078125
0 0.7937554969217239 0.7289062500000001 0.0237467018469657 0.0734375
0 0.7814423922603343 0.8226562500000001 0.0237467018469657 0.0671875
0 0.7528583992963941 0.7250000000000001 0.021108179419525065 0.07500000000000001
0 0.7062445030782762 0.70234375 0.01934916446789798 0.07968750000000001
0 0.7295514511873351 0.7140625 0.020228671943711522 0.07500000000000001
0 0.5395778364116095 0.6468750000000001 0.02198768689533861 0.06875
0 0.5299032541776605 0.7421875 0.02198768689533861 0.0625
0 0.5734388742304309 0.7484375000000001 0.01759014951627089 0.07187500000000001
0 0.5971855760773966 0.75703125 0.022867194371152155 0.0703125
0 0.6380826737027265 0.7742187500000001 0.02550571679859279 0.0765625
0 0.6596306068601584 0.7835937500000001 0.01759014951627089 0.0703125
0 0.6789797713280563 0.79296875 0.01934916446789798 0.0671875
0 0.7000879507475813 0.79296875 0.01759014951627089 0.07968750000000001
0 0.723834652594547 0.8015625000000001 0.022867194371152155 0.07187500000000001
0 0.5817941952506597 0.6625000000000001 0.02198768689533861 0.06875
0 0.6253298153034301 0.6734375 0.01934916446789798 0.06875
0 0.6451187335092349 0.690625 0.020228671943711522 0.07187500000000001
0 0.26868953386103783 0.8343750000000001 0.02198768689533861 0.06875
0 0.29243623570800353 0.8304687500000001 0.02198768689533861 0.06406250000000001
0 0.33465259454705365 0.8515625 0.0237467018469657 0.07187500000000001
0 0.3548812664907652 0.8617187500000001 0.018469656992084433 0.0703125
0 0.3768689533861038 0.86640625 0.020228671943711522 0.0703125
0 0.36323658751099386 0.5945312500000001 0.026385224274406333 0.07968750000000001
0 0.3540017590149516 0.68359375 0.018469656992084433 0.06406250000000001
0 0.33377308707124015 0.68125 0.0237467018469657 0.07187500000000001
0 0.3755496921723835 0.6921875000000001 0.01934916446789798 0.07187500000000001
0 0.3975373790677221 0.690625 0.01934916446789798 0.07500000000000001
0 0.41908531222515394 0.69921875 0.020228671943711522 0.0765625
0 0.4419525065963061 0.7078125000000001 0.020228671943711522 0.078125
0 0.41864555848724716 0.8875000000000001 0.021108179419525065 0.084375
0 0.44239226033421286 0.88671875 0.01759014951627089 0.07968750000000001
0 0.4639401934916447 0.9 0.020228671943711522 0.065625
0 0.5131926121372032 0.9070312500000001 0.02198768689533861 0.0859375
0 0.5549692172383466 0.9242187500000001 0.01934916446789798 0.0734375
0 0.5356200527704486 0.91328125 0.021108179419525065 0.0765625
0 0.5747581354441513 0.93125 0.020228671943711522 0.07187500000000001
0 0.5980650835532102 0.9398437500000001 0.022867194371152155 0.0765625
0 0.6204925241864556 0.9421875000000001 0.020228671943711522 0.07500000000000001
0 0.6411609498680739 0.953125 0.01934916446789798 0.07187500000000001
0 0.6644678979771328 0.9593750000000001 0.02198768689533861 0.065625
0 0.6846965699208444 0.9632812500000001 0.018469656992084433 0.0703125
0 0.7071240105540897 0.9640625 0.024626209322779244 0.06875
0 0.7950747581354441 0.978125 0.0158311345646438 0.040625
0 0.8175021987686896 0.9812500000000001 0.018469656992084433 0.034375
0 0.7739665787159191 0.98359375 0.01759014951627089 0.029687500000000002
6 0.5945470536499561 0.19062500000000002 0.03518029903254178 0.1125
6 0.6376429199648197 0.203125 0.026385224274406333 0.1125
0 0.6613896218117854 0.20859375000000002 0.01934916446789798 0.08281250000000001
0 0.6829375549692173 0.225 0.02198768689533861 0.07500000000000001
0 0.7049252418645559 0.21875 0.016710642040457344 0.05625
0 0.726033421284081 0.23515625 0.018469656992084433 0.0734375
0 0.7453825857519789 0.2421875 0.0237467018469657 0.09375
2 0.7700087950747582 0.2515625 0.02550571679859279 0.08750000000000001
0 0.8078276165347406 0.27734375 0.02550571679859279 0.0671875
0 0.09146877748460862 0.88984375 0.05101143359718558 0.045312500000000006
0 0.16578715919085313 0.915625 0.05013192612137203 0.046875
0 0.22207563764292 0.93515625 0.04309586631486368 0.0390625
0 0.2647317502198769 0.94296875 0.04397537379067722 0.035937500000000004
0 0.6213720316622692 0.42109375000000004 0.0237467018469657 0.0765625
0 0.6156552330694811 0.5015625 0.021108179419525065 0.08125
0 0.6442392260334213 0.43203125000000003 0.016710642040457344 0.0734375
0 0.6389621811785401 0.51484375 0.018469656992084433 0.0703125
0 0.6578715919085313 0.5203125000000001 0.021108179419525065 0.065625
0 0.6820580474934037 0.5296875 0.020228671943711522 0.07500000000000001
0 0.7233948988566403 0.5375 0.02198768689533861 0.08125
0 0.8095866314863677 0.56640625 0.02550571679859279 0.06406250000000001
0 0.8496042216358839 0.5828125000000001 0.022867194371152155 0.078125
0 0.667985927880387 0.43125 0.018469656992084433 0.0625
0 0.6873350923482849 0.45078125 0.0237467018469657 0.0765625
0 0.7080035180299032 0.44296875 0.01759014951627089 0.0734375
0 0.7313104661389622 0.4578125 0.020228671943711522 0.07187500000000001
0 0.7532981530343008 0.46406250000000004 0.016710642040457344 0.07187500000000001
0 0.7748460861917327 0.47265625 0.01934916446789798 0.08281250000000001
0 0.7941952506596306 0.47500000000000003 0.01934916446789798 0.07500000000000001
3 0.8183817062445031 0.48515625 0.02198768689533861 0.0890625
0 0.8381706244503079 0.49921875000000004 0.0158311345646438 0.0734375
0 0.8575197889182058 0.5007812500000001 0.021108179419525065 0.0703125
0 0.9591029023746702 0.46953125 0.03605980650835532 0.0390625
0 0.8891820580474934 0.30703125000000003 0.026385224274406333 0.0859375
2 0.2823218997361478 0.25078125 0.024626209322779244 0.0734375
3 0.9195250659630607 0.30312500000000003 0.02726473175021988 0.09375
