sedan 843.0 580.0 881.0 626.0
sedan 534.0 521.0 567.0 566.0
sedan 411.0 423.0 450.0 452.0
sedan 423.0 355.0 455.0 377.0
sedan 315.0 314.0 346.0 337.0
pickuptruck 128.0 321.0 167.0 347.0
pickuptruck 212.0 174.0 244.0 202.0
cementtruck 144.0 191.0 192.0 248.0
truck 1.0 271.0 24.0 295.0
sedan 299.0 45.0 322.0 60.0
sedan 308.0 37.0 334.0 52.0
sedan 316.0 28.0 340.0 42.0
sedan 323.0 17.0 349.0 33.0
sedan 430.0 17.0 457.0 36.0
sedan 452.0 1.0 478.0 12.0
sedan 336.0 8.0 360.0 24.0
sedan 346.0 1.0 370.0 15.0
sedan 273.0 24.0 295.0 43.0
sedan 256.0 22.0 274.0 43.0
