sedan 14.0 48.0 49.0 74.0
sedan 53.0 73.0 85.0 98.0
sedan 1.0 108.0 23.0 135.0
sedan 100.0 103.0 134.0 128.0
sedan 126.0 121.0 165.0 150.0
sedan 175.0 151.0 213.0 181.0
sedan 48.0 190.0 90.0 224.0
sedan 88.0 218.0 126.0 250.0
sedan 168.0 272.0 208.0 303.0
sedan 277.0 216.0 314.0 246.0
sedan 244.0 330.0 287.0 363.0
sedan 422.0 214.0 459.0 247.0
sedan 436.0 195.0 476.0 226.0
sedan 523.0 293.0 554.0 333.0
sedan 528.0 475.0 568.0 518.0
bus 414.0 418.0 525.0 493.0
sedan 812.0 246.0 842.0 284.0
sedan 771.0 295.0 802.0 330.0
sedan 750.0 327.0 780.0 364.0
