sedan 96.0 1.0 119.0 15.0
sedan 151.0 79.0 179.0 110.0
sedan 195.0 143.0 221.0 172.0
pickuptruck 306.0 125.0 340.0 168.0
truck 340.0 183.0 383.0 231.0
sedan 303.0 187.0 329.0 215.0
truck 149.0 349.0 188.0 387.0
sedan 940.0 1.0 961.0 23.0
sedan 801.0 34.0 831.0 57.0
sedan 760.0 60.0 794.0 87.0
sedan 689.0 108.0 723.0 134.0
sedan 623.0 145.0 658.0 176.0
sedan 377.0 424.0 406.0 454.0
sedan 501.0 404.0 534.0 442.0
sedan 438.0 520.0 468.0 556.0
sedan 534.0 453.0 566.0 488.0
sedan 575.0 510.0 609.0 549.0
sedan 599.0 547.0 635.0 591.0
sedan 495.0 605.0 535.0 639.0
sedan 642.0 605.0 681.0 639.0
