sedan 841.0 104.0 861.0 119.0
sedan 749.0 92.0 767.0 106.0
sedan 799.0 110.0 815.0 121.0
sedan 825.0 110.0 846.0 127.0
sedan 803.0 124.0 825.0 141.0
sedan 779.0 136.0 801.0 154.0
sedan 817.0 116.0 839.0 133.0
sedan 732.0 99.0 750.0 112.0
sedan 664.0 132.0 681.0 146.0
sedan 675.0 130.0 694.0 142.0
sedan 690.0 116.0 710.0 133.0
sedan 703.0 113.0 720.0 126.0
sedan 714.0 108.0 731.0 123.0
sedan 726.0 104.0 745.0 118.0
sedan 671.0 76.0 691.0 89.0
sedan 646.0 115.0 666.0 126.0
sedan 229.0 108.0 247.0 124.0
truck 332.0 179.0 351.0 203.0
truck 347.0 182.0 368.0 200.0
truck 391.0 229.0 410.0 252.0
sedan 132.0 19.0 147.0 32.0
sedan 245.0 26.0 259.0 37.0
sedan 276.0 55.0 289.0 66.0
pickuptruck 568.0 210.0 594.0 229.0
sedan 585.0 353.0 610.0 377.0
truck 621.0 380.0 659.0 420.0
sedan 662.0 425.0 694.0 455.0
sedan 293.0 320.0 323.0 339.0
sedan 36.0 406.0 61.0 435.0
sedan 88.0 382.0 110.0 407.0
sedan 179.0 343.0 203.0 366.0
sedan 110.0 372.0 131.0 400.0
sedan 1072.0 16.0 1090.0 26.0
sedan 964.0 1.0 979.0 9.0
sedan 1008.0 14.0 1022.0 27.0
sedan 1019.0 21.0 1030.0 30.0
truck 1030.0 20.0 1044.0 33.0
pickuptruck 1040.0 27.0 1053.0 37.0
sedan 1049.0 33.0 1063.0 43.0
sedan 1071.0 39.0 1086.0 50.0
sedan 1060.0 37.0 1073.0 47.0
sedan 1081.0 44.0 1095.0 54.0
sedan 989.0 8.0 1003.0 20.0
sedan 976.0 4.0 989.0 14.0
