sedan 1.0 2.0 13.0 25.0
sedan 17.0 25.0 46.0 46.0
sedan 63.0 52.0 92.0 75.0
sedan 88.0 71.0 125.0 99.0
sedan 135.0 98.0 172.0 128.0
sedan 8.0 135.0 50.0 168.0
sedan 47.0 163.0 88.0 194.0
sedan 125.0 215.0 166.0 247.0
sedan 235.0 162.0 272.0 190.0
sedan 377.0 159.0 414.0 193.0
sedan 391.0 141.0 429.0 173.0
sedan 473.0 237.0 505.0 277.0
sedan 477.0 412.0 517.0 450.0
bus 364.0 355.0 474.0 427.0
sedan 696.0 269.0 725.0 305.0
sedan 717.0 238.0 749.0 273.0
sedan 760.0 194.0 790.0 227.0
sedan 828.0 81.0 859.0 116.0
sedan 970.0 1.0 992.0 14.0
