sedan 530.0 76.0 552.0 98.0
sedan 467.0 157.0 491.0 183.0
sedan 552.0 174.0 573.0 197.0
sedan 1.0 338.0 19.0 373.0
sedan 126.0 392.0 145.0 426.0
sedan 146.0 401.0 164.0 434.0
sedan 169.0 409.0 188.0 444.0
sedan 192.0 420.0 210.0 455.0
sedan 213.0 429.0 244.0 460.0
sedan 41.0 470.0 83.0 507.0
sedan 67.0 478.0 104.0 516.0
sedan 130.0 506.0 162.0 544.0
sedan 137.0 621.0 166.0 640.0
sedan 487.0 547.0 527.0 577.0
sedan 542.0 567.0 584.0 595.0
sedan 594.0 586.0 638.0 618.0
sedan 651.0 610.0 695.0 640.0
sedan 370.0 1.0 392.0 17.0
sedan 274.0 15.0 299.0 40.0
sedan 298.0 3.0 316.0 24.0
