sedan 307.0 5.0 328.0 25.0
sedan 283.0 16.0 308.0 41.0
sedan 379.0 1.0 402.0 19.0
sedan 542.0 76.0 562.0 99.0
sedan 480.0 157.0 501.0 182.0
sedan 582.0 148.0 602.0 170.0
sedan 15.0 346.0 34.0 377.0
sedan 141.0 394.0 160.0 428.0
sedan 162.0 403.0 182.0 438.0
sedan 184.0 412.0 204.0 447.0
sedan 208.0 420.0 227.0 457.0
sedan 229.0 431.0 260.0 463.0
sedan 58.0 474.0 99.0 512.0
sedan 84.0 481.0 121.0 521.0
sedan 148.0 508.0 179.0 547.0
sedan 157.0 623.0 184.0 640.0
sedan 505.0 546.0 544.0 577.0
sedan 560.0 566.0 602.0 595.0
sedan 612.0 585.0 656.0 616.0
sedan 669.0 607.0 714.0 639.0
