sedan 845.0 422.0 880.0 457.0
sedan 868.0 437.0 900.0 476.0
sedan 807.0 287.0 836.0 319.0
sedan 846.0 296.0 874.0 327.0
sedan 911.0 218.0 937.0 246.0
sedan 865.0 128.0 892.0 155.0
sedan 839.0 154.0 868.0 182.0
sedan 788.0 209.0 815.0 239.0
sedan 938.0 180.0 964.0 210.0
sedan 957.0 162.0 982.0 186.0
sedan 910.0 81.0 932.0 104.0
sedan 951.0 32.0 975.0 55.0
sedan 1007.0 101.0 1030.0 127.0
sedan 987.0 129.0 1008.0 154.0
sedan 733.0 266.0 761.0 297.0
sedan 304.0 482.0 341.0 519.0
sedan 15.0 482.0 53.0 502.0
