sedan 369.0 347.0 400.0 367.0
sedan 32.0 163.0 72.0 177.0
sedan 29.0 177.0 70.0 193.0
sedan 22.0 194.0 64.0 213.0
sedan 24.0 228.0 66.0 243.0
sedan 23.0 242.0 65.0 260.0
sedan 14.0 262.0 61.0 280.0
sedan 9.0 279.0 61.0 297.0
sedan 83.0 240.0 127.0 257.0
sedan 88.0 257.0 124.0 273.0
sedan 88.0 273.0 125.0 289.0
truck 78.0 289.0 123.0 307.0
sedan 195.0 279.0 223.0 295.0
sedan 623.0 346.0 659.0 377.0
sedan 534.0 570.0 570.0 611.0
sedan 838.0 479.0 885.0 523.0
sedan 1033.0 583.0 1075.0 621.0
sedan 987.0 608.0 1031.0 640.0
sedan 1073.0 611.0 1120.0 640.0
sedan 991.0 149.0 1017.0 179.0
sedan 1101.0 173.0 1126.0 200.0
sedan 1119.0 283.0 1137.0 316.0
sedan 1034.0 97.0 1060.0 124.0
sedan 1075.0 43.0 1102.0 71.0
sedan 1094.0 18.0 1123.0 46.0
