sedan 340.0 326.0 371.0 348.0
sedan 57.0 223.0 101.0 242.0
sedan 63.0 239.0 98.0 255.0
sedan 61.0 254.0 99.0 271.0
truck 52.0 271.0 99.0 287.0
sedan 167.0 260.0 194.0 276.0
sedan 7.0 160.0 47.0 180.0
sedan 1.0 179.0 38.0 195.0
sedan 1.0 210.0 41.0 225.0
sedan 1.0 225.0 40.0 243.0
sedan 1.0 244.0 35.0 261.0
sedan 1.0 261.0 37.0 280.0
sedan 599.0 330.0 635.0 363.0
sedan 708.0 379.0 752.0 417.0
sedan 500.0 543.0 536.0 584.0
sedan 913.0 555.0 959.0 592.0
sedan 991.0 554.0 1033.0 589.0
sedan 1031.0 583.0 1075.0 620.0
sedan 1108.0 272.0 1137.0 306.0
sedan 1082.0 257.0 1115.0 292.0
sedan 1067.0 151.0 1093.0 179.0
sedan 955.0 127.0 983.0 159.0
sedan 1002.0 78.0 1027.0 105.0
sedan 1044.0 27.0 1072.0 51.0
sedan 1119.0 81.0 1137.0 106.0
sedan 1064.0 1.0 1091.0 27.0
