sedan 972.0 422.0 1005.0 459.0
sedan 998.0 439.0 1028.0 477.0
sedan 964.0 298.0 991.0 330.0
sedan 851.0 267.0 878.0 301.0
sedan 900.0 212.0 929.0 243.0
sedan 947.0 157.0 976.0 182.0
sedan 969.0 128.0 998.0 156.0
sedan 1006.0 187.0 1033.0 218.0
sedan 1046.0 184.0 1072.0 212.0
sedan 1067.0 164.0 1089.0 188.0
sedan 1051.0 33.0 1075.0 57.0
sedan 1009.0 82.0 1033.0 105.0
sedan 1022.0 219.0 1048.0 247.0
sedan 1092.0 130.0 1112.0 153.0
sedan 1112.0 102.0 1134.0 128.0
sedan 439.0 484.0 477.0 522.0
sedan 157.0 485.0 193.0 505.0
