bus 485.0 374.0 570.0 452.0
sedan 510.0 432.0 542.0 465.0
sedan 574.0 325.0 603.0 355.0
sedan 575.0 356.0 607.0 383.0
sedan 605.0 360.0 635.0 390.0
sedan 736.0 328.0 770.0 359.0
sedan 598.0 182.0 624.0 204.0
sedan 572.0 200.0 596.0 227.0
sedan 446.0 63.0 468.0 81.0
sedan 505.0 98.0 525.0 119.0
sedan 488.0 118.0 510.0 141.0
truck 777.0 148.0 814.0 184.0
sedan 815.0 159.0 839.0 179.0
pickuptruck 776.0 177.0 813.0 207.0
sedan 1015.0 1.0 1037.0 20.0
sedan 904.0 52.0 923.0 71.0
sedan 882.0 66.0 905.0 84.0
sedan 852.0 103.0 881.0 125.0
pickuptruck 863.0 118.0 892.0 144.0
sedan 817.0 110.0 840.0 131.0
pickuptruck 931.0 41.0 951.0 58.0
pickuptruck 972.0 6.0 993.0 22.0
sedan 934.0 451.0 973.0 485.0
sedan 1120.0 475.0 1137.0 501.0
sedan 422.0 501.0 454.0 529.0
sedan 254.0 572.0 300.0 607.0
sedan 281.0 594.0 322.0 624.0
sedan 866.0 326.0 903.0 350.0
