sedan 888.0 545.0 912.0 591.0
sedan 799.0 31.0 819.0 72.0
sedan 803.0 75.0 821.0 115.0
sedan 615.0 185.0 638.0 230.0
sedan 511.0 69.0 526.0 112.0
sedan 431.0 150.0 476.0 169.0
sedan 431.0 178.0 477.0 199.0
sedan 476.0 282.0 516.0 316.0
sedan 32.0 282.0 75.0 298.0
sedan 79.0 281.0 123.0 299.0
sedan 149.0 276.0 196.0 295.0
sedan 299.0 270.0 342.0 289.0
sedan 271.0 379.0 317.0 405.0
sedan 361.0 388.0 404.0 410.0
sedan 67.0 395.0 118.0 416.0
sedan 129.0 394.0 177.0 414.0
sedan 1114.0 448.0 1137.0 467.0
