bus 484.0 510.0 580.0 600.0
sedan 457.0 545.0 497.0 584.0
sedan 536.0 560.0 573.0 596.0
sedan 584.0 484.0 619.0 517.0
sedan 612.0 493.0 652.0 526.0
sedan 776.0 458.0 806.0 491.0
pickuptruck 801.0 271.0 840.0 306.0
truck 805.0 235.0 845.0 276.0
sedan 844.0 249.0 866.0 274.0
sedan 846.0 215.0 871.0 241.0
sedan 846.0 192.0 872.0 213.0
pickuptruck 882.0 213.0 910.0 242.0
sedan 938.0 122.0 961.0 142.0
sedan 915.0 138.0 938.0 159.0
sedan 1093.0 11.0 1108.0 26.0
sedan 1069.0 23.0 1093.0 43.0
sedan 1045.0 43.0 1066.0 61.0
sedan 1032.0 56.0 1049.0 71.0
pickuptruck 1007.0 70.0 1029.0 87.0
pickuptruck 966.0 108.0 989.0 130.0
sedan 994.0 107.0 1020.0 129.0
sedan 552.0 254.0 582.0 281.0
sedan 446.0 141.0 470.0 162.0
sedan 310.0 1.0 329.0 17.0
sedan 306.0 19.0 323.0 43.0
sedan 361.0 43.0 381.0 60.0
sedan 333.0 120.0 355.0 143.0
sedan 470.0 615.0 515.0 640.0
sedan 904.0 447.0 949.0 485.0
