sedan 554.0 313.0 596.0 341.0
sedan 602.0 276.0 643.0 298.0
sedan 663.0 393.0 706.0 416.0
sedan 454.0 282.0 500.0 301.0
sedan 382.0 285.0 428.0 305.0
sedan 340.0 283.0 379.0 304.0
sedan 267.0 287.0 303.0 304.0
sedan 201.0 285.0 245.0 306.0
sedan 266.0 406.0 306.0 424.0
sedan 374.0 401.0 421.0 420.0
sedan 437.0 397.0 479.0 419.0
sedan 144.0 409.0 185.0 426.0
sedan 29.0 1.0 52.0 24.0
sedan 1098.0 47.0 1117.0 88.0
sedan 1100.0 90.0 1118.0 130.0
sedan 814.0 78.0 832.0 124.0
sedan 746.0 158.0 778.0 179.0
sedan 744.0 188.0 779.0 208.0
sedan 914.0 198.0 937.0 242.0
sedan 860.0 372.0 905.0 394.0
sedan 1104.0 1.0 1128.0 19.0
