sedan 359.0 10.0 375.0 24.0
sedan 353.0 121.0 370.0 140.0
sedan 387.0 116.0 406.0 134.0
sedan 409.0 115.0 427.0 134.0
sedan 544.0 246.0 572.0 268.0
sedan 587.0 274.0 609.0 296.0
sedan 633.0 286.0 659.0 310.0
bus 481.0 414.0 568.0 488.0
sedan 572.0 401.0 602.0 424.0
sedan 599.0 404.0 630.0 430.0
sedan 730.0 338.0 763.0 360.0
sedan 769.0 344.0 796.0 367.0
sedan 823.0 397.0 859.0 427.0
sedan 1101.0 515.0 1137.0 546.0
truck 766.0 206.0 800.0 242.0
sedan 801.0 175.0 824.0 192.0
pickuptruck 832.0 187.0 864.0 215.0
sedan 887.0 159.0 905.0 176.0
sedan 865.0 133.0 885.0 151.0
sedan 885.0 120.0 902.0 139.0
pickuptruck 907.0 111.0 929.0 129.0
sedan 1077.0 26.0 1095.0 42.0
sedan 1020.0 37.0 1033.0 50.0
sedan 998.0 46.0 1019.0 63.0
sedan 980.0 60.0 995.0 75.0
sedan 967.0 69.0 980.0 83.0
pickuptruck 947.0 79.0 963.0 95.0
sedan 1071.0 3.0 1086.0 16.0
pickuptruck 941.0 119.0 964.0 139.0
sedan 854.0 372.0 885.0 396.0
