pickuptruck 777.0 166.0 809.0 190.0
sedan 814.0 144.0 837.0 166.0
sedan 812.0 103.0 835.0 121.0
sedan 874.0 78.0 898.0 99.0
sedan 900.0 44.0 916.0 63.0
sedan 878.0 59.0 899.0 76.0
truck 774.0 136.0 809.0 173.0
pickuptruck 869.0 104.0 896.0 128.0
sedan 635.0 197.0 658.0 219.0
sedan 483.0 83.0 508.0 104.0
sedan 474.0 97.0 496.0 119.0
sedan 542.0 119.0 564.0 137.0
sedan 535.0 163.0 559.0 187.0
sedan 684.0 277.0 716.0 305.0
sedan 593.0 294.0 618.0 323.0
sedan 573.0 340.0 605.0 365.0
sedan 600.0 343.0 632.0 371.0
bus 485.0 357.0 570.0 426.0
sedan 489.0 426.0 526.0 456.0
sedan 395.0 498.0 431.0 529.0
sedan 202.0 582.0 250.0 613.0
sedan 241.0 593.0 285.0 623.0
sedan 346.0 45.0 366.0 66.0
pickuptruck 966.0 1.0 985.0 14.0
pickuptruck 922.0 29.0 944.0 53.0
sedan 859.0 307.0 895.0 338.0
sedan 874.0 391.0 906.0 423.0
