sedan 301.0 533.0 343.0 564.0
bus 484.0 341.0 570.0 411.0
sedan 573.0 324.0 601.0 348.0
sedan 597.0 329.0 629.0 355.0
sedan 560.0 182.0 589.0 204.0
sedan 602.0 211.0 625.0 237.0
truck 770.0 129.0 803.0 163.0
pickuptruck 809.0 128.0 843.0 155.0
sedan 710.0 231.0 737.0 252.0
sedan 667.0 217.0 698.0 238.0
sedan 674.0 240.0 702.0 267.0
sedan 792.0 300.0 821.0 325.0
sedan 852.0 296.0 886.0 320.0
pickuptruck 914.0 28.0 938.0 46.0
sedan 862.0 100.0 884.0 116.0
sedan 805.0 98.0 828.0 116.0
pickuptruck 922.0 56.0 944.0 77.0
sedan 890.0 39.0 910.0 58.0
sedan 869.0 53.0 890.0 71.0
sedan 346.0 38.0 365.0 59.0
sedan 410.0 57.0 429.0 78.0
sedan 422.0 47.0 442.0 66.0
pickuptruck 955.0 1.0 969.0 12.0
sedan 1091.0 435.0 1136.0 471.0
sedan 158.0 627.0 189.0 640.0
