bus 862.0 338.0 958.0 422.0
truck 375.0 91.0 410.0 133.0
sedan 330.0 305.0 362.0 324.0
sedan 247.0 1.0 273.0 15.0
sedan 387.0 151.0 414.0 181.0
sedan 35.0 54.0 76.0 70.0
sedan 29.0 71.0 71.0 87.0
sedan 19.0 87.0 61.0 104.0
sedan 16.0 121.0 59.0 137.0
sedan 11.0 138.0 56.0 155.0
sedan 1.0 159.0 47.0 174.0
sedan 1.0 177.0 45.0 193.0
sedan 69.0 146.0 116.0 162.0
sedan 73.0 162.0 109.0 178.0
sedan 69.0 180.0 106.0 195.0
truck 54.0 194.0 101.0 215.0
sedan 171.0 201.0 204.0 219.0
sedan 443.0 565.0 489.0 605.0
sedan 1026.0 195.0 1060.0 230.0
