bus 615.0 254.0 706.0 339.0
sedan 625.0 307.0 659.0 345.0
sedan 610.0 337.0 643.0 371.0
sedan 40.0 49.0 81.0 65.0
sedan 35.0 65.0 78.0 84.0
sedan 27.0 84.0 70.0 105.0
sedan 29.0 120.0 69.0 138.0
sedan 25.0 139.0 68.0 156.0
sedan 16.0 159.0 65.0 179.0
sedan 15.0 177.0 62.0 198.0
sedan 83.0 143.0 130.0 160.0
sedan 91.0 160.0 126.0 178.0
sedan 88.0 179.0 126.0 194.0
truck 78.0 196.0 124.0 215.0
sedan 193.0 196.0 219.0 212.0
sedan 366.0 290.0 399.0 307.0
sedan 508.0 540.0 548.0 577.0
sedan 1054.0 126.0 1089.0 160.0
sedan 1018.0 600.0 1063.0 640.0
