sedan 923.0 538.0 943.0 585.0
sedan 837.0 34.0 855.0 73.0
sedan 837.0 77.0 856.0 115.0
sedan 505.0 296.0 537.0 337.0
sedan 650.0 185.0 672.0 229.0
sedan 468.0 150.0 512.0 171.0
sedan 468.0 178.0 513.0 198.0
sedan 547.0 69.0 566.0 114.0
sedan 335.0 270.0 379.0 290.0
sedan 314.0 370.0 355.0 402.0
sedan 397.0 388.0 442.0 409.0
sedan 1.0 283.0 35.0 302.0
sedan 1.0 404.0 38.0 420.0
sedan 66.0 279.0 109.0 298.0
sedan 113.0 279.0 159.0 299.0
sedan 186.0 275.0 231.0 295.0
sedan 102.0 395.0 154.0 416.0
sedan 163.0 394.0 211.0 414.0
