sedan 257.0 619.0 297.0 640.0
sedan 317.0 615.0 354.0 640.0
sedan 372.0 573.0 415.0 613.0
sedan 433.0 568.0 473.0 603.0
sedan 478.0 529.0 518.0 567.0
bus 483.0 431.0 582.0 522.0
sedan 535.0 481.0 574.0 516.0
sedan 583.0 408.0 622.0 436.0
sedan 614.0 413.0 651.0 446.0
sedan 499.0 125.0 524.0 156.0
sedan 619.0 222.0 649.0 254.0
sedan 721.0 279.0 753.0 310.0
pickuptruck 811.0 192.0 848.0 226.0
sedan 840.0 354.0 880.0 388.0
sedan 907.0 373.0 950.0 407.0
sedan 856.0 104.0 881.0 127.0
sedan 851.0 131.0 880.0 159.0
truck 814.0 150.0 853.0 193.0
sedan 851.0 167.0 876.0 194.0
pickuptruck 891.0 129.0 921.0 159.0
sedan 960.0 50.0 988.0 74.0
sedan 956.0 30.0 977.0 53.0
sedan 930.0 47.0 956.0 70.0
pickuptruck 986.0 15.0 1010.0 38.0
sedan 324.0 26.0 348.0 53.0
