sedan 863.0 25.0 899.0 61.0
sedan 823.0 58.0 856.0 93.0
sedan 739.0 127.0 782.0 166.0
sedan 697.0 163.0 734.0 201.0
sedan 683.0 216.0 722.0 255.0
pickuptruck 736.0 215.0 779.0 260.0
sedan 741.0 171.0 782.0 209.0
sedan 674.0 275.0 708.0 308.0
pickuptruck 613.0 313.0 665.0 361.0
truck 622.0 261.0 676.0 314.0
sedan 767.0 302.0 812.0 338.0
sedan 330.0 360.0 366.0 399.0
sedan 582.0 555.0 619.0 600.0
sedan 618.0 563.0 652.0 603.0
sedan 694.0 586.0 727.0 624.0
sedan 329.0 617.0 364.0 640.0
sedan 366.0 624.0 400.0 640.0
