sedan 429.0 486.0 466.0 534.0
sedan 462.0 438.0 501.0 483.0
sedan 511.0 469.0 545.0 519.0
sedan 524.0 345.0 553.0 387.0
sedan 552.0 307.0 581.0 347.0
sedan 681.0 110.0 708.0 144.0
sedan 700.0 73.0 731.0 113.0
sedan 736.0 22.0 769.0 66.0
sedan 862.0 97.0 894.0 133.0
sedan 894.0 59.0 922.0 94.0
sedan 917.0 24.0 943.0 56.0
sedan 546.0 426.0 578.0 467.0
truck 465.0 558.0 500.0 603.0
truck 463.0 493.0 499.0 539.0
truck 727.0 197.0 763.0 244.0
pickuptruck 587.0 260.0 622.0 306.0
pickuptruck 651.0 149.0 678.0 187.0
sedan 768.0 1.0 791.0 16.0
sedan 1013.0 46.0 1033.0 68.0
sedan 1034.0 38.0 1054.0 63.0
pickuptruck 1092.0 588.0 1135.0 640.0
