sedan 902.0 233.0 941.0 268.0
sedan 950.0 133.0 985.0 168.0
sedan 1043.0 162.0 1089.0 196.0
sedan 1010.0 1.0 1053.0 28.0
pickuptruck 1011.0 74.0 1058.0 121.0
sedan 960.0 74.0 1002.0 117.0
truck 903.0 119.0 959.0 176.0
pickuptruck 892.0 173.0 947.0 227.0
sedan 972.0 25.0 1009.0 63.0
sedan 980.0 440.0 1015.0 478.0
sedan 1069.0 541.0 1117.0 572.0
sedan 642.0 485.0 683.0 530.0
sedan 610.0 477.0 646.0 516.0
bus 503.0 520.0 604.0 615.0
sedan 557.0 567.0 595.0 606.0
sedan 504.0 620.0 540.0 640.0
sedan 519.0 90.0 554.0 124.0
