sedan 671.0 537.0 701.0 589.0
sedan 649.0 483.0 681.0 532.0
sedan 524.0 433.0 552.0 475.0
sedan 470.0 298.0 493.0 328.0
sedan 456.0 188.0 481.0 220.0
sedan 424.0 105.0 450.0 141.0
sedan 379.0 69.0 403.0 105.0
sedan 37.0 411.0 84.0 439.0
sedan 23.0 392.0 72.0 419.0
sedan 161.0 347.0 202.0 375.0
sedan 222.0 347.0 271.0 376.0
sedan 217.0 327.0 261.0 356.0
sedan 225.0 278.0 267.0 304.0
sedan 288.0 302.0 328.0 330.0
sedan 283.0 326.0 327.0 357.0
sedan 338.0 301.0 382.0 322.0
sedan 584.0 155.0 623.0 181.0
