truck 268.0 500.0 301.0 531.0
bus 81.0 231.0 194.0 269.0
sedan 27.0 146.0 68.0 162.0
sedan 24.0 236.0 67.0 253.0
sedan 103.0 219.0 145.0 235.0
sedan 105.0 274.0 149.0 297.0
sedan 193.0 224.0 232.0 244.0
sedan 225.0 243.0 268.0 264.0
sedan 284.0 229.0 323.0 249.0
sedan 287.0 251.0 325.0 269.0
sedan 165.0 151.0 205.0 172.0
sedan 214.0 154.0 252.0 174.0
sedan 284.0 158.0 324.0 179.0
sedan 408.0 238.0 443.0 257.0
sedan 453.0 244.0 495.0 263.0
sedan 454.0 264.0 496.0 285.0
sedan 521.0 247.0 561.0 267.0
sedan 505.0 269.0 548.0 286.0
sedan 564.0 262.0 605.0 286.0
sedan 678.0 352.0 698.0 392.0
sedan 850.0 224.0 893.0 246.0
sedan 913.0 278.0 955.0 297.0
sedan 772.0 556.0 792.0 604.0
