sedan 746.0 224.0 790.0 247.0
sedan 747.0 275.0 782.0 311.0
sedan 961.0 346.0 999.0 382.0
sedan 1045.0 418.0 1085.0 459.0
pickuptruck 966.0 24.0 1008.0 64.0
sedan 920.0 25.0 956.0 62.0
truck 871.0 58.0 921.0 112.0
sedan 916.0 73.0 948.0 107.0
pickuptruck 863.0 107.0 910.0 149.0
sedan 1005.0 96.0 1043.0 129.0
sedan 925.0 1.0 950.0 17.0
sedan 600.0 385.0 640.0 422.0
sedan 635.0 392.0 674.0 430.0
sedan 549.0 471.0 588.0 511.0
sedan 492.0 526.0 531.0 566.0
bus 491.0 418.0 595.0 514.0
sedan 446.0 568.0 485.0 606.0
sedan 380.0 574.0 426.0 614.0
sedan 327.0 616.0 368.0 640.0
