sedan 878.0 370.0 921.0 393.0
sedan 760.0 1.0 777.0 24.0
sedan 776.0 67.0 792.0 93.0
sedan 766.0 142.0 784.0 170.0
sedan 734.0 318.0 760.0 355.0
sedan 590.0 377.0 630.0 405.0
sedan 530.0 380.0 571.0 401.0
sedan 546.0 360.0 587.0 381.0
sedan 480.0 349.0 520.0 373.0
sedan 478.0 368.0 519.0 391.0
sedan 434.0 340.0 471.0 362.0
sedan 131.0 350.0 177.0 373.0
sedan 253.0 329.0 295.0 352.0
sedan 314.0 343.0 354.0 361.0
sedan 313.0 322.0 354.0 343.0
sedan 316.0 286.0 353.0 305.0
sedan 325.0 254.0 362.0 274.0
sedan 255.0 242.0 294.0 262.0
sedan 209.0 234.0 245.0 256.0
sedan 185.0 300.0 224.0 321.0
sedan 62.0 304.0 104.0 323.0
sedan 9.0 233.0 49.0 254.0
sedan 1.0 205.0 33.0 222.0
sedan 35.0 207.0 69.0 226.0
sedan 79.0 217.0 118.0 236.0
sedan 246.0 32.0 265.0 60.0
sedan 276.0 36.0 295.0 63.0
bus 118.0 304.0 225.0 350.0
sedan 488.0 39.0 513.0 60.0
sedan 476.0 53.0 502.0 74.0
