pickuptruck 77.0 161.0 114.0 197.0
truck 646.0 312.0 686.0 357.0
sedan 102.0 199.0 138.0 230.0
sedan 132.0 227.0 165.0 259.0
sedan 227.0 318.0 264.0 353.0
sedan 342.0 335.0 379.0 369.0
sedan 347.0 384.0 387.0 422.0
sedan 384.0 374.0 421.0 413.0
sedan 480.0 482.0 514.0 522.0
sedan 575.0 404.0 608.0 443.0
sedan 681.0 242.0 717.0 280.0
sedan 849.0 151.0 882.0 187.0
sedan 876.0 187.0 907.0 222.0
sedan 834.0 9.0 866.0 42.0
sedan 768.0 61.0 801.0 95.0
sedan 689.0 597.0 734.0 639.0
sedan 742.0 583.0 787.0 624.0
sedan 967.0 16.0 997.0 48.0
sedan 1027.0 3.0 1057.0 34.0
pickuptruck 3.0 107.0 30.0 131.0
