sedan 985.0 599.0 1040.0 637.0
sedan 920.0 560.0 968.0 596.0
sedan 881.0 539.0 920.0 569.0
sedan 646.0 412.0 687.0 441.0
sedan 604.0 386.0 645.0 419.0
sedan 509.0 335.0 550.0 369.0
sedan 463.0 309.0 504.0 341.0
sedan 405.0 348.0 443.0 379.0
sedan 334.0 312.0 377.0 342.0
sedan 253.0 303.0 295.0 335.0
sedan 20.0 376.0 60.0 422.0
sedan 39.0 401.0 71.0 448.0
sedan 68.0 339.0 110.0 382.0
sedan 1.0 452.0 39.0 501.0
sedan 89.0 250.0 131.0 285.0
sedan 71.0 203.0 115.0 236.0
sedan 197.0 52.0 229.0 94.0
truck 182.0 230.0 221.0 262.0
truck 19.0 105.0 56.0 133.0
pickuptruck 377.0 371.0 426.0 409.0
pickuptruck 692.0 447.0 741.0 484.0
pickuptruck 831.0 510.0 868.0 539.0
