bus 251.0 351.0 344.0 407.0
sedan 994.0 551.0 1041.0 582.0
sedan 873.0 525.0 907.0 567.0
sedan 684.0 505.0 726.0 535.0
sedan 572.0 471.0 615.0 501.0
sedan 623.0 492.0 669.0 520.0
sedan 644.0 475.0 685.0 501.0
sedan 578.0 453.0 619.0 479.0
sedan 537.0 438.0 572.0 460.0
sedan 427.0 396.0 464.0 422.0
sedan 424.0 418.0 458.0 441.0
sedan 370.0 395.0 409.0 424.0
sedan 339.0 366.0 375.0 391.0
sedan 257.0 399.0 295.0 422.0
sedan 199.0 341.0 241.0 365.0
sedan 236.0 266.0 268.0 286.0
sedan 334.0 329.0 366.0 350.0
sedan 346.0 299.0 380.0 323.0
sedan 386.0 314.0 422.0 336.0
sedan 449.0 335.0 485.0 357.0
sedan 888.0 230.0 906.0 257.0
sedan 926.0 217.0 945.0 238.0
sedan 954.0 154.0 973.0 177.0
sedan 699.0 85.0 728.0 101.0
sedan 414.0 121.0 433.0 144.0
sedan 441.0 129.0 461.0 152.0
sedan 624.0 68.0 640.0 89.0
sedan 687.0 103.0 714.0 118.0
sedan 467.0 50.0 484.0 72.0
sedan 481.0 54.0 497.0 75.0
sedan 599.0 18.0 616.0 36.0
sedan 613.0 20.0 628.0 39.0
sedan 636.0 24.0 654.0 45.0
sedan 624.0 168.0 652.0 188.0
sedan 109.0 342.0 147.0 363.0
sedan 200.0 252.0 232.0 273.0
sedan 167.0 242.0 198.0 261.0
sedan 137.0 231.0 164.0 249.0
sedan 75.0 237.0 107.0 257.0
sedan 66.0 276.0 104.0 295.0
sedan 83.0 213.0 114.0 234.0
sedan 50.0 204.0 82.0 223.0
sedan 12.0 193.0 44.0 210.0
sedan 720.0 45.0 739.0 60.0
sedan 641.0 160.0 659.0 177.0
sedan 466.0 104.0 485.0 121.0
