pickuptruck 579.0 366.0 628.0 388.0
pickuptruck 721.0 352.0 758.0 370.0
truck 189.0 439.0 233.0 458.0
truck 15.0 413.0 60.0 433.0
sedan 1.0 478.0 40.0 498.0
sedan 1.0 446.0 34.0 465.0
sedan 315.0 428.0 361.0 448.0
sedan 306.0 366.0 348.0 387.0
sedan 362.0 368.0 406.0 387.0
sedan 392.0 428.0 433.0 450.0
sedan 471.0 362.0 514.0 381.0
sedan 525.0 361.0 564.0 382.0
sedan 775.0 351.0 813.0 370.0
sedan 817.0 349.0 860.0 371.0
sedan 888.0 351.0 933.0 369.0
sedan 944.0 349.0 984.0 368.0
sedan 906.0 508.0 950.0 529.0
sedan 967.0 516.0 1006.0 537.0
sedan 1016.0 512.0 1053.0 536.0
sedan 1042.0 589.0 1077.0 631.0
sedan 1064.0 605.0 1097.0 640.0
