sedan 712.0 563.0 737.0 609.0
sedan 605.0 473.0 622.0 502.0
sedan 724.0 223.0 766.0 245.0
sedan 561.0 159.0 579.0 191.0
sedan 581.0 124.0 598.0 153.0
sedan 567.0 42.0 583.0 71.0
sedan 96.0 348.0 142.0 366.0
sedan 14.0 262.0 54.0 281.0
sedan 66.0 258.0 110.0 275.0
sedan 148.0 247.0 188.0 268.0
sedan 157.0 321.0 200.0 339.0
sedan 163.0 343.0 203.0 360.0
sedan 263.0 273.0 301.0 291.0
sedan 289.0 312.0 327.0 329.0
sedan 339.0 306.0 380.0 322.0
sedan 343.0 323.0 384.0 345.0
sedan 398.0 321.0 440.0 341.0
sedan 408.0 297.0 449.0 315.0
sedan 457.0 307.0 498.0 324.0
sedan 23.0 28.0 38.0 60.0
sedan 1.0 403.0 17.0 420.0
bus 1.0 353.0 61.0 389.0
sedan 1113.0 159.0 1137.0 176.0
sedan 722.0 619.0 742.0 640.0
sedan 243.0 2.0 279.0 24.0
