sedan 362.0 570.0 398.0 616.0
sedan 399.0 522.0 442.0 567.0
sedan 445.0 561.0 486.0 611.0
sedan 486.0 517.0 524.0 559.0
sedan 470.0 430.0 505.0 474.0
sedan 505.0 391.0 537.0 431.0
sedan 655.0 200.0 680.0 236.0
sedan 678.0 163.0 711.0 207.0
sedan 718.0 113.0 753.0 155.0
sedan 753.0 77.0 779.0 111.0
sedan 838.0 198.0 876.0 237.0
sedan 878.0 163.0 911.0 199.0
sedan 906.0 131.0 933.0 164.0
sedan 999.0 155.0 1023.0 192.0
sedan 983.0 5.0 1016.0 41.0
truck 855.0 78.0 888.0 121.0
pickuptruck 545.0 347.0 584.0 392.0
pickuptruck 619.0 240.0 650.0 275.0
sedan 1025.0 153.0 1045.0 183.0
