pickuptruck 653.0 358.0 705.0 391.0
pickuptruck 795.0 392.0 835.0 418.0
pickuptruck 199.0 301.0 255.0 332.0
truck 21.0 178.0 65.0 204.0
truck 203.0 272.0 244.0 297.0
sedan 1.0 202.0 28.0 227.0
sedan 62.0 256.0 110.0 288.0
sedan 9.0 364.0 48.0 412.0
sedan 81.0 49.0 111.0 94.0
sedan 340.0 312.0 388.0 339.0
sedan 402.0 266.0 448.0 296.0
sedan 454.0 287.0 499.0 316.0
sedan 416.0 335.0 455.0 363.0
sedan 558.0 316.0 600.0 345.0
sedan 602.0 334.0 647.0 360.0
sedan 848.0 414.0 886.0 439.0
sedan 886.0 428.0 934.0 454.0
sedan 955.0 452.0 1006.0 481.0
sedan 1017.0 472.0 1058.0 499.0
sedan 350.0 67.0 370.0 94.0
