sedan 123.0 439.0 169.0 467.0
sedan 247.0 419.0 289.0 448.0
sedan 270.0 466.0 317.0 499.0
sedan 303.0 444.0 347.0 477.0
sedan 509.0 413.0 534.0 455.0
sedan 664.0 561.0 714.0 597.0
sedan 709.0 533.0 757.0 565.0
sedan 777.0 612.0 824.0 640.0
truck 548.0 312.0 580.0 358.0
truck 728.0 590.0 768.0 619.0
sedan 538.0 272.0 568.0 315.0
sedan 726.0 121.0 752.0 160.0
sedan 594.0 30.0 618.0 69.0
sedan 715.0 48.0 741.0 83.0
sedan 407.0 605.0 436.0 640.0
sedan 1.0 381.0 32.0 406.0
sedan 957.0 24.0 1003.0 47.0
sedan 961.0 46.0 992.0 67.0
sedan 964.0 66.0 986.0 81.0
pickuptruck 946.0 99.0 980.0 121.0
sedan 1067.0 45.0 1108.0 70.0
sedan 1059.0 79.0 1099.0 103.0
sedan 947.0 141.0 977.0 158.0
sedan 960.0 212.0 991.0 231.0
pickuptruck 966.0 229.0 997.0 253.0
sedan 981.0 253.0 1015.0 275.0
sedan 998.0 269.0 1029.0 296.0
sedan 1024.0 310.0 1063.0 348.0
sedan 1063.0 324.0 1089.0 359.0
sedan 1117.0 103.0 1137.0 125.0
