sedan 392.0 574.0 412.0 611.0
sedan 398.0 528.0 414.0 571.0
sedan 404.0 458.0 421.0 505.0
sedan 406.0 416.0 424.0 450.0
sedan 418.0 271.0 432.0 303.0
sedan 419.0 237.0 432.0 268.0
sedan 423.0 203.0 437.0 236.0
sedan 424.0 157.0 437.0 185.0
sedan 421.0 128.0 440.0 158.0
sedan 426.0 71.0 439.0 98.0
sedan 433.0 21.0 445.0 45.0
sedan 493.0 53.0 508.0 76.0
sedan 544.0 251.0 559.0 282.0
sedan 550.0 373.0 571.0 402.0
sedan 553.0 408.0 569.0 441.0
sedan 549.0 454.0 568.0 494.0
sedan 638.0 335.0 663.0 354.0
sedan 624.0 348.0 652.0 369.0
sedan 617.0 362.0 643.0 382.0
pickuptruck 422.0 92.0 436.0 117.0
