sedan 272.0 509.0 317.0 541.0
sedan 329.0 490.0 374.0 520.0
sedan 322.0 553.0 372.0 591.0
sedan 394.0 531.0 434.0 561.0
sedan 432.0 441.0 473.0 471.0
sedan 484.0 421.0 522.0 453.0
sedan 716.0 322.0 747.0 350.0
sedan 749.0 302.0 792.0 332.0
sedan 814.0 277.0 857.0 309.0
sedan 867.0 258.0 902.0 288.0
sedan 885.0 416.0 929.0 450.0
sedan 942.0 401.0 981.0 433.0
sedan 984.0 378.0 1021.0 410.0
sedan 1044.0 450.0 1066.0 490.0
sedan 1067.0 452.0 1089.0 495.0
sedan 1086.0 461.0 1112.0 504.0
sedan 1031.0 184.0 1071.0 213.0
sedan 1073.0 165.0 1114.0 189.0
truck 206.0 613.0 256.0 640.0
pickuptruck 535.0 402.0 586.0 438.0
pickuptruck 661.0 340.0 700.0 371.0
