bus 369.0 574.0 466.0 640.0
sedan 425.0 624.0 458.0 640.0
sedan 472.0 532.0 510.0 572.0
sedan 504.0 541.0 546.0 582.0
sedan 720.0 536.0 760.0 579.0
sedan 334.0 108.0 366.0 147.0
pickuptruck 756.0 226.0 810.0 277.0
truck 768.0 172.0 824.0 231.0
sedan 819.0 189.0 856.0 223.0
sedan 827.0 129.0 867.0 169.0
pickuptruck 880.0 128.0 924.0 173.0
sedan 883.0 42.0 924.0 80.0
sedan 842.0 78.0 878.0 115.0
sedan 982.0 99.0 1021.0 136.0
sedan 913.0 214.0 956.0 249.0
sedan 841.0 494.0 880.0 538.0
sedan 827.0 576.0 867.0 619.0
sedan 977.0 609.0 1027.0 632.0
