sedan 487.0 494.0 509.0 529.0
sedan 502.0 454.0 530.0 496.0
sedan 526.0 394.0 553.0 436.0
sedan 548.0 357.0 569.0 389.0
sedan 600.0 222.0 621.0 254.0
sedan 613.0 192.0 631.0 223.0
sedan 626.0 162.0 646.0 191.0
sedan 643.0 114.0 661.0 145.0
sedan 652.0 91.0 670.0 117.0
sedan 673.0 34.0 691.0 57.0
sedan 726.0 239.0 745.0 271.0
sedan 697.0 359.0 713.0 390.0
sedan 685.0 396.0 705.0 429.0
sedan 661.0 440.0 688.0 478.0
sedan 769.0 374.0 792.0 399.0
sedan 785.0 361.0 808.0 389.0
sedan 801.0 354.0 823.0 378.0
pickuptruck 464.0 541.0 490.0 583.0
pickuptruck 663.0 54.0 681.0 78.0
sedan 724.0 1.0 744.0 17.0
