sedan 447.0 529.0 469.0 568.0
sedan 518.0 538.0 542.0 579.0
sedan 571.0 601.0 597.0 640.0
sedan 578.0 558.0 604.0 595.0
sedan 526.0 445.0 544.0 476.0
sedan 463.0 309.0 480.0 337.0
sedan 534.0 301.0 551.0 324.0
sedan 460.0 138.0 471.0 155.0
sedan 405.0 178.0 416.0 196.0
sedan 318.0 31.0 340.0 42.0
sedan 357.0 30.0 374.0 39.0
sedan 348.0 41.0 370.0 49.0
sedan 865.0 209.0 882.0 228.0
sedan 959.0 183.0 976.0 202.0
sedan 1004.0 167.0 1025.0 187.0
sedan 1055.0 154.0 1075.0 173.0
sedan 1083.0 150.0 1101.0 168.0
