sedan 146.0 593.0 197.0 626.0
sedan 220.0 577.0 268.0 606.0
sedan 212.0 544.0 261.0 571.0
sedan 320.0 478.0 366.0 507.0
sedan 484.0 434.0 525.0 458.0
sedan 534.0 421.0 575.0 448.0
sedan 768.0 356.0 804.0 381.0
sedan 805.0 344.0 849.0 369.0
sedan 869.0 329.0 914.0 356.0
sedan 925.0 317.0 959.0 339.0
sedan 928.0 471.0 974.0 499.0
sedan 986.0 464.0 1026.0 490.0
sedan 1031.0 449.0 1067.0 478.0
sedan 1088.0 522.0 1105.0 553.0
sedan 1108.0 527.0 1129.0 560.0
sedan 1089.0 270.0 1128.0 292.0
pickuptruck 588.0 413.0 636.0 439.0
pickuptruck 719.0 367.0 754.0 392.0
