sedan 513.0 586.0 554.0 623.0
sedan 608.0 572.0 652.0 610.0
sedan 604.0 516.0 648.0 556.0
sedan 734.0 404.0 773.0 450.0
sedan 822.0 404.0 860.0 446.0
sedan 822.0 445.0 861.0 486.0
sedan 745.0 305.0 782.0 343.0
sedan 893.0 258.0 936.0 295.0
sedan 890.0 221.0 934.0 261.0
sedan 948.0 223.0 989.0 257.0
sedan 991.0 107.0 1034.0 143.0
sedan 518.0 95.0 554.0 136.0
sedan 561.0 14.0 593.0 55.0
bus 595.0 133.0 687.0 231.0
truck 562.0 555.0 598.0 591.0
sedan 468.0 621.0 503.0 640.0
sedan 971.0 516.0 1011.0 558.0
