pickuptruck 500.0 287.0 543.0 317.0
sedan 48.0 533.0 83.0 582.0
sedan 128.0 400.0 163.0 440.0
sedan 117.0 349.0 153.0 400.0
sedan 345.0 255.0 392.0 286.0
sedan 369.0 240.0 414.0 272.0
sedan 415.0 211.0 463.0 243.0
sedan 443.0 261.0 489.0 292.0
sedan 417.0 283.0 464.0 314.0
sedan 474.0 306.0 521.0 340.0
sedan 596.0 459.0 642.0 494.0
sedan 675.0 497.0 722.0 528.0
sedan 733.0 519.0 779.0 550.0
sedan 885.0 579.0 934.0 612.0
sedan 942.0 605.0 986.0 634.0
sedan 1009.0 442.0 1055.0 475.0
sedan 861.0 383.0 906.0 411.0
sedan 817.0 364.0 862.0 395.0
sedan 717.0 306.0 767.0 338.0
