pickuptruck 624.0 311.0 655.0 352.0
sedan 720.0 1.0 750.0 40.0
sedan 657.0 85.0 691.0 134.0
sedan 805.0 220.0 838.0 267.0
sedan 846.0 141.0 874.0 185.0
sedan 869.0 86.0 899.0 131.0
sedan 544.0 385.0 576.0 433.0
sedan 569.0 435.0 601.0 482.0
sedan 582.0 460.0 613.0 506.0
sedan 615.0 390.0 645.0 433.0
sedan 641.0 333.0 673.0 380.0
sedan 595.0 363.0 628.0 406.0
sedan 1.0 478.0 40.0 512.0
sedan 143.0 554.0 187.0 586.0
sedan 1099.0 484.0 1137.0 525.0
sedan 1066.0 415.0 1105.0 445.0
sedan 1058.0 281.0 1092.0 297.0
sedan 1089.0 146.0 1132.0 176.0
pickuptruck 1054.0 389.0 1094.0 421.0
sedan 1080.0 439.0 1116.0 469.0
