sedan 286.0 594.0 336.0 626.0
sedan 302.0 618.0 350.0 640.0
sedan 637.0 479.0 680.0 507.0
sedan 646.0 445.0 688.0 472.0
sedan 702.0 464.0 745.0 491.0
sedan 774.0 392.0 814.0 415.0
sedan 838.0 428.0 875.0 453.0
sedan 939.0 411.0 980.0 434.0
sedan 911.0 360.0 949.0 383.0
sedan 952.0 353.0 989.0 375.0
pickuptruck 1000.0 345.0 1043.0 371.0
truck 892.0 389.0 941.0 418.0
pickuptruck 451.0 223.0 466.0 249.0
sedan 439.0 262.0 460.0 297.0
sedan 341.0 96.0 353.0 128.0
sedan 372.0 60.0 386.0 86.0
sedan 394.0 71.0 410.0 97.0
sedan 461.0 65.0 475.0 93.0
pickuptruck 1109.0 315.0 1137.0 337.0
sedan 173.0 623.0 216.0 640.0
