pickuptruck 712.0 340.0 764.0 378.0
pickuptruck 515.0 405.0 577.0 443.0
pickuptruck 969.0 192.0 1021.0 226.0
truck 595.0 344.0 657.0 385.0
sedan 729.0 428.0 775.0 457.0
sedan 638.0 370.0 678.0 396.0
sedan 679.0 317.0 724.0 347.0
sedan 745.0 299.0 792.0 329.0
sedan 712.0 275.0 757.0 303.0
sedan 765.0 259.0 811.0 287.0
sedan 867.0 223.0 910.0 250.0
sedan 915.0 207.0 959.0 234.0
sedan 464.0 584.0 493.0 634.0
sedan 496.0 606.0 520.0 640.0
sedan 257.0 483.0 301.0 516.0
sedan 230.0 542.0 278.0 572.0
sedan 260.0 563.0 307.0 594.0
sedan 114.0 617.0 159.0 640.0
bus 67.0 568.0 199.0 635.0
