sedan 234.0 537.0 256.0 580.0
sedan 226.0 472.0 263.0 514.0
sedan 256.0 477.0 296.0 524.0
sedan 297.0 419.0 339.0 462.0
sedan 296.0 384.0 337.0 427.0
sedan 106.0 122.0 146.0 158.0
sedan 119.0 88.0 163.0 127.0
sedan 194.0 193.0 231.0 231.0
sedan 270.0 255.0 314.0 292.0
sedan 314.0 203.0 351.0 238.0
sedan 461.0 285.0 505.0 323.0
sedan 34.0 20.0 79.0 60.0
sedan 518.0 441.0 563.0 479.0
sedan 581.0 458.0 627.0 498.0
sedan 578.0 530.0 624.0 573.0
sedan 595.0 388.0 639.0 429.0
sedan 701.0 431.0 746.0 471.0
sedan 744.0 470.0 787.0 511.0
sedan 833.0 541.0 871.0 577.0
sedan 874.0 575.0 912.0 612.0
truck 327.0 173.0 381.0 221.0
pickuptruck 403.0 278.0 448.0 318.0
bus 327.0 260.0 437.0 356.0
pickuptruck 173.0 92.0 231.0 141.0
