sedan 229.0 604.0 273.0 640.0
sedan 231.0 509.0 268.0 553.0
sedan 308.0 516.0 353.0 560.0
sedan 306.0 553.0 348.0 597.0
sedan 79.0 145.0 117.0 181.0
sedan 124.0 142.0 161.0 176.0
sedan 315.0 272.0 355.0 310.0
sedan 242.0 299.0 282.0 334.0
sedan 318.0 362.0 362.0 404.0
sedan 249.0 369.0 275.0 408.0
sedan 460.0 393.0 502.0 436.0
sedan 466.0 528.0 508.0 567.0
sedan 724.0 580.0 766.0 618.0
truck 168.0 143.0 219.0 190.0
truck 75.0 179.0 120.0 219.0
pickuptruck 232.0 243.0 275.0 282.0
pickuptruck 16.0 40.0 66.0 88.0
bus 558.0 564.0 653.0 640.0
