sedan 49.0 246.0 95.0 277.0
sedan 130.0 280.0 177.0 312.0
sedan 420.0 337.0 463.0 368.0
sedan 400.0 361.0 447.0 391.0
sedan 396.0 391.0 445.0 422.0
sedan 313.0 449.0 345.0 497.0
sedan 323.0 484.0 353.0 529.0
sedan 260.0 566.0 291.0 612.0
sedan 297.0 549.0 330.0 598.0
sedan 567.0 369.0 613.0 398.0
sedan 618.0 520.0 666.0 557.0
sedan 687.0 423.0 736.0 457.0
sedan 712.0 396.0 756.0 426.0
sedan 763.0 422.0 809.0 456.0
truck 425.0 305.0 483.0 346.0
pickuptruck 517.0 384.0 566.0 416.0
pickuptruck 283.0 279.0 345.0 319.0
sedan 864.0 465.0 908.0 497.0
sedan 910.0 490.0 958.0 517.0
pickuptruck 957.0 520.0 1009.0 554.0
sedan 332.0 563.0 366.0 616.0
bus 166.0 260.0 287.0 335.0
pickuptruck 1100.0 573.0 1137.0 598.0
sedan 1.0 222.0 26.0 244.0
