sedan 614.0 594.0 640.0 640.0
sedan 628.0 528.0 650.0 565.0
sedan 1.0 310.0 36.0 334.0
sedan 133.0 208.0 179.0 234.0
sedan 54.0 151.0 97.0 174.0
sedan 110.0 162.0 157.0 185.0
sedan 191.0 177.0 238.0 201.0
sedan 243.0 253.0 288.0 277.0
sedan 293.0 293.0 335.0 317.0
sedan 405.0 342.0 455.0 371.0
sedan 395.0 378.0 445.0 400.0
sedan 456.0 323.0 497.0 347.0
sedan 395.0 308.0 438.0 334.0
sedan 454.0 271.0 491.0 294.0
sedan 666.0 1.0 689.0 43.0
sedan 682.0 80.0 704.0 121.0
sedan 641.0 315.0 684.0 335.0
sedan 937.0 357.0 984.0 384.0
sedan 882.0 429.0 925.0 454.0
truck 747.0 354.0 797.0 380.0
pickuptruck 663.0 160.0 688.0 208.0
