sedan 651.0 576.0 673.0 623.0
sedan 644.0 507.0 665.0 548.0
sedan 89.0 356.0 137.0 375.0
sedan 379.0 427.0 430.0 445.0
sedan 430.0 387.0 476.0 408.0
sedan 422.0 356.0 463.0 376.0
sedan 356.0 358.0 404.0 379.0
sedan 328.0 313.0 367.0 334.0
sedan 269.0 369.0 314.0 391.0
sedan 123.0 285.0 169.0 306.0
sedan 35.0 292.0 83.0 311.0
sedan 543.0 304.0 585.0 325.0
sedan 807.0 270.0 852.0 292.0
sedan 936.0 341.0 978.0 361.0
sedan 583.0 68.0 602.0 109.0
sedan 547.0 22.0 566.0 63.0
truck 711.0 306.0 760.0 333.0
pickuptruck 586.0 143.0 608.0 193.0
sedan 1.0 296.0 23.0 314.0
sedan 1.0 337.0 27.0 359.0
