pickuptruck 357.0 228.0 394.0 262.0
sedan 378.0 196.0 424.0 236.0
truck 313.0 124.0 349.0 161.0
sedan 480.0 317.0 527.0 351.0
truck 136.0 580.0 172.0 624.0
sedan 235.0 428.0 275.0 474.0
sedan 201.0 479.0 241.0 528.0
sedan 171.0 530.0 207.0 570.0
sedan 592.0 384.0 642.0 417.0
sedan 790.0 424.0 838.0 459.0
sedan 766.0 463.0 821.0 498.0
sedan 893.0 524.0 940.0 556.0
sedan 1105.0 567.0 1137.0 599.0
sedan 1061.0 608.0 1109.0 640.0
sedan 64.0 10.0 106.0 44.0
sedan 147.0 24.0 197.0 67.0
sedan 183.0 102.0 230.0 139.0
