pickuptruck 589.0 83.0 631.0 123.0
pickuptruck 215.0 82.0 262.0 123.0
pickuptruck 178.0 97.0 216.0 132.0
sedan 275.0 170.0 318.0 210.0
sedan 380.0 252.0 427.0 295.0
sedan 492.0 271.0 545.0 306.0
sedan 533.0 347.0 583.0 383.0
sedan 629.0 400.0 674.0 433.0
truck 644.0 327.0 683.0 360.0
truck 136.0 581.0 172.0 623.0
sedan 761.0 463.0 805.0 496.0
sedan 921.0 542.0 968.0 576.0
sedan 738.0 400.0 787.0 439.0
sedan 171.0 531.0 206.0 570.0
sedan 237.0 428.0 275.0 475.0
sedan 202.0 481.0 242.0 530.0
sedan 40.0 1.0 85.0 30.0
