pickuptruck 320.0 156.0 365.0 197.0
pickuptruck 536.0 164.0 562.0 210.0
truck 821.0 414.0 869.0 447.0
pickuptruck 115.0 48.0 155.0 81.0
cementtruck 125.0 10.0 209.0 76.0
sedan 193.0 107.0 240.0 151.0
sedan 284.0 180.0 328.0 222.0
sedan 437.0 288.0 483.0 326.0
sedan 520.0 341.0 566.0 378.0
sedan 634.0 400.0 678.0 435.0
sedan 682.0 373.0 738.0 409.0
sedan 939.0 498.0 992.0 532.0
sedan 754.0 464.0 803.0 500.0
truck 134.0 582.0 172.0 623.0
sedan 236.0 427.0 275.0 474.0
sedan 200.0 481.0 239.0 527.0
sedan 168.0 531.0 206.0 573.0
