sedan 709.0 605.0 756.0 635.0
sedan 635.0 580.0 678.0 607.0
sedan 600.0 613.0 651.0 640.0
sedan 597.0 588.0 637.0 616.0
sedan 483.0 477.0 507.0 524.0
sedan 412.0 323.0 438.0 369.0
sedan 957.0 329.0 1000.0 369.0
sedan 987.0 349.0 1022.0 387.0
sedan 913.0 267.0 954.0 298.0
sedan 1013.0 42.0 1062.0 69.0
sedan 1079.0 68.0 1129.0 100.0
sedan 1029.0 1.0 1075.0 25.0
sedan 890.0 3.0 942.0 32.0
sedan 637.0 122.0 662.0 168.0
sedan 666.0 36.0 690.0 83.0
sedan 474.0 10.0 503.0 60.0
sedan 237.0 536.0 285.0 565.0
sedan 209.0 564.0 255.0 594.0
sedan 171.0 516.0 219.0 542.0
sedan 110.0 501.0 153.0 527.0
sedan 55.0 547.0 101.0 575.0
sedan 41.0 475.0 93.0 502.0
truck 146.0 541.0 204.0 573.0
sedan 1104.0 4.0 1137.0 28.0
sedan 1068.0 140.0 1110.0 166.0
sedan 883.0 139.0 918.0 158.0
sedan 898.0 197.0 922.0 212.0
sedan 908.0 221.0 932.0 240.0
pickuptruck 894.0 245.0 937.0 278.0
sedan 930.0 289.0 966.0 322.0
sedan 906.0 32.0 935.0 54.0
