truck 802.0 148.0 831.0 187.0
truck 821.0 87.0 850.0 132.0
sedan 747.0 304.0 774.0 349.0
sedan 775.0 296.0 802.0 346.0
sedan 740.0 263.0 770.0 307.0
sedan 800.0 221.0 830.0 265.0
sedan 772.0 188.0 802.0 234.0
sedan 910.0 79.0 939.0 126.0
sedan 805.0 501.0 852.0 530.0
sedan 1040.0 580.0 1093.0 613.0
sedan 473.0 491.0 523.0 524.0
sedan 455.0 416.0 503.0 446.0
sedan 168.0 417.0 218.0 448.0
sedan 69.0 367.0 118.0 397.0
sedan 146.0 365.0 195.0 395.0
sedan 285.0 259.0 333.0 287.0
sedan 204.0 229.0 246.0 254.0
sedan 144.0 212.0 190.0 237.0
sedan 22.0 353.0 68.0 383.0
sedan 394.0 1.0 418.0 32.0
sedan 311.0 8.0 330.0 39.0
pickuptruck 261.0 2.0 279.0 28.0
pickuptruck 419.0 1.0 449.0 35.0
sedan 450.0 1.0 477.0 21.0
sedan 1.0 163.0 29.0 187.0
