sedan 541.0 563.0 563.0 614.0
sedan 555.0 481.0 580.0 528.0
sedan 582.0 537.0 605.0 584.0
sedan 1048.0 394.0 1092.0 421.0
sedan 807.0 371.0 850.0 392.0
sedan 808.0 340.0 851.0 364.0
sedan 731.0 355.0 777.0 379.0
sedan 733.0 330.0 773.0 350.0
sedan 34.0 174.0 76.0 196.0
sedan 115.0 187.0 160.0 211.0
sedan 579.0 185.0 599.0 229.0
sedan 557.0 172.0 581.0 209.0
sedan 547.0 139.0 569.0 177.0
sedan 591.0 107.0 612.0 146.0
sedan 561.0 75.0 584.0 115.0
truck 583.0 33.0 602.0 69.0
truck 564.0 595.0 592.0 640.0
sedan 313.0 376.0 367.0 399.0
sedan 1.0 167.0 22.0 189.0
truck 590.0 1.0 608.0 23.0
