sedan 20.0 267.0 70.0 297.0
sedan 199.0 278.0 246.0 305.0
sedan 116.0 331.0 165.0 358.0
sedan 164.0 342.0 212.0 372.0
sedan 263.0 392.0 314.0 425.0
sedan 235.0 188.0 284.0 214.0
sedan 294.0 206.0 339.0 233.0
sedan 377.0 235.0 425.0 262.0
sedan 75.0 138.0 122.0 165.0
sedan 16.0 116.0 67.0 143.0
sedan 567.0 464.0 620.0 498.0
sedan 887.0 309.0 925.0 351.0
sedan 867.0 272.0 894.0 319.0
sedan 840.0 281.0 867.0 321.0
sedan 833.0 238.0 863.0 283.0
sedan 891.0 196.0 924.0 240.0
sedan 865.0 161.0 894.0 209.0
sedan 1032.0 13.0 1063.0 58.0
truck 894.0 120.0 923.0 161.0
truck 911.0 59.0 945.0 104.0
