sedan 328.0 528.0 353.0 573.0
sedan 368.0 540.0 400.0 588.0
sedan 386.0 520.0 413.0 560.0
sedan 419.0 543.0 447.0 590.0
sedan 466.0 279.0 510.0 313.0
sedan 439.0 210.0 484.0 240.0
sedan 737.0 249.0 784.0 281.0
sedan 821.0 215.0 865.0 245.0
sedan 875.0 188.0 920.0 215.0
sedan 1028.0 123.0 1067.0 149.0
sedan 716.0 57.0 764.0 88.0
sedan 823.0 28.0 871.0 59.0
sedan 872.0 9.0 917.0 38.0
sedan 1035.0 44.0 1083.0 75.0
sedan 1083.0 99.0 1128.0 129.0
sedan 1015.0 353.0 1050.0 398.0
sedan 1069.0 464.0 1103.0 508.0
sedan 1094.0 528.0 1133.0 574.0
sedan 823.0 548.0 870.0 574.0
sedan 185.0 209.0 218.0 255.0
sedan 147.0 206.0 179.0 252.0
sedan 157.0 140.0 193.0 188.0
sedan 131.0 83.0 164.0 127.0
sedan 114.0 11.0 148.0 59.0
sedan 65.0 70.0 94.0 116.0
truck 120.0 141.0 161.0 195.0
sedan 908.0 433.0 941.0 461.0
pickuptruck 831.0 521.0 878.0 546.0
sedan 822.0 575.0 861.0 596.0
sedan 809.0 629.0 859.0 640.0
sedan 1037.0 565.0 1068.0 604.0
sedan 1055.0 354.0 1075.0 385.0
sedan 1113.0 442.0 1137.0 486.0
sedan 1004.0 378.0 1028.0 408.0
sedan 405.0 613.0 431.0 640.0
sedan 448.0 621.0 475.0 640.0
