sedan 572.0 572.0 595.0 621.0
sedan 614.0 530.0 639.0 578.0
sedan 585.0 506.0 607.0 552.0
sedan 771.0 321.0 815.0 343.0
sedan 817.0 355.0 865.0 380.0
sedan 589.0 148.0 613.0 188.0
sedan 616.0 135.0 640.0 183.0
sedan 579.0 107.0 603.0 151.0
sedan 628.0 56.0 652.0 101.0
sedan 593.0 28.0 619.0 74.0
sedan 117.0 172.0 164.0 196.0
sedan 28.0 156.0 76.0 179.0
sedan 1.0 195.0 37.0 221.0
minibus 175.0 254.0 248.0 283.0
truck 596.0 586.0 627.0 640.0
sedan 24.0 349.0 65.0 376.0
sedan 351.0 377.0 397.0 399.0
sedan 113.0 438.0 161.0 477.0
sedan 1108.0 444.0 1137.0 468.0
truck 615.0 1.0 638.0 23.0
