pickuptruck 595.0 441.0 620.0 480.0
pickuptruck 621.0 300.0 649.0 347.0
truck 570.0 109.0 592.0 149.0
sedan 562.0 535.0 588.0 580.0
sedan 577.0 496.0 600.0 532.0
sedan 511.0 379.0 539.0 424.0
sedan 471.0 395.0 496.0 436.0
sedan 649.0 250.0 672.0 292.0
sedan 664.0 201.0 688.0 242.0
sedan 608.0 59.0 634.0 103.0
sedan 710.0 46.0 735.0 88.0
sedan 386.0 558.0 415.0 604.0
sedan 536.0 603.0 564.0 640.0
sedan 366.0 614.0 385.0 640.0
sedan 333.0 598.0 365.0 640.0
pickuptruck 1.0 31.0 37.0 77.0
truck 73.0 69.0 118.0 92.0
sedan 101.0 87.0 139.0 119.0
sedan 119.0 102.0 152.0 131.0
