sedan 593.0 561.0 618.0 604.0
sedan 549.0 502.0 572.0 538.0
sedan 597.0 425.0 619.0 462.0
sedan 644.0 358.0 663.0 388.0
sedan 672.0 367.0 690.0 396.0
sedan 775.0 374.0 814.0 395.0
sedan 830.0 389.0 868.0 408.0
sedan 777.0 355.0 812.0 375.0
sedan 839.0 368.0 876.0 388.0
sedan 897.0 382.0 937.0 405.0
sedan 949.0 393.0 991.0 417.0
sedan 684.0 223.0 699.0 248.0
sedan 697.0 169.0 713.0 195.0
sedan 677.0 154.0 693.0 181.0
sedan 702.0 32.0 718.0 53.0
sedan 758.0 25.0 773.0 45.0
truck 620.0 289.0 637.0 319.0
truck 631.0 231.0 651.0 263.0
truck 690.0 275.0 711.0 307.0
sedan 542.0 288.0 575.0 307.0
sedan 422.0 281.0 455.0 297.0
sedan 338.0 296.0 371.0 315.0
sedan 293.0 223.0 329.0 243.0
sedan 236.0 213.0 269.0 231.0
sedan 195.0 202.0 228.0 221.0
sedan 87.0 180.0 118.0 199.0
sedan 51.0 172.0 82.0 188.0
sedan 15.0 167.0 47.0 182.0
sedan 36.0 230.0 71.0 248.0
sedan 195.0 262.0 233.0 284.0
sedan 113.0 294.0 151.0 315.0
sedan 254.0 37.0 272.0 60.0
sedan 280.0 43.0 299.0 65.0
sedan 514.0 6.0 538.0 20.0
pickuptruck 277.0 296.0 310.0 316.0
sedan 265.0 12.0 284.0 32.0
sedan 303.0 18.0 322.0 36.0
sedan 468.0 55.0 488.0 74.0
pickuptruck 190.0 500.0 216.0 530.0
sedan 831.0 562.0 862.0 593.0
