pickuptruck 360.0 112.0 393.0 135.0
truck 589.0 196.0 609.0 227.0
truck 603.0 121.0 628.0 158.0
sedan 499.0 447.0 523.0 485.0
sedan 556.0 368.0 579.0 408.0
sedan 634.0 422.0 656.0 459.0
sedan 632.0 212.0 657.0 246.0
sedan 907.0 238.0 946.0 262.0
sedan 953.0 190.0 992.0 212.0
sedan 902.0 179.0 939.0 200.0
sedan 842.0 164.0 879.0 185.0
sedan 834.0 185.0 869.0 205.0
sedan 777.0 170.0 816.0 191.0
sedan 778.0 152.0 814.0 170.0
sedan 636.0 95.0 657.0 130.0
sedan 704.0 51.0 721.0 77.0
sedan 685.0 25.0 702.0 51.0
sedan 401.0 108.0 435.0 128.0
sedan 409.0 72.0 444.0 89.0
sedan 257.0 74.0 295.0 94.0
sedan 264.0 48.0 299.0 65.0
sedan 281.0 16.0 316.0 37.0
sedan 126.0 48.0 164.0 68.0
sedan 100.0 89.0 140.0 112.0
sedan 219.0 4.0 255.0 24.0
sedan 26.0 22.0 65.0 44.0
sedan 596.0 575.0 622.0 619.0
sedan 521.0 609.0 550.0 640.0
sedan 822.0 351.0 853.0 380.0
pickuptruck 200.0 295.0 225.0 320.0
truck 5.0 460.0 53.0 481.0
sedan 30.0 471.0 72.0 508.0
sedan 41.0 488.0 85.0 517.0
