truck 495.0 105.0 507.0 132.0
truck 493.0 63.0 508.0 94.0
truck 545.0 318.0 563.0 354.0
sedan 565.0 545.0 583.0 588.0
sedan 505.0 455.0 526.0 496.0
sedan 538.0 403.0 557.0 440.0
sedan 474.0 275.0 490.0 307.0
sedan 521.0 276.0 540.0 306.0
sedan 586.0 314.0 619.0 339.0
sedan 644.0 247.0 678.0 261.0
sedan 647.0 266.0 683.0 281.0
sedan 699.0 268.0 735.0 282.0
sedan 705.0 248.0 741.0 264.0
sedan 763.0 250.0 801.0 267.0
sedan 821.0 252.0 860.0 270.0
sedan 419.0 215.0 452.0 238.0
sedan 475.0 151.0 490.0 181.0
sedan 79.0 266.0 120.0 284.0
sedan 121.0 202.0 159.0 221.0
sedan 51.0 200.0 88.0 218.0
sedan 3.0 201.0 41.0 218.0
sedan 1045.0 232.0 1084.0 250.0
sedan 28.0 7.0 48.0 31.0
sedan 60.0 8.0 79.0 32.0
sedan 499.0 215.0 516.0 247.0
sedan 525.0 218.0 541.0 250.0
pickuptruck 74.0 512.0 105.0 538.0
sedan 729.0 433.0 760.0 460.0
