sedan 1048.0 613.0 1097.0 640.0
sedan 908.0 558.0 958.0 592.0
sedan 664.0 476.0 712.0 506.0
sedan 421.0 498.0 475.0 532.0
sedan 491.0 452.0 541.0 485.0
sedan 117.0 423.0 167.0 455.0
sedan 140.0 388.0 189.0 414.0
sedan 16.0 371.0 67.0 402.0
sedan 236.0 265.0 282.0 292.0
sedan 152.0 233.0 198.0 262.0
sedan 91.0 217.0 143.0 244.0
sedan 697.0 313.0 726.0 351.0
sedan 725.0 305.0 752.0 351.0
sedan 692.0 269.0 721.0 313.0
sedan 750.0 227.0 780.0 273.0
sedan 722.0 195.0 752.0 242.0
sedan 880.0 27.0 907.0 72.0
truck 753.0 156.0 779.0 194.0
truck 770.0 94.0 799.0 139.0
sedan 259.0 13.0 280.0 48.0
pickuptruck 205.0 8.0 229.0 44.0
sedan 151.0 1.0 177.0 33.0
sedan 344.0 4.0 370.0 39.0
pickuptruck 367.0 1.0 395.0 40.0
sedan 397.0 1.0 425.0 25.0
