sedan 555.0 526.0 576.0 568.0
sedan 569.0 609.0 595.0 640.0
sedan 602.0 467.0 627.0 508.0
sedan 567.0 439.0 591.0 482.0
sedan 541.0 406.0 564.0 450.0
sedan 1003.0 389.0 1046.0 417.0
sedan 864.0 360.0 907.0 383.0
sedan 788.0 374.0 829.0 393.0
sedan 797.0 348.0 838.0 369.0
sedan 726.0 337.0 767.0 358.0
sedan 726.0 361.0 769.0 382.0
sedan 599.0 295.0 620.0 331.0
sedan 554.0 250.0 575.0 281.0
sedan 549.0 210.0 569.0 242.0
sedan 588.0 188.0 610.0 221.0
sedan 568.0 149.0 586.0 183.0
sedan 10.0 271.0 51.0 292.0
sedan 53.0 203.0 91.0 225.0
sedan 102.0 210.0 141.0 231.0
sedan 172.0 219.0 213.0 242.0
truck 583.0 529.0 607.0 578.0
truck 587.0 108.0 605.0 138.0
truck 593.0 68.0 612.0 103.0
sedan 343.0 5.0 374.0 23.0
sedan 804.0 577.0 825.0 608.0
