pickuptruck 194.0 202.0 229.0 222.0
truck 620.0 144.0 635.0 173.0
truck 627.0 96.0 644.0 127.0
sedan 560.0 554.0 584.0 598.0
sedan 626.0 543.0 647.0 583.0
sedan 603.0 360.0 624.0 394.0
sedan 637.0 346.0 656.0 374.0
sedan 561.0 329.0 580.0 361.0
sedan 600.0 265.0 620.0 297.0
sedan 732.0 320.0 772.0 336.0
sedan 754.0 283.0 794.0 303.0
sedan 812.0 296.0 847.0 315.0
sedan 757.0 265.0 790.0 282.0
sedan 818.0 277.0 857.0 296.0
sedan 879.0 289.0 916.0 310.0
sedan 929.0 299.0 968.0 320.0
sedan 578.0 180.0 603.0 206.0
sedan 646.0 204.0 661.0 230.0
sedan 656.0 148.0 675.0 178.0
sedan 710.0 1.0 725.0 21.0
sedan 479.0 208.0 513.0 221.0
sedan 270.0 203.0 304.0 225.0
sedan 268.0 142.0 302.0 161.0
sedan 205.0 129.0 242.0 148.0
sedan 163.0 122.0 197.0 141.0
sedan 108.0 171.0 148.0 192.0
sedan 85.0 215.0 125.0 236.0
sedan 51.0 104.0 85.0 120.0
sedan 11.0 93.0 45.0 111.0
truck 656.0 259.0 677.0 294.0
sedan 809.0 464.0 840.0 492.0
pickuptruck 178.0 417.0 208.0 448.0
sedan 1.0 610.0 35.0 639.0
