sedan 793.0 435.0 837.0 461.0
sedan 988.0 499.0 1036.0 524.0
sedan 117.0 457.0 152.0 504.0
sedan 278.0 480.0 331.0 508.0
sedan 102.0 353.0 152.0 378.0
sedan 312.0 363.0 362.0 387.0
sedan 568.0 462.0 613.0 487.0
sedan 50.0 277.0 100.0 302.0
sedan 526.0 250.0 551.0 294.0
sedan 553.0 236.0 577.0 285.0
sedan 515.0 210.0 541.0 253.0
sedan 565.0 158.0 588.0 205.0
sedan 530.0 131.0 554.0 177.0
truck 554.0 86.0 575.0 125.0
truck 558.0 23.0 584.0 68.0
minibus 519.0 413.0 590.0 448.0
sedan 1005.0 536.0 1050.0 563.0
sedan 26.0 22.0 53.0 59.0
pickuptruck 135.0 1.0 166.0 30.0
sedan 115.0 3.0 140.0 36.0
