sedan 576.0 586.0 599.0 629.0
sedan 530.0 479.0 554.0 524.0
sedan 562.0 490.0 582.0 528.0
sedan 610.0 450.0 637.0 484.0
sedan 578.0 409.0 599.0 447.0
sedan 970.0 385.0 1012.0 412.0
sedan 857.0 366.0 896.0 386.0
sedan 792.0 354.0 834.0 377.0
sedan 784.0 378.0 824.0 398.0
sedan 725.0 366.0 765.0 389.0
sedan 724.0 344.0 763.0 365.0
sedan 554.0 277.0 573.0 309.0
sedan 608.0 258.0 627.0 290.0
sedan 543.0 237.0 568.0 268.0
sedan 587.0 219.0 606.0 250.0
sedan 568.0 171.0 586.0 205.0
sedan 354.0 31.0 383.0 49.0
sedan 1.0 331.0 30.0 356.0
sedan 58.0 285.0 96.0 305.0
sedan 68.0 217.0 109.0 236.0
sedan 118.0 224.0 157.0 243.0
sedan 186.0 232.0 224.0 255.0
truck 588.0 508.0 612.0 556.0
truck 587.0 131.0 603.0 160.0
truck 593.0 92.0 610.0 124.0
sedan 118.0 8.0 141.0 36.0
sedan 152.0 15.0 174.0 40.0
sedan 799.0 578.0 824.0 606.0
