sedan 574.0 547.0 595.0 588.0
sedan 596.0 569.0 618.0 613.0
sedan 628.0 596.0 650.0 640.0
sedan 581.0 471.0 606.0 518.0
sedan 595.0 408.0 619.0 454.0
sedan 626.0 436.0 648.0 482.0
truck 607.0 491.0 634.0 545.0
sedan 775.0 256.0 824.0 280.0
sedan 779.0 230.0 823.0 251.0
sedan 1101.0 306.0 1137.0 334.0
sedan 355.0 278.0 407.0 305.0
sedan 133.0 80.0 179.0 106.0
sedan 43.0 65.0 91.0 90.0
sedan 598.0 56.0 622.0 96.0
sedan 625.0 46.0 648.0 93.0
sedan 590.0 17.0 612.0 60.0
sedan 1.0 60.0 33.0 77.0
sedan 555.0 613.0 580.0 640.0
