pickuptruck 305.0 330.0 340.0 348.0
truck 613.0 346.0 631.0 376.0
truck 623.0 289.0 642.0 320.0
truck 702.0 264.0 720.0 293.0
sedan 533.0 578.0 558.0 616.0
sedan 584.0 495.0 609.0 534.0
sedan 608.0 537.0 632.0 579.0
sedan 954.0 420.0 992.0 442.0
sedan 900.0 407.0 940.0 430.0
sedan 841.0 393.0 877.0 415.0
sedan 833.0 414.0 869.0 433.0
sedan 776.0 400.0 815.0 420.0
sedan 776.0 381.0 812.0 400.0
sedan 681.0 356.0 699.0 383.0
sedan 656.0 340.0 675.0 369.0
sedan 663.0 228.0 682.0 256.0
sedan 693.0 218.0 708.0 241.0
sedan 707.0 166.0 723.0 188.0
sedan 693.0 85.0 707.0 103.0
sedan 772.0 28.0 786.0 45.0
sedan 505.0 318.0 540.0 335.0
sedan 362.0 328.0 395.0 348.0
sedan 377.0 300.0 411.0 316.0
sedan 295.0 252.0 327.0 272.0
sedan 236.0 240.0 270.0 258.0
sedan 197.0 231.0 229.0 250.0
sedan 221.0 295.0 259.0 317.0
sedan 115.0 322.0 151.0 340.0
sedan 77.0 266.0 110.0 285.0
sedan 89.0 209.0 120.0 227.0
sedan 52.0 203.0 84.0 219.0
sedan 19.0 195.0 49.0 212.0
sedan 256.0 72.0 275.0 92.0
sedan 283.0 75.0 301.0 97.0
sedan 514.0 39.0 537.0 51.0
sedan 526.0 24.0 551.0 36.0
sedan 319.0 9.0 334.0 28.0
sedan 306.0 7.0 321.0 24.0
sedan 455.0 13.0 470.0 30.0
pickuptruck 188.0 526.0 215.0 554.0
sedan 830.0 581.0 864.0 619.0
