pickuptruck 453.0 340.0 486.0 383.0
pickuptruck 241.0 72.0 291.0 100.0
pickuptruck 912.0 163.0 972.0 201.0
truck 791.0 214.0 858.0 255.0
bus 717.0 183.0 835.0 249.0
sedan 673.0 269.0 716.0 298.0
sedan 651.0 246.0 694.0 275.0
sedan 635.0 559.0 665.0 605.0
sedan 592.0 548.0 621.0 591.0
sedan 591.0 460.0 619.0 501.0
sedan 507.0 341.0 536.0 384.0
sedan 420.0 218.0 449.0 259.0
sedan 391.0 152.0 424.0 200.0
sedan 337.0 185.0 366.0 229.0
sedan 340.0 27.0 369.0 70.0
sedan 303.0 22.0 334.0 67.0
sedan 317.0 459.0 362.0 492.0
sedan 317.0 492.0 362.0 519.0
sedan 59.0 599.0 107.0 632.0
sedan 192.0 585.0 236.0 616.0
sedan 656.0 612.0 684.0 640.0
