sedan 582.0 520.0 604.0 567.0
sedan 610.0 509.0 633.0 556.0
sedan 1017.0 374.0 1061.0 392.0
sedan 920.0 328.0 959.0 348.0
sedan 676.0 361.0 719.0 380.0
sedan 610.0 340.0 653.0 362.0
sedan 632.0 309.0 672.0 328.0
sedan 626.0 289.0 665.0 308.0
sedan 749.0 239.0 788.0 258.0
sedan 717.0 289.0 761.0 307.0
sedan 461.0 376.0 504.0 396.0
sedan 453.0 341.0 495.0 360.0
sedan 302.0 329.0 348.0 351.0
sedan 582.0 190.0 613.0 230.0
sedan 498.0 153.0 517.0 196.0
sedan 525.0 139.0 545.0 181.0
sedan 496.0 99.0 514.0 144.0
sedan 456.0 5.0 475.0 45.0
truck 580.0 590.0 607.0 640.0
truck 904.0 258.0 943.0 279.0
pickuptruck 875.0 200.0 907.0 240.0
bus 610.0 571.0 646.0 640.0
sedan 1039.0 191.0 1081.0 212.0
