pickuptruck 568.0 487.0 604.0 506.0
pickuptruck 702.0 471.0 753.0 497.0
sedan 764.0 483.0 808.0 503.0
sedan 815.0 486.0 858.0 504.0
sedan 984.0 485.0 1027.0 505.0
sedan 669.0 421.0 713.0 443.0
sedan 511.0 486.0 548.0 505.0
sedan 464.0 486.0 507.0 503.0
sedan 387.0 480.0 437.0 502.0
sedan 335.0 482.0 373.0 500.0
sedan 298.0 425.0 344.0 445.0
sedan 133.0 480.0 177.0 499.0
sedan 81.0 481.0 125.0 499.0
sedan 25.0 478.0 71.0 497.0
sedan 114.0 324.0 156.0 343.0
sedan 289.0 316.0 327.0 338.0
sedan 335.0 319.0 376.0 335.0
sedan 392.0 326.0 436.0 344.0
sedan 345.0 292.0 381.0 307.0
sedan 297.0 236.0 333.0 276.0
sedan 282.0 226.0 315.0 259.0
sedan 265.0 211.0 302.0 248.0
sedan 249.0 197.0 281.0 233.0
