pickuptruck 723.0 418.0 785.0 450.0
pickuptruck 291.0 578.0 314.0 623.0
truck 621.0 398.0 680.0 428.0
bus 609.0 354.0 724.0 404.0
sedan 557.0 380.0 600.0 404.0
sedan 554.0 349.0 597.0 374.0
sedan 414.0 335.0 435.0 376.0
sedan 351.0 599.0 382.0 640.0
sedan 374.0 518.0 401.0 565.0
sedan 344.0 488.0 367.0 533.0
sedan 375.0 226.0 398.0 266.0
sedan 354.0 193.0 383.0 236.0
sedan 367.0 107.0 390.0 149.0
sedan 333.0 117.0 357.0 159.0
sedan 405.0 66.0 429.0 109.0
sedan 448.0 13.0 472.0 54.0
sedan 163.0 368.0 210.0 391.0
sedan 152.0 332.0 203.0 359.0
sedan 57.0 344.0 105.0 370.0
sedan 1088.0 149.0 1111.0 191.0
sedan 1043.0 135.0 1064.0 175.0
sedan 855.0 63.0 891.0 103.0
sedan 1079.0 31.0 1121.0 54.0
sedan 1.0 372.0 22.0 391.0
sedan 891.0 77.0 913.0 109.0
sedan 823.0 26.0 852.0 58.0
sedan 805.0 8.0 838.0 39.0
pickuptruck 342.0 1.0 368.0 29.0
sedan 424.0 1.0 441.0 28.0
