truck 903.0 191.0 970.0 230.0
pickuptruck 312.0 57.0 362.0 90.0
pickuptruck 1027.0 141.0 1090.0 179.0
bus 813.0 166.0 932.0 231.0
sedan 755.0 256.0 799.0 284.0
sedan 728.0 235.0 772.0 264.0
sedan 716.0 556.0 745.0 600.0
sedan 676.0 550.0 705.0 593.0
sedan 678.0 472.0 707.0 515.0
sedan 606.0 386.0 638.0 431.0
sedan 273.0 572.0 315.0 603.0
sedan 372.0 489.0 418.0 519.0
sedan 394.0 448.0 440.0 479.0
sedan 67.0 617.0 115.0 640.0
sedan 497.0 203.0 525.0 244.0
sedan 470.0 140.0 501.0 186.0
sedan 414.0 172.0 444.0 217.0
sedan 408.0 1.0 439.0 39.0
sedan 376.0 1.0 403.0 27.0
pickuptruck 513.0 290.0 542.0 331.0
sedan 738.0 612.0 764.0 640.0
