truck 300.0 225.0 334.0 245.0
sedan 76.0 598.0 98.0 640.0
sedan 245.0 291.0 286.0 325.0
sedan 229.0 251.0 272.0 273.0
sedan 348.0 198.0 391.0 217.0
sedan 408.0 259.0 452.0 279.0
sedan 383.0 391.0 431.0 414.0
sedan 320.0 448.0 368.0 467.0
sedan 383.0 450.0 428.0 470.0
sedan 485.0 451.0 531.0 470.0
sedan 511.0 262.0 555.0 283.0
sedan 586.0 264.0 631.0 283.0
sedan 693.0 457.0 737.0 476.0
sedan 743.0 459.0 786.0 479.0
sedan 804.0 461.0 847.0 482.0
sedan 854.0 463.0 899.0 485.0
sedan 780.0 182.0 825.0 200.0
sedan 971.0 468.0 1017.0 487.0
sedan 760.0 17.0 800.0 36.0
sedan 761.0 40.0 801.0 59.0
truck 541.0 452.0 588.0 474.0
sedan 754.0 1.0 798.0 14.0
sedan 717.0 22.0 744.0 41.0
