sedan 395.0 5.0 431.0 40.0
sedan 438.0 345.0 475.0 383.0
sedan 481.0 321.0 515.0 354.0
sedan 620.0 222.0 647.0 262.0
sedan 645.0 208.0 674.0 253.0
sedan 704.0 199.0 723.0 238.0
sedan 727.0 196.0 748.0 240.0
pickuptruck 755.0 193.0 777.0 235.0
sedan 780.0 197.0 798.0 242.0
sedan 806.0 216.0 826.0 250.0
sedan 859.0 227.0 887.0 269.0
pickuptruck 902.0 253.0 935.0 297.0
sedan 944.0 288.0 977.0 328.0
sedan 986.0 326.0 1025.0 368.0
sedan 962.0 302.0 1002.0 346.0
sedan 877.0 389.0 917.0 428.0
sedan 918.0 422.0 952.0 458.0
sedan 876.0 479.0 917.0 525.0
sedan 821.0 431.0 863.0 474.0
sedan 767.0 382.0 806.0 426.0
sedan 544.0 430.0 580.0 468.0
sedan 452.0 516.0 484.0 553.0
sedan 460.0 537.0 502.0 578.0
sedan 498.0 573.0 536.0 611.0
sedan 516.0 589.0 553.0 629.0
sedan 651.0 545.0 689.0 584.0
sedan 689.0 574.0 728.0 619.0
sedan 768.0 556.0 802.0 595.0
sedan 704.0 594.0 748.0 635.0
sedan 730.0 612.0 766.0 640.0
