truck 903.0 432.0 950.0 479.0
sedan 829.0 545.0 868.0 587.0
sedan 863.0 577.0 899.0 624.0
sedan 961.0 494.0 996.0 537.0
sedan 506.0 341.0 540.0 387.0
sedan 533.0 329.0 562.0 363.0
sedan 434.0 367.0 456.0 411.0
sedan 293.0 355.0 319.0 396.0
sedan 259.0 207.0 291.0 248.0
sedan 174.0 300.0 214.0 338.0
sedan 223.0 184.0 255.0 224.0
sedan 251.0 125.0 288.0 167.0
sedan 304.0 159.0 341.0 202.0
sedan 364.0 194.0 396.0 232.0
sedan 643.0 216.0 679.0 246.0
sedan 675.0 180.0 710.0 213.0
sedan 567.0 121.0 596.0 161.0
sedan 633.0 40.0 662.0 74.0
sedan 617.0 22.0 650.0 60.0
sedan 580.0 3.0 613.0 36.0
sedan 560.0 1.0 594.0 28.0
sedan 452.0 43.0 484.0 79.0
sedan 415.0 22.0 451.0 61.0
sedan 398.0 13.0 432.0 44.0
sedan 351.0 50.0 387.0 89.0
sedan 337.0 38.0 369.0 75.0
sedan 376.0 1.0 416.0 33.0
sedan 203.0 314.0 232.0 347.0
pickuptruck 242.0 333.0 276.0 371.0
sedan 355.0 372.0 374.0 399.0
sedan 384.0 371.0 401.0 408.0
pickuptruck 405.0 374.0 431.0 417.0
sedan 457.0 362.0 479.0 402.0
sedan 158.0 279.0 191.0 315.0
