truck 254.0 175.0 287.0 202.0
sedan 127.0 351.0 175.0 385.0
sedan 182.0 378.0 223.0 408.0
sedan 265.0 418.0 309.0 447.0
sedan 449.0 510.0 491.0 542.0
sedan 494.0 534.0 536.0 566.0
sedan 1.0 242.0 38.0 276.0
sedan 218.0 188.0 257.0 213.0
sedan 239.0 228.0 276.0 254.0
sedan 320.0 240.0 362.0 267.0
sedan 547.0 560.0 591.0 596.0
sedan 591.0 586.0 639.0 618.0
sedan 650.0 299.0 695.0 329.0
sedan 649.0 132.0 691.0 159.0
sedan 697.0 174.0 732.0 197.0
sedan 700.0 150.0 743.0 179.0
sedan 714.0 132.0 751.0 156.0
sedan 996.0 144.0 1019.0 183.0
sedan 1033.0 155.0 1061.0 192.0
truck 313.0 441.0 356.0 472.0
sedan 675.0 80.0 713.0 109.0
