pickuptruck 364.0 497.0 400.0 514.0
pickuptruck 498.0 483.0 548.0 503.0
sedan 135.0 490.0 172.0 505.0
sedan 187.0 489.0 236.0 507.0
sedan 261.0 492.0 305.0 512.0
sedan 311.0 494.0 346.0 513.0
sedan 370.0 438.0 414.0 456.0
sedan 560.0 491.0 600.0 510.0
sedan 610.0 494.0 651.0 514.0
sedan 689.0 428.0 734.0 450.0
sedan 776.0 492.0 819.0 514.0
pickuptruck 1116.0 225.0 1134.0 266.0
sedan 191.0 333.0 236.0 354.0
sedan 138.0 325.0 176.0 342.0
sedan 90.0 324.0 127.0 345.0
sedan 65.0 224.0 98.0 257.0
sedan 82.0 237.0 112.0 269.0
sedan 48.0 208.0 79.0 239.0
