truck 1021.0 225.0 1067.0 263.0
sedan 435.0 11.0 463.0 45.0
sedan 465.0 1.0 494.0 24.0
sedan 184.0 203.0 223.0 235.0
sedan 213.0 254.0 257.0 288.0
sedan 256.0 203.0 292.0 234.0
sedan 265.0 225.0 305.0 257.0
sedan 279.0 241.0 313.0 272.0
sedan 361.0 349.0 407.0 383.0
sedan 519.0 585.0 565.0 622.0
sedan 563.0 557.0 609.0 596.0
sedan 666.0 494.0 710.0 530.0
sedan 900.0 99.0 941.0 129.0
sedan 1016.0 136.0 1051.0 168.0
sedan 1066.0 74.0 1106.0 97.0
sedan 967.0 265.0 1007.0 300.0
sedan 1052.0 174.0 1093.0 208.0
sedan 466.0 616.0 510.0 640.0
