sedan 537.0 299.0 566.0 335.0
sedan 488.0 311.0 520.0 354.0
sedan 562.0 424.0 602.0 458.0
sedan 455.0 482.0 490.0 512.0
sedan 455.0 507.0 500.0 543.0
sedan 483.0 550.0 524.0 583.0
sedan 492.0 571.0 539.0 606.0
sedan 638.0 567.0 678.0 600.0
sedan 698.0 239.0 719.0 281.0
sedan 726.0 232.0 747.0 278.0
sedan 784.0 239.0 803.0 278.0
sedan 809.0 247.0 827.0 288.0
pickuptruck 836.0 249.0 858.0 290.0
sedan 855.0 261.0 882.0 302.0
sedan 877.0 272.0 908.0 318.0
sedan 923.0 308.0 967.0 352.0
pickuptruck 962.0 353.0 1003.0 390.0
sedan 996.0 394.0 1045.0 429.0
sedan 1010.0 417.0 1056.0 451.0
sedan 1028.0 447.0 1067.0 481.0
sedan 901.0 477.0 946.0 511.0
sedan 932.0 521.0 974.0 550.0
sedan 794.0 443.0 839.0 477.0
sedan 833.0 501.0 881.0 537.0
sedan 875.0 565.0 925.0 603.0
sedan 748.0 606.0 789.0 638.0
sedan 665.0 607.0 711.0 640.0
sedan 447.0 20.0 486.0 50.0
sedan 522.0 1.0 566.0 22.0
