truck 318.0 207.0 355.0 228.0
sedan 361.0 179.0 402.0 200.0
sedan 280.0 234.0 323.0 252.0
sedan 242.0 342.0 291.0 373.0
sedan 255.0 266.0 296.0 289.0
sedan 422.0 240.0 467.0 261.0
sedan 514.0 243.0 555.0 262.0
sedan 585.0 245.0 631.0 263.0
sedan 63.0 572.0 89.0 622.0
sedan 309.0 427.0 360.0 446.0
sedan 373.0 429.0 420.0 448.0
sedan 476.0 429.0 515.0 448.0
sedan 682.0 436.0 723.0 453.0
sedan 729.0 438.0 775.0 456.0
sedan 792.0 440.0 835.0 458.0
sedan 841.0 441.0 886.0 461.0
sedan 769.0 163.0 813.0 182.0
sedan 751.0 24.0 789.0 43.0
sedan 956.0 447.0 1003.0 466.0
truck 531.0 432.0 576.0 453.0
sedan 714.0 4.0 735.0 22.0
sedan 748.0 2.0 789.0 21.0
