sedan 573.0 455.0 607.0 498.0
sedan 596.0 434.0 627.0 474.0
sedan 1011.0 483.0 1058.0 506.0
sedan 304.0 435.0 347.0 469.0
sedan 415.0 356.0 456.0 392.0
sedan 377.0 349.0 417.0 380.0
sedan 367.0 312.0 410.0 349.0
sedan 491.0 326.0 532.0 358.0
sedan 533.0 236.0 570.0 266.0
sedan 498.0 194.0 541.0 215.0
sedan 581.0 190.0 621.0 216.0
sedan 663.0 153.0 704.0 182.0
sedan 680.0 205.0 716.0 235.0
sedan 599.0 126.0 636.0 155.0
sedan 333.0 168.0 363.0 210.0
sedan 350.0 142.0 382.0 183.0
sedan 303.0 121.0 336.0 162.0
sedan 221.0 45.0 251.0 83.0
pickuptruck 701.0 42.0 723.0 83.0
pickuptruck 646.0 590.0 692.0 640.0
truck 601.0 514.0 650.0 580.0
bus 624.0 481.0 702.0 596.0
sedan 883.0 123.0 922.0 157.0
truck 882.0 1.0 924.0 27.0
pickuptruck 1028.0 373.0 1060.0 395.0
sedan 1020.0 401.0 1060.0 422.0
sedan 1030.0 427.0 1056.0 446.0
sedan 1039.0 516.0 1066.0 533.0
sedan 1042.0 355.0 1068.0 372.0
sedan 1078.0 280.0 1109.0 307.0
