sedan 88.0 152.0 118.0 191.0
sedan 140.0 203.0 180.0 236.0
sedan 90.0 336.0 118.0 367.0
sedan 393.0 530.0 432.0 574.0
sedan 493.0 443.0 527.0 485.0
sedan 545.0 395.0 578.0 438.0
sedan 572.0 390.0 600.0 423.0
sedan 512.0 430.0 544.0 470.0
sedan 641.0 485.0 677.0 523.0
sedan 522.0 587.0 557.0 630.0
sedan 483.0 622.0 513.0 640.0
sedan 731.0 386.0 770.0 422.0
sedan 760.0 431.0 795.0 466.0
sedan 845.0 29.0 874.0 66.0
sedan 907.0 91.0 943.0 129.0
sedan 855.0 590.0 903.0 619.0
sedan 866.0 617.0 917.0 640.0
