truck 222.0 355.0 256.0 377.0
sedan 44.0 391.0 88.0 410.0
sedan 125.0 338.0 167.0 355.0
sedan 30.0 595.0 85.0 613.0
sedan 101.0 592.0 148.0 608.0
sedan 211.0 587.0 254.0 605.0
sedan 427.0 580.0 470.0 599.0
sedan 475.0 577.0 523.0 598.0
sedan 540.0 577.0 585.0 596.0
sedan 593.0 576.0 641.0 595.0
sedan 716.0 576.0 764.0 596.0
sedan 508.0 373.0 550.0 402.0
sedan 518.0 292.0 563.0 310.0
sedan 441.0 141.0 481.0 159.0
sedan 497.0 136.0 537.0 152.0
sedan 501.0 156.0 536.0 176.0
sedan 500.0 111.0 535.0 129.0
sedan 753.0 12.0 771.0 47.0
sedan 790.0 7.0 807.0 39.0
sedan 174.0 386.0 221.0 407.0
sedan 1094.0 527.0 1137.0 550.0
truck 262.0 583.0 315.0 603.0
sedan 440.0 82.0 477.0 101.0
