pickuptruck 922.0 297.0 962.0 335.0
sedan 1049.0 492.0 1095.0 513.0
sedan 1028.0 433.0 1070.0 452.0
sedan 1092.0 315.0 1137.0 335.0
sedan 792.0 311.0 834.0 333.0
sedan 768.0 427.0 811.0 450.0
sedan 716.0 395.0 760.0 414.0
sedan 713.0 346.0 753.0 369.0
sedan 666.0 363.0 707.0 382.0
sedan 611.0 558.0 632.0 605.0
sedan 581.0 563.0 603.0 612.0
sedan 553.0 406.0 596.0 426.0
sedan 611.0 340.0 654.0 357.0
sedan 484.0 366.0 524.0 384.0
sedan 259.0 326.0 304.0 346.0
sedan 631.0 196.0 649.0 235.0
sedan 585.0 179.0 605.0 220.0
sedan 557.0 191.0 576.0 232.0
sedan 562.0 139.0 581.0 183.0
sedan 572.0 49.0 590.0 86.0
sedan 539.0 38.0 558.0 78.0
truck 872.0 350.0 911.0 372.0
