truck 613.0 381.0 691.0 447.0
minibus 430.0 312.0 490.0 364.0
sedan 160.0 198.0 192.0 230.0
sedan 502.0 48.0 527.0 75.0
sedan 313.0 456.0 351.0 492.0
sedan 362.0 499.0 396.0 531.0
sedan 51.0 176.0 82.0 201.0
sedan 43.0 201.0 72.0 228.0
sedan 43.0 439.0 85.0 476.0
sedan 729.0 504.0 775.0 530.0
sedan 509.0 375.0 552.0 413.0
sedan 492.0 329.0 531.0 358.0
sedan 437.0 287.0 469.0 317.0
sedan 261.0 123.0 296.0 148.0
pickuptruck 414.0 340.0 448.0 370.0
sedan 1.0 180.0 23.0 208.0
sedan 52.0 230.0 86.0 261.0
sedan 83.0 257.0 110.0 282.0
truck 78.0 191.0 150.0 257.0
sedan 22.0 204.0 48.0 230.0
sedan 156.0 44.0 183.0 66.0
sedan 433.0 550.0 471.0 586.0
truck 471.0 585.0 513.0 626.0
sedan 858.0 340.0 897.0 372.0
sedan 898.0 296.0 925.0 319.0
sedan 902.0 393.0 937.0 414.0
sedan 905.0 368.0 948.0 401.0
sedan 920.0 350.0 957.0 379.0
