truck 1.0 254.0 29.0 305.0
sedan 221.0 312.0 268.0 342.0
sedan 230.0 232.0 270.0 256.0
sedan 371.0 254.0 415.0 280.0
sedan 368.0 366.0 413.0 394.0
sedan 202.0 108.0 242.0 133.0
sedan 292.0 113.0 329.0 134.0
sedan 42.0 156.0 81.0 182.0
sedan 147.0 63.0 187.0 91.0
sedan 741.0 219.0 783.0 244.0
sedan 566.0 446.0 604.0 468.0
sedan 611.0 463.0 650.0 489.0
sedan 664.0 485.0 706.0 513.0
sedan 709.0 506.0 756.0 536.0
sedan 825.0 555.0 873.0 582.0
sedan 775.0 85.0 806.0 107.0
sedan 776.0 61.0 813.0 85.0
sedan 1068.0 33.0 1096.0 75.0
sedan 1108.0 41.0 1131.0 78.0
sedan 281.0 333.0 320.0 362.0
truck 418.0 386.0 466.0 418.0
sedan 728.0 47.0 762.0 73.0
sedan 782.0 42.0 822.0 64.0
