sedan 65.0 412.0 108.0 440.0
sedan 125.0 503.0 174.0 533.0
sedan 148.0 541.0 189.0 562.0
sedan 259.0 507.0 302.0 532.0
sedan 266.0 319.0 307.0 346.0
sedan 252.0 355.0 297.0 382.0
sedan 346.0 532.0 392.0 555.0
sedan 408.0 510.0 452.0 540.0
sedan 523.0 417.0 564.0 440.0
sedan 506.0 484.0 545.0 505.0
sedan 704.0 418.0 747.0 443.0
sedan 749.0 404.0 795.0 430.0
sedan 721.0 214.0 769.0 243.0
sedan 700.0 129.0 742.0 160.0
sedan 808.0 388.0 852.0 410.0
sedan 856.0 374.0 900.0 400.0
sedan 969.0 341.0 1010.0 368.0
sedan 953.0 92.0 1002.0 121.0
truck 560.0 460.0 602.0 491.0
sedan 581.0 1.0 617.0 21.0
sedan 637.0 3.0 677.0 31.0
