sedan 83.0 367.0 122.0 413.0
sedan 1.0 509.0 34.0 555.0
sedan 44.0 159.0 87.0 189.0
sedan 6.0 138.0 45.0 168.0
sedan 334.0 270.0 381.0 307.0
sedan 363.0 344.0 407.0 379.0
sedan 419.0 373.0 459.0 406.0
sedan 502.0 203.0 546.0 236.0
sedan 506.0 420.0 541.0 451.0
sedan 709.0 325.0 754.0 358.0
sedan 692.0 524.0 732.0 558.0
sedan 734.0 549.0 778.0 584.0
sedan 790.0 579.0 835.0 616.0
sedan 835.0 606.0 880.0 640.0
sedan 820.0 517.0 868.0 554.0
sedan 899.0 314.0 945.0 347.0
sedan 948.0 178.0 989.0 203.0
sedan 957.0 154.0 1000.0 182.0
sedan 967.0 129.0 1012.0 161.0
sedan 125.0 147.0 172.0 182.0
sedan 1.0 107.0 22.0 131.0
sedan 1.0 42.0 26.0 65.0
truck 553.0 446.0 597.0 483.0
sedan 927.0 67.0 968.0 96.0
sedan 914.0 133.0 944.0 163.0
