truck 119.0 320.0 159.0 372.0
sedan 335.0 464.0 382.0 482.0
sedan 399.0 470.0 441.0 487.0
sedan 495.0 478.0 538.0 492.0
sedan 709.0 495.0 750.0 516.0
sedan 761.0 502.0 805.0 521.0
sedan 823.0 508.0 867.0 528.0
sedan 871.0 510.0 915.0 535.0
sedan 992.0 527.0 1041.0 547.0
sedan 812.0 222.0 860.0 244.0
sedan 802.0 78.0 840.0 98.0
sedan 799.0 58.0 844.0 78.0
sedan 802.0 32.0 842.0 49.0
sedan 81.0 595.0 107.0 640.0
truck 557.0 480.0 599.0 503.0
sedan 23.0 168.0 72.0 189.0
sedan 1.0 348.0 25.0 372.0
sedan 741.0 1.0 782.0 12.0
sedan 759.0 54.0 786.0 74.0
