sedan 89.0 472.0 126.0 516.0
sedan 54.0 269.0 100.0 284.0
sedan 251.0 357.0 273.0 397.0
sedan 313.0 274.0 357.0 296.0
sedan 274.0 209.0 315.0 229.0
sedan 456.0 280.0 496.0 297.0
sedan 330.0 467.0 376.0 487.0
sedan 394.0 470.0 438.0 487.0
sedan 496.0 469.0 538.0 487.0
sedan 650.0 427.0 699.0 450.0
sedan 567.0 280.0 614.0 299.0
sedan 705.0 476.0 748.0 493.0
sedan 755.0 479.0 798.0 496.0
sedan 816.0 479.0 858.0 497.0
sedan 866.0 480.0 911.0 500.0
sedan 986.0 487.0 1029.0 504.0
sedan 880.0 257.0 928.0 276.0
sedan 791.0 197.0 836.0 217.0
pickuptruck 208.0 241.0 242.0 262.0
sedan 770.0 33.0 810.0 52.0
sedan 773.0 57.0 811.0 77.0
sedan 769.0 9.0 810.0 28.0
truck 554.0 471.0 599.0 492.0
