minibus 31.0 572.0 111.0 636.0
sedan 385.0 230.0 425.0 273.0
sedan 323.0 343.0 369.0 382.0
sedan 147.0 507.0 196.0 552.0
pickuptruck 185.0 523.0 223.0 564.0
sedan 2.0 582.0 47.0 623.0
sedan 485.0 502.0 523.0 538.0
sedan 524.0 469.0 564.0 504.0
sedan 567.0 430.0 609.0 471.0
sedan 609.0 400.0 645.0 442.0
sedan 693.0 330.0 732.0 368.0
sedan 188.0 105.0 226.0 133.0
sedan 256.0 97.0 295.0 131.0
sedan 271.0 118.0 310.0 150.0
sedan 286.0 133.0 322.0 167.0
sedan 224.0 154.0 266.0 188.0
truck 355.0 595.0 401.0 640.0
truck 769.0 1.0 831.0 31.0
