truck 234.0 161.0 276.0 210.0
sedan 150.0 251.0 192.0 287.0
sedan 191.0 41.0 223.0 80.0
sedan 257.0 12.0 290.0 44.0
sedan 418.0 311.0 456.0 351.0
sedan 459.0 356.0 495.0 394.0
sedan 528.0 430.0 559.0 466.0
sedan 28.0 351.0 69.0 393.0
sedan 888.0 535.0 936.0 579.0
sedan 940.0 459.0 982.0 502.0
sedan 1036.0 344.0 1071.0 376.0
sedan 1054.0 326.0 1094.0 360.0
sedan 1049.0 233.0 1088.0 268.0
sedan 1071.0 306.0 1110.0 341.0
sedan 671.0 592.0 706.0 631.0
truck 563.0 470.0 599.0 512.0
sedan 1012.0 288.0 1046.0 321.0
sedan 165.0 11.0 197.0 48.0
