truck 142.0 279.0 182.0 328.0
sedan 12.0 115.0 49.0 142.0
sedan 37.0 208.0 77.0 243.0
sedan 89.0 154.0 128.0 183.0
sedan 80.0 413.0 118.0 459.0
sedan 363.0 381.0 406.0 412.0
sedan 416.0 405.0 461.0 440.0
sedan 507.0 450.0 546.0 478.0
sedan 699.0 551.0 741.0 580.0
sedan 747.0 575.0 787.0 601.0
sedan 799.0 601.0 847.0 635.0
sedan 894.0 323.0 943.0 360.0
sedan 911.0 82.0 950.0 107.0
sedan 937.0 191.0 977.0 212.0
sedan 947.0 163.0 987.0 191.0
sedan 954.0 141.0 992.0 166.0
sedan 897.0 145.0 929.0 174.0
sedan 187.0 6.0 229.0 39.0
sedan 1.0 559.0 35.0 606.0
truck 557.0 476.0 603.0 507.0
sedan 1.0 190.0 40.0 218.0
