sedan 280.0 333.0 314.0 357.0
sedan 297.0 309.0 330.0 329.0
sedan 140.0 597.0 173.0 637.0
sedan 215.0 556.0 241.0 598.0
sedan 236.0 564.0 266.0 609.0
sedan 261.0 575.0 286.0 615.0
sedan 402.0 612.0 434.0 640.0
sedan 733.0 562.0 759.0 604.0
sedan 778.0 293.0 797.0 321.0
sedan 826.0 226.0 843.0 252.0
sedan 794.0 97.0 807.0 123.0
sedan 857.0 86.0 870.0 104.0
sedan 988.0 163.0 1023.0 183.0
sedan 1019.0 187.0 1052.0 206.0
sedan 1050.0 176.0 1082.0 194.0
sedan 469.0 107.0 497.0 124.0
sedan 463.0 123.0 488.0 138.0
sedan 442.0 132.0 466.0 148.0
