truck 172.0 240.0 206.0 261.0
sedan 106.0 506.0 137.0 557.0
sedan 242.0 195.0 286.0 223.0
sedan 268.0 275.0 310.0 295.0
sedan 330.0 468.0 378.0 485.0
sedan 420.0 275.0 463.0 295.0
sedan 395.0 470.0 438.0 486.0
sedan 547.0 276.0 595.0 300.0
sedan 799.0 255.0 845.0 276.0
sedan 791.0 197.0 835.0 218.0
sedan 768.0 33.0 809.0 51.0
sedan 771.0 56.0 811.0 77.0
sedan 735.0 432.0 785.0 456.0
sedan 705.0 475.0 747.0 495.0
sedan 752.0 478.0 798.0 496.0
sedan 816.0 480.0 859.0 499.0
sedan 867.0 482.0 910.0 502.0
sedan 987.0 484.0 1030.0 504.0
sedan 768.0 8.0 808.0 24.0
sedan 495.0 469.0 539.0 485.0
sedan 717.0 35.0 754.0 54.0
sedan 260.0 377.0 295.0 415.0
truck 554.0 470.0 598.0 491.0
sedan 1.0 264.0 29.0 282.0
sedan 1.0 190.0 45.0 212.0
sedan 86.0 615.0 112.0 640.0
