sedan 36.0 482.0 78.0 505.0
sedan 144.0 471.0 188.0 490.0
sedan 207.0 319.0 249.0 340.0
sedan 378.0 295.0 425.0 317.0
sedan 410.0 425.0 454.0 444.0
sedan 336.0 496.0 384.0 517.0
sedan 398.0 488.0 446.0 510.0
sedan 503.0 475.0 544.0 493.0
sedan 460.0 253.0 506.0 274.0
sedan 749.0 159.0 796.0 183.0
sedan 708.0 448.0 752.0 466.0
sedan 757.0 441.0 801.0 460.0
sedan 819.0 432.0 860.0 451.0
sedan 867.0 427.0 909.0 445.0
sedan 985.0 413.0 1027.0 432.0
sedan 972.0 221.0 1022.0 244.0
sedan 1096.0 360.0 1137.0 387.0
truck 557.0 463.0 603.0 489.0
sedan 657.0 12.0 688.0 30.0
sedan 702.0 1.0 745.0 21.0
sedan 712.0 21.0 750.0 47.0
sedan 1.0 354.0 41.0 384.0
sedan 138.0 151.0 160.0 181.0
