truck 490.0 305.0 533.0 338.0
sedan 257.0 354.0 299.0 374.0
sedan 101.0 375.0 144.0 394.0
sedan 392.0 335.0 434.0 352.0
sedan 568.0 482.0 592.0 528.0
sedan 579.0 544.0 600.0 582.0
sedan 526.0 213.0 541.0 239.0
sedan 531.0 158.0 547.0 180.0
sedan 509.0 120.0 526.0 145.0
sedan 726.0 198.0 745.0 230.0
sedan 561.0 20.0 573.0 44.0
sedan 492.0 36.0 507.0 61.0
sedan 515.0 145.0 527.0 169.0
sedan 519.0 181.0 539.0 214.0
sedan 691.0 89.0 706.0 117.0
sedan 627.0 1.0 642.0 17.0
sedan 32.0 387.0 78.0 404.0
