truck 196.0 208.0 232.0 227.0
sedan 148.0 265.0 185.0 281.0
sedan 177.0 236.0 220.0 254.0
sedan 252.0 181.0 293.0 201.0
sedan 306.0 240.0 350.0 262.0
sedan 407.0 247.0 448.0 267.0
sedan 174.0 430.0 224.0 448.0
sedan 240.0 431.0 287.0 451.0
sedan 343.0 436.0 386.0 452.0
sedan 21.0 53.0 40.0 99.0
sedan 571.0 253.0 619.0 275.0
sedan 646.0 168.0 691.0 188.0
sedan 553.0 443.0 594.0 460.0
sedan 600.0 441.0 644.0 462.0
sedan 662.0 446.0 704.0 466.0
sedan 710.0 449.0 755.0 468.0
sedan 828.0 456.0 871.0 473.0
sedan 631.0 6.0 672.0 26.0
sedan 637.0 30.0 671.0 47.0
sedan 578.0 9.0 613.0 31.0
truck 398.0 436.0 444.0 455.0
