truck 124.0 303.0 163.0 358.0
sedan 326.0 483.0 374.0 502.0
sedan 392.0 489.0 437.0 509.0
sedan 492.0 496.0 537.0 513.0
sedan 704.0 517.0 747.0 537.0
sedan 753.0 522.0 799.0 540.0
sedan 814.0 528.0 862.0 547.0
sedan 806.0 249.0 851.0 271.0
sedan 797.0 115.0 833.0 133.0
sedan 794.0 90.0 837.0 113.0
sedan 799.0 71.0 835.0 89.0
sedan 739.0 32.0 780.0 49.0
sedan 867.0 533.0 913.0 555.0
sedan 991.0 548.0 1036.0 569.0
sedan 1.0 371.0 17.0 390.0
sedan 69.0 607.0 97.0 640.0
truck 552.0 502.0 596.0 521.0
sedan 758.0 93.0 781.0 111.0
sedan 20.0 195.0 67.0 217.0
sedan 1064.0 1.0 1088.0 32.0
sedan 1101.0 1.0 1127.0 32.0
