sedan 282.0 482.0 319.0 499.0
sedan 335.0 569.0 381.0 589.0
sedan 399.0 575.0 447.0 593.0
sedan 517.0 517.0 563.0 540.0
sedan 506.0 575.0 547.0 596.0
sedan 553.0 377.0 599.0 397.0
sedan 616.0 495.0 654.0 520.0
sedan 721.0 589.0 764.0 606.0
sedan 774.0 588.0 819.0 612.0
sedan 837.0 592.0 880.0 614.0
sedan 890.0 595.0 933.0 617.0
sedan 897.0 472.0 944.0 498.0
sedan 806.0 302.0 852.0 323.0
sedan 788.0 165.0 823.0 185.0
sedan 723.0 84.0 767.0 102.0
sedan 785.0 117.0 826.0 137.0
sedan 782.0 144.0 825.0 163.0
sedan 1046.0 33.0 1064.0 71.0
sedan 1081.0 30.0 1100.0 66.0
sedan 1012.0 524.0 1064.0 548.0
sedan 1076.0 565.0 1126.0 585.0
sedan 1014.0 601.0 1064.0 627.0
sedan 18.0 282.0 68.0 306.0
truck 564.0 579.0 609.0 602.0
sedan 727.0 142.0 771.0 162.0
