sedan 312.0 407.0 357.0 435.0
sedan 510.0 430.0 549.0 456.0
sedan 530.0 503.0 570.0 533.0
sedan 573.0 485.0 619.0 517.0
sedan 631.0 466.0 676.0 497.0
sedan 517.0 218.0 559.0 247.0
sedan 545.0 265.0 592.0 299.0
sedan 675.0 333.0 716.0 360.0
sedan 828.0 197.0 869.0 224.0
sedan 847.0 152.0 890.0 181.0
sedan 677.0 450.0 723.0 478.0
sedan 791.0 411.0 832.0 440.0
sedan 931.0 300.0 975.0 327.0
sedan 325.0 582.0 369.0 611.0
truck 377.0 555.0 426.0 595.0
sedan 227.0 617.0 272.0 640.0
sedan 384.0 44.0 414.0 65.0
sedan 404.0 100.0 438.0 120.0
sedan 461.0 96.0 495.0 127.0
sedan 443.0 58.0 480.0 84.0
sedan 449.0 78.0 492.0 105.0
