minibus 484.0 327.0 540.0 389.0
pickuptruck 488.0 295.0 520.0 329.0
sedan 388.0 113.0 417.0 142.0
sedan 223.0 140.0 247.0 167.0
sedan 178.0 155.0 199.0 178.0
sedan 168.0 103.0 191.0 132.0
sedan 198.0 213.0 224.0 240.0
sedan 175.0 184.0 204.0 212.0
sedan 376.0 442.0 411.0 481.0
sedan 414.0 488.0 443.0 524.0
sedan 475.0 430.0 509.0 469.0
sedan 461.0 467.0 495.0 505.0
sedan 127.0 382.0 168.0 415.0
sedan 343.0 279.0 375.0 313.0
sedan 349.0 329.0 376.0 358.0
sedan 303.0 23.0 324.0 46.0
sedan 150.0 153.0 174.0 180.0
sedan 128.0 127.0 159.0 154.0
sedan 66.0 45.0 92.0 75.0
sedan 471.0 555.0 504.0 596.0
truck 505.0 600.0 541.0 640.0
sedan 987.0 388.0 1022.0 418.0
sedan 947.0 430.0 982.0 467.0
sedan 1008.0 453.0 1047.0 484.0
sedan 987.0 466.0 1035.0 505.0
sedan 984.0 489.0 1017.0 518.0
sedan 1.0 471.0 35.0 510.0
