truck 441.0 265.0 483.0 300.0
sedan 207.0 340.0 245.0 358.0
sedan 346.0 306.0 382.0 325.0
sedan 49.0 378.0 92.0 398.0
sedan 613.0 344.0 633.0 382.0
sedan 536.0 431.0 559.0 475.0
sedan 555.0 492.0 574.0 523.0
sedan 581.0 571.0 603.0 614.0
sedan 814.0 530.0 845.0 578.0
minibus 778.0 551.0 823.0 623.0
sedan 676.0 310.0 696.0 340.0
sedan 699.0 297.0 722.0 333.0
sedan 716.0 392.0 742.0 432.0
pickuptruck 1019.0 151.0 1071.0 178.0
sedan 465.0 174.0 485.0 199.0
sedan 464.0 116.0 481.0 141.0
sedan 412.0 1.0 432.0 23.0
sedan 464.0 1.0 481.0 12.0
sedan 439.0 79.0 457.0 107.0
sedan 455.0 140.0 474.0 171.0
sedan 447.0 107.0 465.0 137.0
sedan 1.0 393.0 24.0 410.0
sedan 661.0 136.0 682.0 166.0
sedan 618.0 32.0 634.0 58.0
