sedan 847.0 424.0 870.0 455.0
sedan 819.0 472.0 844.0 505.0
sedan 796.0 516.0 819.0 550.0
sedan 833.0 509.0 849.0 537.0
sedan 856.0 471.0 875.0 499.0
sedan 821.0 260.0 840.0 282.0
sedan 846.0 225.0 864.0 247.0
sedan 1040.0 100.0 1055.0 118.0
sedan 256.0 502.0 287.0 528.0
sedan 281.0 480.0 307.0 502.0
sedan 1026.0 410.0 1067.0 434.0
sedan 817.0 230.0 838.0 255.0
sedan 938.0 54.0 955.0 73.0
sedan 506.0 285.0 529.0 302.0
sedan 494.0 299.0 519.0 319.0
sedan 466.0 304.0 493.0 324.0
sedan 1062.0 70.0 1074.0 82.0
