sedan 156.0 595.0 205.0 623.0
sedan 44.0 458.0 92.0 495.0
sedan 525.0 293.0 569.0 321.0
sedan 535.0 512.0 578.0 535.0
sedan 584.0 502.0 625.0 522.0
sedan 646.0 490.0 686.0 513.0
sedan 690.0 477.0 736.0 500.0
sedan 790.0 437.0 832.0 461.0
sedan 809.0 456.0 850.0 479.0
sedan 940.0 391.0 985.0 414.0
sedan 1033.0 351.0 1075.0 375.0
sedan 935.0 207.0 980.0 236.0
sedan 227.0 579.0 272.0 606.0
sedan 323.0 558.0 375.0 581.0
truck 381.0 542.0 432.0 572.0
sedan 527.0 101.0 560.0 126.0
sedan 465.0 94.0 505.0 115.0
sedan 453.0 40.0 488.0 61.0
sedan 513.0 58.0 552.0 79.0
sedan 515.0 81.0 556.0 104.0
