truck 205.0 251.0 300.0 314.0
minibus 46.0 398.0 124.0 446.0
sedan 108.0 355.0 155.0 389.0
sedan 175.0 357.0 218.0 391.0
sedan 240.0 327.0 281.0 363.0
sedan 120.0 416.0 165.0 449.0
sedan 140.0 585.0 191.0 625.0
sedan 490.0 418.0 536.0 447.0
sedan 536.0 399.0 574.0 423.0
sedan 589.0 371.0 629.0 398.0
sedan 631.0 353.0 671.0 383.0
sedan 737.0 307.0 775.0 337.0
pickuptruck 31.0 454.0 76.0 487.0
sedan 1.0 412.0 23.0 437.0
sedan 208.0 558.0 250.0 588.0
sedan 298.0 511.0 345.0 540.0
truck 350.0 484.0 396.0 517.0
sedan 317.0 28.0 358.0 51.0
sedan 378.0 21.0 416.0 52.0
sedan 363.0 2.0 405.0 34.0
