sedan 195.0 290.0 232.0 321.0
sedan 236.0 252.0 274.0 289.0
sedan 255.0 271.0 287.0 302.0
sedan 390.0 238.0 423.0 275.0
sedan 367.0 41.0 398.0 72.0
sedan 393.0 18.0 422.0 48.0
sedan 500.0 595.0 541.0 634.0
sedan 546.0 553.0 589.0 596.0
sedan 587.0 517.0 626.0 555.0
sedan 643.0 440.0 667.0 483.0
sedan 671.0 444.0 706.0 482.0
sedan 886.0 182.0 916.0 212.0
sedan 924.0 182.0 951.0 211.0
sedan 925.0 144.0 956.0 177.0
sedan 963.0 150.0 990.0 179.0
sedan 973.0 103.0 1006.0 135.0
sedan 225.0 232.0 256.0 268.0
sedan 147.0 246.0 189.0 275.0
