minibus 494.0 320.0 548.0 382.0
sedan 1.0 454.0 45.0 491.0
sedan 138.0 366.0 182.0 400.0
sedan 383.0 430.0 419.0 470.0
sedan 431.0 406.0 462.0 438.0
sedan 421.0 479.0 452.0 514.0
sedan 477.0 550.0 510.0 591.0
sedan 576.0 580.0 611.0 619.0
sedan 560.0 606.0 597.0 640.0
sedan 146.0 113.0 174.0 141.0
sedan 192.0 141.0 215.0 167.0
sedan 190.0 169.0 221.0 200.0
sedan 213.0 199.0 237.0 226.0
sedan 405.0 102.0 433.0 131.0
sedan 87.0 34.0 109.0 56.0
sedan 986.0 492.0 1024.0 524.0
sedan 999.0 470.0 1040.0 513.0
sedan 953.0 433.0 990.0 467.0
sedan 321.0 13.0 342.0 34.0
sedan 169.0 137.0 191.0 166.0
sedan 116.0 1.0 140.0 11.0
sedan 510.0 462.0 545.0 502.0
truck 509.0 591.0 547.0 633.0
sedan 1000.0 393.0 1029.0 420.0
sedan 1016.0 453.0 1054.0 487.0
