sedan 789.0 216.0 834.0 244.0
sedan 1047.0 303.0 1090.0 330.0
sedan 975.0 348.0 1016.0 375.0
sedan 779.0 419.0 826.0 448.0
sedan 791.0 439.0 835.0 465.0
sedan 683.0 476.0 729.0 502.0
sedan 633.0 492.0 679.0 518.0
sedan 577.0 506.0 619.0 534.0
sedan 531.0 523.0 571.0 549.0
sedan 414.0 332.0 459.0 361.0
sedan 1.0 544.0 40.0 594.0
sedan 321.0 591.0 371.0 619.0
truck 376.0 571.0 427.0 603.0
sedan 220.0 623.0 268.0 640.0
sedan 399.0 60.0 438.0 83.0
sedan 422.0 114.0 458.0 136.0
sedan 466.0 74.0 500.0 98.0
sedan 469.0 95.0 511.0 120.0
sedan 478.0 113.0 514.0 143.0
