sedan 485.0 267.0 530.0 291.0
sedan 692.0 307.0 743.0 334.0
sedan 570.0 349.0 613.0 371.0
sedan 618.0 361.0 660.0 384.0
sedan 675.0 375.0 720.0 397.0
sedan 727.0 389.0 768.0 411.0
sedan 995.0 280.0 1041.0 302.0
sedan 845.0 421.0 885.0 445.0
sedan 215.0 262.0 261.0 285.0
sedan 94.0 149.0 138.0 176.0
sedan 133.0 133.0 173.0 151.0
sedan 280.0 278.0 324.0 304.0
sedan 335.0 89.0 377.0 113.0
sedan 370.0 294.0 415.0 324.0
truck 426.0 309.0 469.0 335.0
sedan 719.0 97.0 769.0 123.0
truck 1.0 223.0 19.0 279.0
