truck 269.0 153.0 311.0 196.0
sedan 470.0 239.0 502.0 278.0
sedan 378.0 144.0 406.0 177.0
sedan 49.0 294.0 89.0 324.0
sedan 177.0 220.0 219.0 247.0
sedan 419.0 294.0 449.0 333.0
sedan 499.0 410.0 534.0 451.0
sedan 629.0 276.0 663.0 315.0
sedan 854.0 563.0 898.0 609.0
sedan 904.0 485.0 947.0 530.0
sedan 1028.0 371.0 1064.0 409.0
sedan 622.0 580.0 654.0 618.0
sedan 450.0 341.0 480.0 379.0
truck 532.0 451.0 568.0 495.0
sedan 984.0 327.0 1017.0 364.0
sedan 1011.0 389.0 1045.0 420.0
sedan 1045.0 358.0 1083.0 394.0
sedan 1039.0 292.0 1064.0 324.0
minibus 420.0 1.0 462.0 41.0
sedan 257.0 55.0 280.0 84.0
sedan 235.0 28.0 260.0 56.0
sedan 235.0 1.0 260.0 27.0
