sedan 370.0 520.0 412.0 552.0
sedan 216.0 308.0 247.0 333.0
sedan 232.0 282.0 265.0 309.0
sedan 744.0 310.0 767.0 341.0
sedan 776.0 299.0 800.0 331.0
sedan 771.0 267.0 790.0 300.0
sedan 802.0 263.0 821.0 288.0
sedan 797.0 217.0 822.0 250.0
sedan 773.0 23.0 793.0 51.0
sedan 777.0 52.0 795.0 74.0
sedan 802.0 15.0 820.0 40.0
sedan 972.0 201.0 1008.0 224.0
sedan 604.0 609.0 632.0 640.0
sedan 628.0 614.0 657.0 640.0
sedan 18.0 573.0 54.0 609.0
sedan 70.0 604.0 114.0 640.0
sedan 98.0 537.0 133.0 577.0
sedan 114.0 551.0 156.0 595.0
sedan 141.0 561.0 173.0 602.0
sedan 415.0 105.0 443.0 125.0
sedan 441.0 97.0 469.0 116.0
sedan 451.0 79.0 480.0 100.0
