truck 421.0 91.0 463.0 127.0
minibus 705.0 229.0 745.0 291.0
sedan 191.0 177.0 230.0 197.0
sedan 326.0 137.0 366.0 155.0
sedan 34.0 218.0 72.0 239.0
sedan 526.0 263.0 550.0 304.0
sedan 549.0 319.0 569.0 354.0
sedan 577.0 399.0 596.0 440.0
sedan 688.0 402.0 716.0 447.0
sedan 708.0 308.0 732.0 347.0
sedan 640.0 598.0 667.0 640.0
sedan 957.0 595.0 991.0 640.0
sedan 1098.0 530.0 1128.0 571.0
sedan 623.0 56.0 649.0 89.0
sedan 708.0 164.0 734.0 199.0
truck 591.0 448.0 619.0 492.0
sedan 1083.0 465.0 1119.0 506.0
sedan 442.0 1.0 465.0 16.0
