sedan 813.0 414.0 836.0 447.0
sedan 790.0 470.0 809.0 501.0
sedan 768.0 507.0 788.0 547.0
sedan 802.0 501.0 816.0 530.0
sedan 822.0 460.0 840.0 485.0
sedan 779.0 256.0 798.0 278.0
sedan 774.0 229.0 790.0 251.0
sedan 803.0 223.0 819.0 242.0
sedan 223.0 521.0 254.0 547.0
sedan 244.0 494.0 276.0 520.0
sedan 426.0 314.0 457.0 332.0
sedan 458.0 306.0 482.0 324.0
sedan 467.0 290.0 492.0 307.0
sedan 888.0 51.0 901.0 67.0
sedan 1007.0 60.0 1018.0 75.0
sedan 990.0 84.0 1006.0 101.0
sedan 987.0 395.0 1027.0 416.0
