minibus 433.0 305.0 510.0 347.0
truck 594.0 393.0 683.0 432.0
sedan 257.0 432.0 304.0 458.0
sedan 26.0 407.0 68.0 450.0
sedan 32.0 507.0 81.0 531.0
sedan 153.0 538.0 200.0 561.0
sedan 229.0 529.0 270.0 549.0
sedan 321.0 508.0 364.0 529.0
sedan 526.0 469.0 572.0 485.0
sedan 577.0 455.0 617.0 478.0
sedan 633.0 445.0 680.0 471.0
sedan 684.0 434.0 730.0 460.0
sedan 799.0 418.0 843.0 444.0
sedan 542.0 244.0 585.0 268.0
sedan 854.0 340.0 897.0 367.0
sedan 1079.0 243.0 1123.0 268.0
sedan 403.0 431.0 452.0 463.0
truck 375.0 492.0 425.0 522.0
sedan 213.0 472.0 259.0 497.0
sedan 1.0 363.0 44.0 389.0
sedan 463.0 48.0 502.0 69.0
sedan 524.0 55.0 556.0 78.0
sedan 514.0 35.0 553.0 58.0
sedan 508.0 9.0 549.0 35.0
