sedan 46.0 358.0 70.0 394.0
sedan 28.0 427.0 51.0 463.0
sedan 1.0 504.0 27.0 547.0
sedan 1.0 229.0 30.0 253.0
sedan 61.0 115.0 103.0 138.0
sedan 115.0 132.0 155.0 156.0
sedan 197.0 155.0 240.0 183.0
sedan 449.0 369.0 493.0 394.0
sedan 438.0 226.0 473.0 248.0
sedan 489.0 242.0 526.0 267.0
sedan 694.0 230.0 721.0 271.0
sedan 715.0 181.0 740.0 224.0
sedan 770.0 1.0 794.0 30.0
sedan 757.0 37.0 783.0 80.0
sedan 740.0 83.0 768.0 128.0
sedan 776.0 246.0 801.0 286.0
sedan 999.0 402.0 1046.0 427.0
sedan 948.0 389.0 989.0 415.0
