sedan 398.0 434.0 424.0 482.0
sedan 540.0 439.0 565.0 482.0
sedan 374.0 548.0 399.0 598.0
sedan 365.0 350.0 384.0 389.0
sedan 331.0 261.0 351.0 300.0
sedan 328.0 331.0 354.0 377.0
sedan 518.0 144.0 536.0 168.0
sedan 524.0 165.0 543.0 197.0
sedan 296.0 59.0 314.0 96.0
sedan 495.0 1.0 515.0 23.0
sedan 501.0 25.0 520.0 54.0
truck 625.0 21.0 666.0 48.0
sedan 541.0 273.0 557.0 309.0
sedan 167.0 529.0 203.0 571.0
sedan 206.0 523.0 243.0 561.0
pickuptruck 682.0 28.0 720.0 53.0
sedan 808.0 16.0 841.0 44.0
