sedan 431.0 1.0 443.0 11.0
sedan 444.0 23.0 456.0 41.0
sedan 450.0 39.0 463.0 56.0
sedan 434.0 84.0 445.0 107.0
sedan 485.0 128.0 502.0 151.0
sedan 442.0 113.0 455.0 134.0
sedan 745.0 334.0 775.0 351.0
sedan 761.0 388.0 794.0 407.0
sedan 701.0 346.0 739.0 367.0
sedan 541.0 344.0 560.0 369.0
sedan 493.0 408.0 528.0 431.0
sedan 493.0 231.0 508.0 254.0
sedan 501.0 254.0 517.0 277.0
sedan 514.0 281.0 529.0 308.0
sedan 831.0 371.0 848.0 388.0
sedan 779.0 49.0 796.0 71.0
sedan 103.0 525.0 143.0 548.0
