sedan 99.0 473.0 131.0 511.0
sedan 149.0 497.0 188.0 532.0
sedan 380.0 472.0 404.0 521.0
sedan 354.0 594.0 376.0 640.0
sedan 342.0 377.0 366.0 420.0
sedan 314.0 266.0 331.0 312.0
sedan 306.0 349.0 330.0 393.0
sedan 502.0 342.0 524.0 378.0
sedan 276.0 57.0 299.0 96.0
sedan 480.0 1.0 501.0 26.0
sedan 485.0 23.0 504.0 56.0
sedan 503.0 142.0 520.0 169.0
sedan 506.0 169.0 522.0 199.0
sedan 525.0 275.0 541.0 314.0
truck 608.0 19.0 647.0 50.0
pickuptruck 667.0 32.0 704.0 56.0
sedan 791.0 20.0 822.0 47.0
