sedan 694.0 179.0 713.0 208.0
sedan 601.0 11.0 613.0 30.0
pickuptruck 633.0 2.0 648.0 22.0
sedan 618.0 12.0 629.0 30.0
sedan 644.0 38.0 658.0 63.0
sedan 624.0 100.0 639.0 120.0
sedan 658.0 74.0 672.0 95.0
sedan 635.0 127.0 651.0 150.0
sedan 644.0 157.0 661.0 181.0
sedan 661.0 148.0 677.0 173.0
trailer 608.0 48.0 631.0 92.0
trailer 632.0 54.0 658.0 105.0
trailer 663.0 94.0 699.0 160.0
sedan 909.0 224.0 935.0 238.0
sedan 890.0 253.0 921.0 269.0
sedan 489.0 484.0 518.0 520.0
sedan 677.0 499.0 706.0 543.0
sedan 691.0 558.0 719.0 595.0
sedan 422.0 602.0 451.0 638.0
pickuptruck 715.0 505.0 740.0 538.0
