sedan 529.0 467.0 555.0 502.0
sedan 466.0 580.0 494.0 616.0
sedan 450.0 613.0 475.0 640.0
sedan 710.0 489.0 740.0 533.0
pickuptruck 753.0 487.0 776.0 521.0
sedan 729.0 537.0 754.0 575.0
sedan 622.0 1.0 633.0 15.0
pickuptruck 658.0 1.0 672.0 15.0
sedan 638.0 1.0 647.0 14.0
trailer 632.0 41.0 656.0 84.0
trailer 657.0 46.0 682.0 99.0
trailer 689.0 84.0 724.0 151.0
sedan 720.0 162.0 735.0 190.0
sedan 685.0 131.0 699.0 155.0
sedan 650.0 93.0 662.0 112.0
sedan 663.0 119.0 676.0 139.0
sedan 672.0 147.0 686.0 170.0
sedan 666.0 28.0 682.0 53.0
sedan 680.0 65.0 697.0 87.0
sedan 934.0 213.0 959.0 227.0
sedan 916.0 243.0 948.0 259.0
