pickuptruck 284.0 555.0 331.0 577.0
truck 326.0 592.0 381.0 621.0
sedan 577.0 503.0 599.0 533.0
sedan 562.0 532.0 586.0 564.0
sedan 624.0 403.0 647.0 431.0
pickuptruck 839.0 420.0 860.0 450.0
sedan 822.0 465.0 844.0 499.0
sedan 785.0 461.0 811.0 502.0
trailer 688.0 1.0 711.0 42.0
trailer 714.0 12.0 741.0 63.0
trailer 747.0 49.0 786.0 112.0
sedan 781.0 119.0 798.0 146.0
sedan 744.0 90.0 761.0 111.0
sedan 708.0 58.0 723.0 75.0
sedan 739.0 34.0 754.0 52.0
sedan 722.0 1.0 734.0 16.0
sedan 737.0 108.0 750.0 129.0
sedan 977.0 196.0 1008.0 214.0
sedan 992.0 170.0 1016.0 183.0
sedan 173.0 493.0 194.0 532.0
