truck 305.0 150.0 357.0 196.0
sedan 289.0 202.0 317.0 229.0
sedan 368.0 232.0 398.0 260.0
pickuptruck 547.0 331.0 592.0 370.0
truck 661.0 384.0 715.0 419.0
sedan 668.0 443.0 708.0 470.0
sedan 972.0 318.0 1004.0 344.0
sedan 1065.0 172.0 1095.0 196.0
sedan 902.0 356.0 944.0 383.0
pickuptruck 756.0 406.0 801.0 426.0
trailer 754.0 434.0 878.0 484.0
trailer 1113.0 249.0 1137.0 283.0
trailer 928.0 208.0 1023.0 277.0
sedan 812.0 264.0 839.0 285.0
pickuptruck 1089.0 601.0 1130.0 633.0
sedan 84.0 19.0 107.0 41.0
