pickuptruck 937.0 145.0 957.0 168.0
sedan 894.0 199.0 917.0 226.0
sedan 764.0 312.0 797.0 349.0
sedan 814.0 345.0 845.0 381.0
sedan 763.0 95.0 787.0 120.0
sedan 711.0 156.0 732.0 180.0
sedan 693.0 173.0 715.0 198.0
sedan 614.0 255.0 641.0 285.0
sedan 509.0 371.0 536.0 399.0
sedan 541.0 341.0 569.0 371.0
sedan 566.0 308.0 597.0 338.0
sedan 590.0 283.0 618.0 309.0
truck 464.0 356.0 505.0 385.0
pickuptruck 396.0 483.0 429.0 522.0
sedan 395.0 92.0 417.0 126.0
pickuptruck 480.0 147.0 516.0 171.0
truck 513.0 172.0 542.0 194.0
