truck 150.0 344.0 211.0 423.0
sedan 211.0 373.0 241.0 408.0
sedan 247.0 452.0 271.0 491.0
sedan 12.0 350.0 44.0 381.0
truck 72.0 343.0 130.0 403.0
sedan 377.0 288.0 406.0 309.0
sedan 552.0 249.0 585.0 274.0
truck 493.0 288.0 539.0 331.0
trailer 392.0 282.0 507.0 351.0
cementtruck 394.0 329.0 461.0 382.0
trailer 974.0 94.0 1053.0 147.0
sedan 985.0 98.0 1012.0 117.0
pickuptruck 806.0 180.0 845.0 208.0
pickuptruck 734.0 227.0 763.0 248.0
sedan 699.0 270.0 730.0 291.0
truck 1044.0 53.0 1084.0 84.0
pickuptruck 609.0 203.0 673.0 246.0
pickuptruck 472.0 584.0 503.0 610.0
trailer 321.0 587.0 368.0 640.0
