sedan 28.0 1.0 55.0 16.0
sedan 274.0 204.0 301.0 231.0
truck 387.0 236.0 446.0 290.0
pickuptruck 657.0 391.0 710.0 417.0
cementtruck 995.0 195.0 1054.0 243.0
sedan 983.0 193.0 1013.0 218.0
sedan 1053.0 230.0 1089.0 260.0
pickuptruck 838.0 358.0 873.0 389.0
truck 761.0 383.0 815.0 414.0
sedan 625.0 519.0 655.0 562.0
sedan 776.0 434.0 816.0 462.0
pickuptruck 981.0 560.0 1018.0 591.0
sedan 528.0 473.0 557.0 509.0
sedan 774.0 266.0 802.0 285.0
trailer 834.0 236.0 934.0 307.0
trailer 853.0 348.0 945.0 427.0
