sedan 570.0 277.0 595.0 295.0
trailer 590.0 267.0 696.0 338.0
cementtruck 605.0 311.0 666.0 361.0
truck 728.0 248.0 775.0 291.0
sedan 734.0 231.0 766.0 259.0
pickuptruck 718.0 313.0 764.0 350.0
pickuptruck 634.0 392.0 662.0 422.0
pickuptruck 710.0 554.0 741.0 585.0
pickuptruck 819.0 173.0 881.0 214.0
sedan 828.0 273.0 861.0 300.0
truck 868.0 226.0 913.0 257.0
pickuptruck 971.0 175.0 1000.0 195.0
trailer 902.0 205.0 988.0 269.0
sedan 133.0 250.0 163.0 277.0
truck 278.0 328.0 338.0 388.0
sedan 602.0 473.0 628.0 515.0
truck 479.0 534.0 537.0 640.0
sedan 529.0 566.0 561.0 622.0
