truck 543.0 52.0 570.0 92.0
pickuptruck 588.0 39.0 611.0 68.0
truck 451.0 143.0 500.0 180.0
sedan 434.0 125.0 462.0 150.0
sedan 539.0 209.0 564.0 231.0
sedan 564.0 227.0 589.0 249.0
sedan 292.0 164.0 324.0 195.0
sedan 376.0 234.0 408.0 266.0
sedan 281.0 260.0 313.0 292.0
sedan 415.0 300.0 449.0 334.0
sedan 485.0 360.0 520.0 394.0
sedan 505.0 337.0 542.0 370.0
sedan 132.0 67.0 165.0 96.0
truck 341.0 15.0 371.0 46.0
sedan 328.0 46.0 351.0 66.0
sedan 349.0 68.0 374.0 88.0
sedan 377.0 86.0 406.0 109.0
sedan 405.0 105.0 434.0 129.0
sedan 660.0 296.0 690.0 324.0
cementtruck 548.0 461.0 622.0 535.0
sedan 579.0 440.0 621.0 478.0
sedan 603.0 424.0 643.0 462.0
sedan 654.0 468.0 695.0 505.0
sedan 637.0 543.0 675.0 584.0
pickuptruck 734.0 576.0 773.0 611.0
