sedan 278.0 107.0 307.0 136.0
sedan 409.0 185.0 440.0 218.0
sedan 372.0 256.0 403.0 290.0
sedan 492.0 261.0 526.0 293.0
sedan 518.0 318.0 549.0 352.0
sedan 736.0 488.0 778.0 527.0
sedan 685.0 442.0 727.0 480.0
sedan 614.0 369.0 650.0 407.0
sedan 581.0 381.0 617.0 418.0
sedan 669.0 461.0 711.0 504.0
cementtruck 647.0 493.0 723.0 574.0
sedan 743.0 596.0 783.0 640.0
truck 433.0 19.0 462.0 46.0
truck 634.0 63.0 660.0 100.0
pickuptruck 678.0 49.0 700.0 80.0
sedan 418.0 49.0 442.0 68.0
sedan 441.0 70.0 464.0 92.0
sedan 467.0 88.0 497.0 112.0
sedan 497.0 110.0 523.0 134.0
sedan 522.0 132.0 550.0 155.0
sedan 627.0 219.0 651.0 243.0
sedan 750.0 3.0 781.0 20.0
truck 544.0 150.0 593.0 188.0
sedan 651.0 238.0 676.0 262.0
sedan 747.0 314.0 779.0 344.0
