sedan 290.0 230.0 314.0 259.0
sedan 560.0 446.0 604.0 486.0
trailer 388.0 397.0 501.0 527.0
sedan 228.0 32.0 252.0 64.0
sedan 412.0 149.0 437.0 181.0
sedan 789.0 318.0 830.0 341.0
pickuptruck 752.0 376.0 797.0 403.0
sedan 959.0 302.0 1002.0 324.0
sedan 786.0 241.0 829.0 265.0
sedan 816.0 200.0 857.0 228.0
sedan 865.0 218.0 904.0 240.0
sedan 943.0 137.0 985.0 164.0
sedan 969.0 186.0 1008.0 209.0
sedan 1095.0 144.0 1135.0 166.0
sedan 1095.0 296.0 1130.0 315.0
sedan 1119.0 60.0 1137.0 81.0
sedan 968.0 337.0 1007.0 363.0
