pickuptruck 36.0 16.0 63.0 45.0
truck 84.0 60.0 116.0 93.0
sedan 79.0 99.0 106.0 114.0
sedan 106.0 113.0 134.0 132.0
sedan 141.0 123.0 175.0 144.0
sedan 177.0 135.0 209.0 155.0
sedan 211.0 148.0 242.0 168.0
truck 309.0 46.0 331.0 85.0
truck 278.0 92.0 312.0 140.0
sedan 341.0 198.0 369.0 219.0
sedan 370.0 209.0 395.0 229.0
sedan 478.0 250.0 511.0 273.0
sedan 90.0 320.0 131.0 348.0
sedan 339.0 400.0 381.0 429.0
sedan 818.0 506.0 865.0 534.0
truck 1054.0 399.0 1098.0 422.0
sedan 1050.0 430.0 1098.0 452.0
pickuptruck 1022.0 464.0 1082.0 490.0
sedan 993.0 535.0 1039.0 553.0
sedan 1099.0 457.0 1137.0 477.0
pickuptruck 348.0 21.0 364.0 56.0
