truck 712.0 156.0 738.0 188.0
sedan 724.0 178.0 753.0 209.0
pickuptruck 829.0 213.0 851.0 240.0
pickuptruck 774.0 153.0 808.0 195.0
sedan 521.0 437.0 566.0 467.0
cementtruck 681.0 524.0 769.0 578.0
sedan 904.0 453.0 932.0 482.0
sedan 872.0 501.0 911.0 542.0
sedan 921.0 557.0 965.0 601.0
sedan 197.0 393.0 237.0 418.0
sedan 53.0 444.0 90.0 467.0
sedan 13.0 456.0 52.0 482.0
sedan 100.0 578.0 151.0 609.0
sedan 169.0 547.0 216.0 578.0
sedan 228.0 524.0 276.0 554.0
sedan 292.0 505.0 336.0 536.0
sedan 262.0 547.0 312.0 577.0
sedan 367.0 478.0 417.0 505.0
sedan 405.0 503.0 452.0 533.0
sedan 84.0 621.0 140.0 640.0
