sedan 936.0 411.0 980.0 430.0
sedan 1098.0 378.0 1137.0 400.0
truck 994.0 287.0 1032.0 313.0
sedan 989.0 317.0 1033.0 336.0
sedan 1035.0 336.0 1074.0 359.0
pickuptruck 966.0 347.0 1021.0 373.0
truck 274.0 10.0 294.0 45.0
truck 242.0 60.0 272.0 108.0
sedan 181.0 114.0 210.0 133.0
truck 50.0 35.0 83.0 69.0
pickuptruck 2.0 1.0 28.0 26.0
sedan 42.0 72.0 72.0 88.0
sedan 73.0 86.0 103.0 105.0
sedan 109.0 93.0 143.0 113.0
sedan 145.0 102.0 178.0 124.0
sedan 69.0 288.0 110.0 313.0
sedan 307.0 153.0 336.0 171.0
sedan 336.0 162.0 363.0 178.0
sedan 446.0 195.0 477.0 214.0
sedan 362.0 359.0 406.0 381.0
sedan 883.0 571.0 907.0 616.0
