sedan 92.0 316.0 130.0 339.0
sedan 130.0 308.0 168.0 331.0
sedan 271.0 275.0 309.0 300.0
sedan 86.0 453.0 137.0 480.0
sedan 236.0 454.0 285.0 483.0
sedan 333.0 432.0 379.0 455.0
sedan 427.0 407.0 474.0 432.0
sedan 253.0 487.0 303.0 516.0
truck 393.0 371.0 454.0 407.0
sedan 788.0 100.0 819.0 129.0
sedan 790.0 181.0 818.0 211.0
pickuptruck 732.0 193.0 766.0 232.0
sedan 924.0 471.0 962.0 513.0
sedan 775.0 429.0 805.0 471.0
sedan 979.0 525.0 1018.0 571.0
sedan 1031.0 588.0 1075.0 637.0
sedan 952.0 411.0 982.0 441.0
