sedan 38.0 202.0 76.0 234.0
sedan 276.0 292.0 315.0 321.0
sedan 347.0 336.0 386.0 366.0
sedan 416.0 380.0 457.0 411.0
truck 416.0 333.0 472.0 381.0
sedan 306.0 117.0 333.0 140.0
sedan 332.0 132.0 358.0 154.0
sedan 431.0 190.0 463.0 215.0
pickuptruck 256.0 140.0 299.0 176.0
sedan 343.0 172.0 386.0 202.0
truck 256.0 12.0 292.0 50.0
sedan 191.0 49.0 221.0 73.0
sedan 96.0 1.0 127.0 20.0
sedan 128.0 14.0 161.0 37.0
sedan 161.0 30.0 191.0 54.0
trailer 552.0 320.0 640.0 389.0
trailer 856.0 495.0 987.0 535.0
