sedan 219.0 304.0 260.0 329.0
sedan 78.0 348.0 113.0 376.0
sedan 39.0 362.0 76.0 386.0
sedan 107.0 479.0 159.0 509.0
sedan 202.0 486.0 251.0 519.0
sedan 300.0 452.0 346.0 480.0
sedan 391.0 418.0 435.0 449.0
sedan 261.0 504.0 312.0 534.0
truck 354.0 388.0 416.0 428.0
sedan 665.0 133.0 696.0 165.0
sedan 720.0 204.0 738.0 235.0
pickuptruck 662.0 210.0 689.0 252.0
sedan 780.0 470.0 815.0 511.0
sedan 887.0 436.0 927.0 475.0
sedan 944.0 485.0 984.0 525.0
sedan 999.0 539.0 1042.0 583.0
sedan 909.0 374.0 938.0 402.0
