truck 191.0 16.0 218.0 74.0
sedan 1.0 80.0 30.0 98.0
sedan 37.0 82.0 82.0 101.0
sedan 83.0 86.0 123.0 104.0
sedan 129.0 90.0 166.0 112.0
sedan 131.0 143.0 174.0 163.0
sedan 290.0 109.0 323.0 126.0
sedan 324.0 113.0 356.0 129.0
sedan 451.0 126.0 489.0 145.0
sedan 558.0 300.0 603.0 322.0
sedan 515.0 333.0 560.0 355.0
sedan 482.0 257.0 524.0 280.0
sedan 370.0 281.0 415.0 302.0
sedan 467.0 290.0 510.0 311.0
truck 552.0 261.0 608.0 291.0
trailer 898.0 201.0 1014.0 310.0
sedan 1070.0 490.0 1095.0 524.0
sedan 1045.0 612.0 1073.0 640.0
sedan 1012.0 537.0 1045.0 588.0
sedan 76.0 303.0 126.0 326.0
