sedan 851.0 15.0 881.0 42.0
sedan 819.0 113.0 847.0 141.0
pickuptruck 752.0 134.0 790.0 172.0
sedan 754.0 338.0 776.0 380.0
trailer 891.0 541.0 991.0 640.0
sedan 922.0 440.0 962.0 483.0
sedan 976.0 496.0 1017.0 540.0
sedan 1027.0 559.0 1070.0 606.0
sedan 954.0 379.0 979.0 408.0
sedan 269.0 244.0 311.0 265.0
sedan 96.0 283.0 129.0 308.0
sedan 135.0 273.0 167.0 297.0
truck 394.0 343.0 456.0 375.0
sedan 429.0 376.0 473.0 400.0
sedan 335.0 399.0 384.0 424.0
sedan 240.0 423.0 285.0 449.0
trailer 1.0 343.0 79.0 389.0
sedan 207.0 467.0 259.0 496.0
sedan 19.0 438.0 72.0 463.0
