truck 1047.0 138.0 1106.0 178.0
sedan 884.0 181.0 932.0 212.0
sedan 837.0 247.0 884.0 284.0
sedan 753.0 184.0 803.0 213.0
sedan 805.0 313.0 840.0 355.0
sedan 666.0 358.0 702.0 394.0
sedan 670.0 179.0 719.0 205.0
sedan 371.0 182.0 417.0 209.0
pickuptruck 547.0 211.0 587.0 233.0
sedan 597.0 234.0 645.0 258.0
sedan 329.0 329.0 378.0 353.0
sedan 399.0 334.0 444.0 357.0
sedan 90.0 91.0 133.0 111.0
sedan 133.0 95.0 171.0 117.0
sedan 282.0 114.0 327.0 137.0
truck 42.0 323.0 96.0 349.0
sedan 921.0 542.0 941.0 583.0
