truck 689.0 451.0 733.0 501.0
pickuptruck 770.0 235.0 813.0 275.0
sedan 819.0 211.0 854.0 240.0
sedan 871.0 178.0 901.0 206.0
trailer 787.0 229.0 872.0 301.0
sedan 718.0 244.0 755.0 277.0
sedan 728.0 269.0 765.0 303.0
sedan 732.0 305.0 773.0 338.0
sedan 1030.0 46.0 1064.0 72.0
sedan 981.0 47.0 1013.0 77.0
sedan 1065.0 255.0 1096.0 283.0
sedan 1043.0 273.0 1072.0 298.0
sedan 944.0 345.0 979.0 374.0
pickuptruck 2.0 27.0 39.0 62.0
truck 227.0 337.0 271.0 382.0
sedan 244.0 440.0 276.0 468.0
sedan 283.0 380.0 322.0 414.0
