sedan 1061.0 517.0 1099.0 538.0
sedan 520.0 465.0 562.0 487.0
sedan 450.0 410.0 481.0 427.0
sedan 449.0 462.0 489.0 485.0
sedan 481.0 497.0 525.0 514.0
sedan 421.0 490.0 458.0 512.0
sedan 155.0 257.0 176.0 290.0
sedan 155.0 301.0 174.0 336.0
sedan 262.0 263.0 280.0 296.0
sedan 199.0 116.0 216.0 144.0
sedan 276.0 29.0 292.0 50.0
sedan 306.0 1.0 323.0 21.0
pickuptruck 284.0 120.0 301.0 156.0
trailer 179.0 173.0 213.0 263.0
trailer 615.0 465.0 821.0 519.0
trailer 183.0 539.0 264.0 640.0
sedan 14.0 577.0 49.0 614.0
