trailer 124.0 126.0 158.0 229.0
trailer 577.0 441.0 784.0 499.0
sedan 819.0 570.0 860.0 587.0
sedan 406.0 384.0 439.0 403.0
sedan 405.0 442.0 446.0 462.0
sedan 477.0 443.0 523.0 468.0
sedan 377.0 473.0 416.0 492.0
sedan 437.0 474.0 479.0 493.0
sedan 197.0 343.0 220.0 387.0
sedan 259.0 24.0 275.0 49.0
sedan 216.0 79.0 238.0 104.0
sedan 145.0 41.0 166.0 74.0
sedan 102.0 196.0 124.0 230.0
sedan 98.0 268.0 118.0 302.0
sedan 33.0 441.0 61.0 478.0
pickuptruck 231.0 179.0 252.0 216.0
trailer 122.0 621.0 172.0 640.0
