sedan 251.0 244.0 294.0 271.0
sedan 364.0 195.0 414.0 229.0
sedan 350.0 217.0 392.0 246.0
sedan 341.0 237.0 384.0 269.0
sedan 331.0 261.0 375.0 291.0
sedan 321.0 280.0 365.0 311.0
sedan 314.0 305.0 359.0 337.0
sedan 308.0 329.0 348.0 359.0
sedan 315.0 362.0 345.0 386.0
sedan 287.0 377.0 329.0 408.0
sedan 276.0 401.0 309.0 424.0
sedan 277.0 430.0 311.0 454.0
sedan 269.0 452.0 300.0 479.0
sedan 261.0 476.0 295.0 502.0
sedan 230.0 516.0 281.0 549.0
sedan 235.0 552.0 267.0 576.0
sedan 193.0 584.0 243.0 617.0
sedan 461.0 286.0 502.0 316.0
sedan 512.0 305.0 560.0 338.0
sedan 500.0 329.0 547.0 359.0
sedan 442.0 331.0 487.0 363.0
sedan 452.0 310.0 494.0 339.0
sedan 494.0 352.0 542.0 384.0
sedan 486.0 375.0 534.0 406.0
sedan 479.0 399.0 523.0 432.0
sedan 470.0 424.0 515.0 459.0
sedan 465.0 448.0 507.0 480.0
sedan 451.0 473.0 495.0 504.0
sedan 436.0 494.0 483.0 525.0
sedan 365.0 516.0 411.0 552.0
sedan 373.0 495.0 417.0 525.0
sedan 385.0 471.0 428.0 503.0
sedan 395.0 446.0 440.0 483.0
sedan 407.0 426.0 451.0 457.0
sedan 418.0 403.0 462.0 433.0
sedan 427.0 380.0 473.0 410.0
sedan 432.0 352.0 479.0 384.0
sedan 428.0 516.0 474.0 551.0
sedan 417.0 541.0 463.0 571.0
sedan 411.0 563.0 453.0 594.0
sedan 400.0 586.0 443.0 620.0
sedan 342.0 562.0 391.0 597.0
sedan 356.0 541.0 401.0 574.0
sedan 334.0 588.0 378.0 622.0
sedan 385.0 608.0 433.0 640.0
sedan 578.0 412.0 608.0 462.0
sedan 607.0 423.0 634.0 466.0
sedan 321.0 611.0 366.0 640.0
