truck 406.0 51.0 437.0 103.0
truck 137.0 116.0 169.0 160.0
pickuptruck 446.0 3.0 470.0 49.0
sedan 139.0 172.0 176.0 190.0
sedan 183.0 188.0 223.0 210.0
sedan 231.0 193.0 279.0 219.0
sedan 284.0 204.0 325.0 231.0
sedan 331.0 217.0 372.0 241.0
sedan 508.0 259.0 545.0 284.0
sedan 546.0 265.0 581.0 293.0
sedan 343.0 431.0 396.0 457.0
sedan 842.0 514.0 895.0 540.0
sedan 835.0 552.0 884.0 578.0
sedan 738.0 525.0 788.0 556.0
sedan 720.0 554.0 767.0 581.0
sedan 686.0 302.0 729.0 327.0
sedan 276.0 481.0 325.0 508.0
trailer 288.0 272.0 465.0 339.0
