sedan 5.0 185.0 40.0 203.0
sedan 4.0 161.0 39.0 180.0
sedan 1.0 112.0 41.0 134.0
truck 265.0 13.0 318.0 44.0
truck 263.0 1.0 314.0 14.0
sedan 285.0 74.0 333.0 95.0
sedan 1.0 434.0 14.0 455.0
sedan 28.0 433.0 75.0 454.0
sedan 122.0 415.0 170.0 435.0
sedan 528.0 436.0 575.0 458.0
sedan 898.0 596.0 938.0 620.0
sedan 988.0 509.0 1036.0 532.0
sedan 978.0 536.0 1027.0 557.0
sedan 982.0 560.0 1028.0 581.0
sedan 985.0 585.0 1028.0 605.0
sedan 982.0 609.0 1028.0 627.0
sedan 1112.0 553.0 1137.0 576.0
sedan 1115.0 582.0 1137.0 603.0
sedan 1116.0 606.0 1137.0 626.0
sedan 1116.0 629.0 1137.0 640.0
