sedan 121.0 260.0 144.0 308.0
sedan 153.0 260.0 174.0 307.0
sedan 200.0 265.0 223.0 311.0
sedan 254.0 265.0 277.0 315.0
sedan 280.0 274.0 303.0 320.0
sedan 310.0 339.0 356.0 358.0
sedan 491.0 276.0 543.0 299.0
truck 649.0 104.0 687.0 131.0
truck 905.0 54.0 966.0 80.0
truck 908.0 84.0 968.0 112.0
sedan 926.0 145.0 975.0 168.0
truck 649.0 43.0 704.0 72.0
sedan 649.0 171.0 671.0 192.0
sedan 649.0 224.0 669.0 243.0
sedan 646.0 245.0 669.0 264.0
sedan 472.0 504.0 517.0 525.0
sedan 586.0 505.0 632.0 528.0
sedan 653.0 507.0 696.0 528.0
sedan 755.0 492.0 802.0 516.0
sedan 815.0 453.0 865.0 475.0
sedan 195.0 619.0 227.0 640.0
sedan 11.0 103.0 35.0 125.0
sedan 47.0 563.0 75.0 620.0
