sedan 182.0 109.0 204.0 132.0
sedan 290.0 264.0 312.0 317.0
sedan 321.0 265.0 342.0 314.0
sedan 369.0 269.0 391.0 318.0
sedan 419.0 271.0 440.0 321.0
sedan 448.0 280.0 467.0 328.0
sedan 477.0 344.0 521.0 365.0
sedan 90.0 563.0 120.0 616.0
sedan 125.0 562.0 147.0 619.0
sedan 217.0 566.0 246.0 621.0
sedan 157.0 566.0 178.0 616.0
sedan 634.0 508.0 681.0 530.0
sedan 749.0 511.0 797.0 533.0
sedan 817.0 514.0 860.0 532.0
sedan 919.0 497.0 966.0 521.0
sedan 654.0 283.0 705.0 305.0
sedan 822.0 178.0 835.0 195.0
sedan 820.0 230.0 832.0 245.0
sedan 820.0 252.0 832.0 269.0
truck 820.0 52.0 866.0 79.0
truck 820.0 114.0 850.0 139.0
truck 1065.0 61.0 1129.0 90.0
truck 1066.0 91.0 1131.0 119.0
sedan 1085.0 152.0 1133.0 175.0
sedan 1078.0 40.0 1121.0 61.0
