sedan 225.0 174.0 275.0 196.0
sedan 415.0 5.0 459.0 27.0
sedan 408.0 50.0 454.0 74.0
sedan 410.0 81.0 458.0 100.0
sedan 688.0 151.0 737.0 175.0
sedan 684.0 211.0 728.0 233.0
sedan 679.0 241.0 731.0 264.0
sedan 677.0 268.0 727.0 291.0
pickuptruck 607.0 178.0 633.0 228.0
truck 565.0 224.0 595.0 293.0
sedan 795.0 298.0 842.0 320.0
sedan 741.0 330.0 762.0 377.0
sedan 928.0 402.0 951.0 449.0
sedan 956.0 405.0 976.0 449.0
sedan 982.0 407.0 1000.0 455.0
sedan 1002.0 414.0 1022.0 453.0
sedan 1027.0 413.0 1049.0 458.0
sedan 1054.0 413.0 1073.0 459.0
sedan 1077.0 417.0 1097.0 465.0
sedan 1101.0 417.0 1122.0 460.0
sedan 1123.0 417.0 1137.0 463.0
truck 532.0 410.0 552.0 449.0
sedan 529.0 496.0 551.0 540.0
