sedan 379.0 15.0 428.0 37.0
sedan 380.0 43.0 432.0 63.0
sedan 199.0 135.0 250.0 160.0
sedan 151.0 147.0 167.0 165.0
truck 538.0 249.0 564.0 317.0
truck 506.0 344.0 523.0 380.0
pickuptruck 575.0 170.0 599.0 221.0
sedan 500.0 411.0 526.0 457.0
sedan 658.0 117.0 707.0 139.0
sedan 653.0 178.0 700.0 199.0
sedan 653.0 205.0 702.0 227.0
sedan 649.0 234.0 699.0 256.0
sedan 711.0 293.0 734.0 340.0
sedan 777.0 268.0 823.0 288.0
sedan 900.0 368.0 922.0 412.0
sedan 927.0 371.0 946.0 417.0
sedan 949.0 375.0 971.0 417.0
sedan 974.0 380.0 993.0 419.0
sedan 995.0 378.0 1019.0 423.0
sedan 1023.0 378.0 1044.0 420.0
sedan 1071.0 383.0 1091.0 427.0
sedan 1094.0 381.0 1116.0 426.0
sedan 1116.0 386.0 1137.0 428.0
