pickuptruck 107.0 451.0 165.0 484.0
sedan 56.0 248.0 101.0 279.0
sedan 183.0 266.0 236.0 294.0
sedan 186.0 238.0 236.0 264.0
sedan 180.0 214.0 229.0 242.0
sedan 177.0 188.0 221.0 219.0
sedan 160.0 143.0 212.0 170.0
sedan 171.0 168.0 219.0 197.0
sedan 155.0 127.0 188.0 147.0
sedan 1.0 268.0 48.0 296.0
sedan 49.0 227.0 96.0 252.0
sedan 41.0 202.0 89.0 228.0
sedan 38.0 180.0 85.0 207.0
sedan 23.0 154.0 73.0 182.0
sedan 18.0 134.0 62.0 158.0
sedan 1.0 11.0 39.0 35.0
sedan 1.0 35.0 44.0 63.0
sedan 2.0 60.0 53.0 88.0
sedan 7.0 83.0 56.0 110.0
sedan 15.0 106.0 60.0 135.0
sedan 1.0 238.0 43.0 272.0
sedan 1.0 216.0 33.0 241.0
sedan 1.0 195.0 26.0 218.0
sedan 1.0 169.0 17.0 191.0
sedan 268.0 157.0 303.0 184.0
sedan 649.0 226.0 700.0 256.0
sedan 988.0 534.0 1042.0 563.0
truck 1021.0 585.0 1081.0 619.0
truck 1031.0 614.0 1092.0 640.0
sedan 1057.0 147.0 1113.0 176.0
sedan 259.0 85.0 291.0 112.0
