sedan 10.0 499.0 59.0 527.0
sedan 79.0 480.0 124.0 513.0
sedan 189.0 453.0 236.0 483.0
sedan 108.0 598.0 151.0 628.0
sedan 598.0 567.0 626.0 619.0
sedan 570.0 577.0 597.0 626.0
sedan 385.0 571.0 429.0 597.0
sedan 523.0 588.0 551.0 634.0
sedan 474.0 597.0 498.0 640.0
sedan 445.0 600.0 470.0 640.0
sedan 300.0 137.0 327.0 191.0
sedan 355.0 124.0 383.0 171.0
sedan 329.0 130.0 354.0 181.0
sedan 329.0 238.0 378.0 268.0
sedan 581.0 266.0 610.0 315.0
sedan 642.0 256.0 668.0 302.0
sedan 699.0 237.0 728.0 290.0
sedan 670.0 243.0 696.0 297.0
sedan 741.0 179.0 791.0 208.0
