sedan 280.0 571.0 323.0 598.0
sedan 313.0 606.0 357.0 632.0
sedan 520.0 603.0 549.0 640.0
sedan 494.0 608.0 517.0 640.0
sedan 444.0 617.0 469.0 640.0
sedan 2.0 520.0 50.0 544.0
sedan 114.0 491.0 160.0 517.0
sedan 225.0 172.0 253.0 223.0
sedan 256.0 164.0 282.0 215.0
sedan 282.0 160.0 308.0 207.0
sedan 259.0 274.0 305.0 301.0
sedan 669.0 214.0 717.0 240.0
sedan 622.0 274.0 653.0 323.0
sedan 597.0 278.0 623.0 330.0
sedan 570.0 288.0 596.0 335.0
sedan 506.0 300.0 537.0 351.0
sedan 685.0 9.0 730.0 34.0
sedan 682.0 1.0 725.0 10.0
