sedan 1.0 352.0 21.0 398.0
sedan 21.0 353.0 48.0 403.0
sedan 46.0 356.0 74.0 402.0
sedan 72.0 363.0 97.0 408.0
sedan 99.0 366.0 124.0 410.0
sedan 126.0 366.0 150.0 417.0
sedan 151.0 373.0 173.0 417.0
sedan 186.0 377.0 213.0 422.0
sedan 280.0 415.0 329.0 439.0
sedan 339.0 400.0 363.0 450.0
sedan 373.0 405.0 392.0 453.0
sedan 394.0 404.0 420.0 455.0
sedan 421.0 409.0 447.0 462.0
sedan 446.0 417.0 473.0 466.0
sedan 547.0 432.0 569.0 470.0
sedan 599.0 440.0 618.0 481.0
sedan 620.0 444.0 643.0 487.0
sedan 646.0 445.0 666.0 489.0
sedan 668.0 448.0 692.0 494.0
sedan 692.0 456.0 715.0 499.0
sedan 718.0 455.0 739.0 500.0
sedan 747.0 461.0 765.0 504.0
sedan 766.0 465.0 790.0 510.0
sedan 792.0 471.0 812.0 514.0
sedan 815.0 475.0 840.0 519.0
sedan 676.0 98.0 718.0 119.0
sedan 999.0 565.0 1020.0 614.0
sedan 75.0 125.0 107.0 146.0
sedan 106.0 32.0 124.0 55.0
