sedan 443.0 4.0 494.0 26.0
sedan 104.0 309.0 131.0 363.0
sedan 42.0 320.0 98.0 350.0
sedan 135.0 313.0 160.0 366.0
sedan 159.0 311.0 189.0 363.0
sedan 188.0 318.0 211.0 370.0
sedan 214.0 324.0 239.0 373.0
sedan 315.0 339.0 334.0 379.0
sedan 365.0 346.0 390.0 391.0
sedan 391.0 343.0 413.0 395.0
sedan 414.0 350.0 439.0 394.0
sedan 439.0 348.0 463.0 398.0
sedan 463.0 359.0 486.0 403.0
sedan 491.0 360.0 512.0 404.0
sedan 518.0 365.0 538.0 406.0
sedan 539.0 365.0 560.0 411.0
sedan 561.0 374.0 586.0 416.0
sedan 588.0 378.0 612.0 421.0
sedan 1010.0 482.0 1032.0 523.0
sedan 974.0 554.0 1000.0 594.0
sedan 771.0 470.0 794.0 520.0
sedan 803.0 561.0 855.0 586.0
sedan 795.0 592.0 848.0 617.0
sedan 794.0 619.0 844.0 640.0
sedan 986.0 146.0 1009.0 192.0
