sedan 56.0 336.0 88.0 384.0
sedan 149.0 375.0 204.0 401.0
sedan 215.0 361.0 236.0 412.0
sedan 242.0 363.0 268.0 412.0
sedan 319.0 374.0 344.0 425.0
sedan 295.0 369.0 316.0 423.0
sedan 268.0 363.0 293.0 413.0
sedan 420.0 390.0 443.0 431.0
sedan 875.0 523.0 897.0 572.0
sedan 1078.0 568.0 1102.0 602.0
sedan 1111.0 538.0 1134.0 577.0
sedan 905.0 611.0 959.0 638.0
sedan 690.0 431.0 712.0 478.0
sedan 670.0 426.0 689.0 476.0
sedan 471.0 397.0 493.0 441.0
sedan 495.0 398.0 520.0 447.0
sedan 523.0 404.0 542.0 445.0
sedan 544.0 406.0 568.0 452.0
sedan 567.0 411.0 590.0 458.0
sedan 591.0 411.0 616.0 459.0
sedan 618.0 419.0 640.0 458.0
sedan 642.0 423.0 664.0 469.0
sedan 552.0 54.0 595.0 78.0
sedan 1082.0 206.0 1108.0 255.0
sedan 21.0 327.0 48.0 380.0
sedan 1.0 329.0 18.0 378.0
