sedan 176.0 264.0 201.0 315.0
sedan 210.0 259.0 233.0 310.0
sedan 256.0 265.0 280.0 315.0
sedan 307.0 264.0 334.0 315.0
sedan 336.0 275.0 359.0 322.0
sedan 365.0 340.0 414.0 362.0
sedan 544.0 278.0 596.0 304.0
truck 706.0 109.0 744.0 137.0
truck 706.0 48.0 758.0 81.0
sedan 705.0 172.0 727.0 192.0
sedan 705.0 224.0 724.0 246.0
sedan 703.0 248.0 725.0 267.0
sedan 981.0 146.0 1028.0 170.0
sedan 972.0 34.0 1016.0 56.0
truck 959.0 58.0 1021.0 85.0
truck 962.0 87.0 1022.0 115.0
sedan 527.0 505.0 571.0 528.0
sedan 642.0 509.0 688.0 530.0
sedan 706.0 509.0 751.0 532.0
sedan 811.0 493.0 856.0 516.0
sedan 9.0 561.0 37.0 618.0
sedan 40.0 559.0 66.0 615.0
sedan 105.0 562.0 133.0 620.0
sedan 994.0 456.0 1046.0 480.0
sedan 68.0 104.0 92.0 129.0
