sedan 1028.0 104.0 1082.0 132.0
pickuptruck 965.0 192.0 1021.0 225.0
sedan 248.0 95.0 275.0 139.0
sedan 276.0 81.0 303.0 133.0
sedan 335.0 3.0 379.0 32.0
sedan 344.0 25.0 390.0 53.0
sedan 353.0 51.0 397.0 80.0
sedan 357.0 77.0 408.0 102.0
sedan 364.0 98.0 417.0 130.0
sedan 377.0 121.0 425.0 151.0
sedan 382.0 145.0 430.0 176.0
sedan 441.0 129.0 485.0 159.0
sedan 392.0 1.0 439.0 16.0
sedan 401.0 12.0 445.0 41.0
sedan 410.0 37.0 455.0 62.0
sedan 421.0 62.0 466.0 85.0
sedan 427.0 83.0 473.0 111.0
sedan 429.0 105.0 478.0 134.0
sedan 535.0 1.0 585.0 27.0
sedan 540.0 25.0 587.0 53.0
sedan 554.0 49.0 600.0 75.0
sedan 560.0 72.0 603.0 98.0
sedan 564.0 93.0 612.0 122.0
sedan 572.0 116.0 618.0 145.0
sedan 569.0 145.0 614.0 173.0
sedan 636.0 38.0 681.0 65.0
