sedan 613.0 78.0 655.0 100.0
sedan 5.0 343.0 33.0 393.0
sedan 32.0 350.0 57.0 393.0
sedan 58.0 353.0 84.0 400.0
sedan 85.0 353.0 109.0 400.0
sedan 118.0 359.0 146.0 407.0
sedan 272.0 383.0 298.0 432.0
sedan 212.0 397.0 267.0 422.0
sedan 304.0 387.0 327.0 432.0
sedan 327.0 387.0 355.0 435.0
sedan 379.0 398.0 410.0 446.0
sedan 356.0 391.0 382.0 444.0
sedan 482.0 414.0 504.0 454.0
sedan 533.0 420.0 553.0 466.0
sedan 557.0 422.0 578.0 470.0
sedan 579.0 427.0 602.0 468.0
sedan 602.0 429.0 626.0 474.0
sedan 629.0 436.0 649.0 479.0
sedan 654.0 433.0 674.0 483.0
sedan 681.0 444.0 702.0 484.0
sedan 702.0 445.0 726.0 489.0
sedan 729.0 453.0 746.0 497.0
sedan 750.0 455.0 773.0 499.0
sedan 933.0 547.0 956.0 595.0
