sedan 40.0 26.0 64.0 73.0
sedan 63.0 31.0 83.0 76.0
sedan 88.0 30.0 108.0 75.0
sedan 114.0 26.0 133.0 63.0
sedan 136.0 27.0 158.0 69.0
sedan 162.0 20.0 189.0 62.0
sedan 222.0 101.0 248.0 120.0
sedan 201.0 192.0 243.0 215.0
sedan 784.0 93.0 828.0 116.0
sedan 1.0 425.0 22.0 470.0
sedan 73.0 420.0 95.0 470.0
sedan 101.0 421.0 123.0 473.0
sedan 128.0 425.0 148.0 470.0
sedan 153.0 426.0 174.0 473.0
sedan 177.0 424.0 201.0 472.0
sedan 204.0 425.0 226.0 472.0
sedan 228.0 428.0 251.0 477.0
sedan 254.0 433.0 277.0 473.0
sedan 281.0 427.0 303.0 473.0
sedan 308.0 433.0 327.0 477.0
sedan 339.0 428.0 364.0 478.0
sedan 437.0 457.0 487.0 479.0
sedan 497.0 434.0 519.0 485.0
sedan 527.0 434.0 546.0 482.0
sedan 552.0 431.0 570.0 482.0
sedan 578.0 432.0 597.0 485.0
sedan 602.0 437.0 623.0 484.0
sedan 701.0 440.0 722.0 483.0
sedan 755.0 443.0 773.0 486.0
sedan 779.0 441.0 795.0 488.0
sedan 800.0 442.0 819.0 484.0
sedan 825.0 443.0 847.0 485.0
sedan 849.0 445.0 869.0 491.0
sedan 873.0 444.0 893.0 488.0
sedan 900.0 447.0 921.0 486.0
sedan 923.0 446.0 946.0 494.0
sedan 949.0 450.0 968.0 494.0
sedan 971.0 452.0 992.0 494.0
