sedan 186.0 33.0 209.0 76.0
sedan 210.0 35.0 233.0 80.0
sedan 233.0 34.0 253.0 84.0
sedan 258.0 30.0 279.0 72.0
sedan 284.0 33.0 304.0 77.0
sedan 311.0 27.0 330.0 70.0
sedan 363.0 105.0 400.0 124.0
sedan 347.0 198.0 395.0 220.0
sedan 1.0 419.0 10.0 470.0
sedan 10.0 425.0 35.0 468.0
sedan 38.0 425.0 62.0 471.0
sedan 65.0 425.0 89.0 468.0
sedan 91.0 420.0 114.0 471.0
sedan 146.0 428.0 168.0 470.0
sedan 118.0 423.0 141.0 470.0
sedan 224.0 426.0 245.0 472.0
sedan 250.0 428.0 271.0 477.0
sedan 277.0 428.0 296.0 475.0
sedan 301.0 428.0 322.0 476.0
sedan 326.0 430.0 346.0 477.0
sedan 352.0 428.0 371.0 476.0
sedan 377.0 429.0 396.0 477.0
sedan 403.0 432.0 422.0 476.0
sedan 428.0 431.0 448.0 480.0
sedan 456.0 432.0 474.0 479.0
sedan 488.0 433.0 507.0 479.0
sedan 580.0 462.0 629.0 481.0
sedan 638.0 438.0 660.0 490.0
sedan 668.0 440.0 688.0 488.0
sedan 693.0 437.0 713.0 485.0
sedan 719.0 439.0 739.0 491.0
sedan 744.0 444.0 766.0 491.0
sedan 842.0 446.0 861.0 488.0
sedan 890.0 448.0 912.0 493.0
sedan 916.0 447.0 936.0 494.0
sedan 939.0 449.0 959.0 491.0
sedan 961.0 447.0 984.0 494.0
sedan 985.0 453.0 1007.0 495.0
sedan 1010.0 449.0 1032.0 495.0
sedan 1035.0 453.0 1057.0 492.0
sedan 1059.0 453.0 1083.0 499.0
sedan 1083.0 457.0 1104.0 499.0
sedan 1107.0 457.0 1127.0 501.0
sedan 922.0 104.0 966.0 124.0
