truck 423.0 244.0 442.0 285.0
sedan 420.0 303.0 441.0 348.0
pickuptruck 484.0 207.0 506.0 259.0
truck 442.0 347.0 475.0 420.0
sedan 115.0 87.0 162.0 110.0
sedan 631.0 248.0 649.0 291.0
sedan 565.0 187.0 613.0 209.0
sedan 576.0 68.0 623.0 90.0
sedan 573.0 130.0 617.0 150.0
sedan 569.0 158.0 618.0 179.0
sedan 694.0 221.0 738.0 240.0
sedan 819.0 322.0 838.0 368.0
sedan 845.0 326.0 863.0 367.0
sedan 867.0 327.0 888.0 373.0
sedan 891.0 334.0 910.0 372.0
sedan 915.0 331.0 935.0 379.0
sedan 940.0 331.0 961.0 375.0
sedan 965.0 334.0 986.0 381.0
sedan 1084.0 345.0 1108.0 384.0
sedan 1034.0 338.0 1057.0 380.0
sedan 990.0 337.0 1009.0 381.0
sedan 1012.0 337.0 1034.0 381.0
sedan 63.0 98.0 84.0 119.0
