sedan 63.0 258.0 86.0 308.0
sedan 95.0 256.0 120.0 305.0
sedan 143.0 261.0 167.0 311.0
sedan 197.0 264.0 220.0 313.0
sedan 225.0 272.0 246.0 318.0
sedan 253.0 337.0 298.0 359.0
sedan 154.0 593.0 185.0 640.0
sedan 416.0 503.0 463.0 527.0
sedan 436.0 274.0 487.0 296.0
sedan 531.0 504.0 578.0 526.0
sedan 597.0 505.0 640.0 528.0
sedan 636.0 450.0 686.0 473.0
sedan 701.0 491.0 746.0 513.0
sedan 589.0 245.0 613.0 261.0
sedan 590.0 223.0 614.0 240.0
sedan 591.0 171.0 615.0 189.0
truck 590.0 42.0 649.0 70.0
truck 591.0 104.0 630.0 130.0
truck 852.0 52.0 911.0 81.0
truck 853.0 81.0 913.0 110.0
sedan 872.0 143.0 920.0 165.0
sedan 865.0 29.0 908.0 52.0
sedan 1120.0 530.0 1137.0 552.0
sedan 1.0 562.0 17.0 618.0
