sedan 1.0 279.0 18.0 301.0
sedan 269.0 264.0 290.0 288.0
sedan 321.0 265.0 337.0 288.0
sedan 341.0 265.0 359.0 289.0
truck 143.0 241.0 169.0 292.0
truck 203.0 254.0 233.0 293.0
truck 32.0 1.0 64.0 46.0
truck 171.0 1.0 202.0 45.0
truck 143.0 1.0 171.0 42.0
sedan 123.0 1.0 142.0 34.0
sedan 230.0 1.0 253.0 24.0
sedan 379.0 387.0 400.0 436.0
sedan 589.0 230.0 608.0 274.0
sedan 593.0 289.0 612.0 334.0
sedan 594.0 397.0 616.0 444.0
truck 534.0 375.0 566.0 447.0
truck 979.0 73.0 1063.0 107.0
truck 979.0 108.0 1064.0 143.0
sedan 926.0 250.0 949.0 295.0
sedan 827.0 288.0 845.0 305.0
sedan 849.0 290.0 865.0 302.0
sedan 571.0 129.0 589.0 176.0
sedan 444.0 565.0 466.0 608.0
sedan 387.0 619.0 433.0 640.0
sedan 558.0 613.0 579.0 640.0
sedan 772.0 583.0 792.0 626.0
sedan 848.0 570.0 899.0 591.0
sedan 850.0 596.0 900.0 620.0
sedan 852.0 627.0 903.0 640.0
