sedan 399.0 80.0 420.0 124.0
sedan 469.0 79.0 488.0 118.0
sedan 496.0 79.0 514.0 127.0
sedan 518.0 73.0 540.0 118.0
sedan 445.0 80.0 464.0 129.0
sedan 421.0 84.0 440.0 128.0
sedan 575.0 152.0 611.0 173.0
sedan 560.0 245.0 606.0 264.0
pickuptruck 117.0 97.0 140.0 149.0
sedan 118.0 173.0 139.0 221.0
sedan 188.0 228.0 204.0 265.0
sedan 4.0 458.0 28.0 506.0
sedan 30.0 457.0 54.0 505.0
sedan 54.0 458.0 79.0 508.0
sedan 82.0 458.0 105.0 507.0
sedan 131.0 463.0 155.0 509.0
sedan 107.0 462.0 126.0 508.0
sedan 209.0 463.0 231.0 512.0
sedan 236.0 470.0 257.0 511.0
sedan 261.0 470.0 282.0 516.0
sedan 289.0 469.0 310.0 512.0
sedan 315.0 464.0 332.0 510.0
sedan 339.0 469.0 359.0 514.0
sedan 364.0 472.0 385.0 513.0
sedan 441.0 469.0 461.0 515.0
sedan 467.0 472.0 484.0 520.0
sedan 493.0 472.0 513.0 518.0
sedan 516.0 472.0 535.0 519.0
sedan 542.0 474.0 560.0 518.0
sedan 566.0 474.0 583.0 519.0
sedan 590.0 476.0 611.0 521.0
sedan 616.0 477.0 636.0 522.0
sedan 642.0 477.0 660.0 523.0
sedan 666.0 479.0 685.0 524.0
sedan 699.0 476.0 719.0 526.0
sedan 788.0 504.0 838.0 524.0
sedan 849.0 484.0 868.0 534.0
sedan 876.0 485.0 896.0 531.0
sedan 902.0 482.0 921.0 530.0
sedan 928.0 486.0 946.0 531.0
sedan 951.0 487.0 971.0 535.0
sedan 1047.0 485.0 1066.0 531.0
sedan 1094.0 494.0 1119.0 536.0
sedan 1122.0 495.0 1137.0 538.0
pickuptruck 114.0 519.0 169.0 548.0
