sedan 247.0 161.0 277.0 210.0
sedan 554.0 1.0 600.0 23.0
sedan 560.0 14.0 605.0 45.0
sedan 572.0 38.0 612.0 66.0
sedan 577.0 59.0 620.0 87.0
sedan 587.0 82.0 630.0 109.0
sedan 607.0 128.0 645.0 157.0
sedan 638.0 219.0 683.0 247.0
sedan 647.0 241.0 692.0 272.0
sedan 652.0 267.0 699.0 296.0
sedan 665.0 289.0 710.0 318.0
sedan 674.0 314.0 723.0 346.0
sedan 709.0 344.0 739.0 391.0
sedan 728.0 455.0 775.0 488.0
sedan 745.0 487.0 788.0 517.0
sedan 756.0 509.0 796.0 541.0
sedan 762.0 534.0 803.0 563.0
sedan 769.0 561.0 815.0 590.0
sedan 778.0 582.0 822.0 612.0
sedan 785.0 606.0 833.0 637.0
