pickuptruck 644.0 590.0 688.0 640.0
sedan 671.0 513.0 695.0 562.0
sedan 844.0 519.0 869.0 567.0
sedan 822.0 517.0 844.0 565.0
sedan 796.0 515.0 819.0 564.0
sedan 769.0 512.0 793.0 561.0
sedan 748.0 515.0 768.0 561.0
sedan 723.0 511.0 745.0 561.0
sedan 695.0 513.0 718.0 560.0
pickuptruck 809.0 160.0 832.0 213.0
sedan 810.0 234.0 830.0 285.0
sedan 878.0 280.0 898.0 328.0
sedan 1090.0 144.0 1110.0 190.0
sedan 1113.0 146.0 1132.0 194.0
sedan 920.0 520.0 940.0 570.0
sedan 1070.0 529.0 1090.0 574.0
sedan 1041.0 525.0 1065.0 571.0
sedan 1019.0 523.0 1038.0 569.0
sedan 996.0 526.0 1014.0 568.0
sedan 969.0 525.0 989.0 572.0
sedan 944.0 527.0 967.0 568.0
sedan 821.0 1.0 840.0 20.0
