sedan 992.0 110.0 1037.0 128.0
sedan 264.0 37.0 283.0 83.0
sedan 287.0 42.0 306.0 90.0
sedan 360.0 36.0 379.0 83.0
sedan 384.0 32.0 405.0 76.0
sedan 335.0 38.0 355.0 76.0
sedan 311.0 39.0 330.0 88.0
sedan 439.0 110.0 477.0 130.0
sedan 425.0 204.0 473.0 224.0
sedan 1.0 420.0 16.0 468.0
sedan 64.0 420.0 89.0 470.0
sedan 92.0 430.0 114.0 472.0
sedan 118.0 427.0 141.0 476.0
sedan 147.0 428.0 168.0 471.0
sedan 173.0 423.0 191.0 473.0
sedan 196.0 426.0 220.0 474.0
sedan 225.0 432.0 247.0 476.0
sedan 301.0 431.0 323.0 475.0
sedan 326.0 432.0 345.0 480.0
sedan 355.0 432.0 373.0 479.0
sedan 377.0 433.0 399.0 483.0
sedan 403.0 431.0 422.0 479.0
sedan 429.0 432.0 449.0 480.0
sedan 454.0 435.0 474.0 478.0
sedan 481.0 439.0 499.0 482.0
sedan 507.0 436.0 525.0 484.0
sedan 531.0 436.0 549.0 483.0
sedan 564.0 437.0 583.0 484.0
sedan 654.0 464.0 704.0 483.0
sedan 715.0 443.0 735.0 493.0
sedan 744.0 444.0 763.0 491.0
sedan 769.0 441.0 787.0 492.0
sedan 794.0 443.0 813.0 493.0
sedan 816.0 447.0 838.0 496.0
sedan 912.0 448.0 935.0 490.0
sedan 963.0 451.0 984.0 496.0
sedan 989.0 453.0 1008.0 498.0
sedan 1011.0 452.0 1033.0 498.0
sedan 1035.0 452.0 1056.0 498.0
sedan 1057.0 455.0 1080.0 501.0
sedan 1081.0 453.0 1104.0 499.0
sedan 1107.0 457.0 1129.0 497.0
pickuptruck 7.0 480.0 65.0 505.0
