sedan 251.0 156.0 273.0 197.0
sedan 344.0 155.0 365.0 199.0
sedan 185.0 236.0 226.0 262.0
sedan 190.0 260.0 236.0 282.0
sedan 197.0 290.0 234.0 308.0
sedan 201.0 312.0 248.0 330.0
sedan 206.0 333.0 250.0 352.0
sedan 203.0 357.0 249.0 377.0
sedan 370.0 546.0 416.0 568.0
sedan 333.0 625.0 380.0 640.0
sedan 555.0 18.0 599.0 37.0
sedan 561.0 51.0 601.0 68.0
sedan 561.0 71.0 605.0 94.0
sedan 566.0 98.0 605.0 116.0
sedan 568.0 121.0 608.0 142.0
sedan 568.0 147.0 607.0 167.0
sedan 569.0 170.0 613.0 192.0
sedan 572.0 192.0 615.0 215.0
sedan 574.0 217.0 617.0 238.0
sedan 579.0 242.0 622.0 263.0
sedan 578.0 265.0 620.0 287.0
sedan 607.0 558.0 652.0 584.0
sedan 609.0 588.0 652.0 609.0
sedan 610.0 610.0 655.0 634.0
sedan 587.0 339.0 630.0 357.0
sedan 589.0 364.0 631.0 385.0
sedan 587.0 390.0 635.0 408.0
sedan 595.0 413.0 636.0 429.0
sedan 599.0 436.0 642.0 459.0
sedan 603.0 464.0 642.0 484.0
sedan 600.0 488.0 646.0 509.0
sedan 29.0 316.0 54.0 337.0
