sedan 363.0 1.0 385.0 30.0
sedan 365.0 34.0 384.0 80.0
pickuptruck 352.0 214.0 377.0 262.0
sedan 349.0 290.0 372.0 337.0
sedan 421.0 333.0 441.0 380.0
sedan 193.0 574.0 214.0 621.0
sedan 218.0 572.0 240.0 623.0
sedan 248.0 574.0 267.0 621.0
sedan 274.0 575.0 294.0 621.0
sedan 297.0 575.0 318.0 623.0
sedan 347.0 579.0 366.0 624.0
sedan 374.0 577.0 396.0 627.0
sedan 322.0 575.0 345.0 624.0
sedan 449.0 580.0 469.0 628.0
sedan 473.0 588.0 493.0 627.0
sedan 524.0 588.0 544.0 628.0
sedan 498.0 587.0 516.0 633.0
sedan 550.0 582.0 567.0 629.0
sedan 573.0 585.0 594.0 631.0
sedan 599.0 591.0 618.0 632.0
sedan 674.0 588.0 694.0 634.0
sedan 700.0 589.0 719.0 639.0
sedan 725.0 593.0 744.0 635.0
sedan 748.0 591.0 770.0 639.0
sedan 773.0 591.0 793.0 637.0
sedan 798.0 591.0 817.0 637.0
sedan 847.0 595.0 866.0 639.0
sedan 820.0 594.0 843.0 637.0
sedan 869.0 594.0 891.0 640.0
sedan 893.0 594.0 916.0 640.0
sedan 928.0 596.0 948.0 640.0
sedan 1013.0 623.0 1069.0 640.0
sedan 1076.0 599.0 1098.0 640.0
sedan 1103.0 601.0 1126.0 640.0
sedan 628.0 199.0 651.0 245.0
sedan 652.0 202.0 672.0 249.0
sedan 676.0 200.0 694.0 248.0
sedan 697.0 198.0 717.0 237.0
sedan 720.0 198.0 745.0 246.0
sedan 748.0 193.0 770.0 235.0
sedan 804.0 270.0 843.0 290.0
sedan 788.0 363.0 835.0 385.0
sedan 692.0 36.0 712.0 79.0
