sedan 508.0 42.0 535.0 81.0
sedan 622.0 204.0 645.0 256.0
sedan 649.0 206.0 673.0 254.0
sedan 697.0 208.0 719.0 256.0
sedan 747.0 206.0 767.0 256.0
sedan 774.0 213.0 795.0 257.0
sedan 807.0 275.0 848.0 295.0
truck 814.0 360.0 926.0 424.0
sedan 967.0 425.0 1015.0 449.0
sedan 1081.0 426.0 1127.0 446.0
sedan 980.0 205.0 1032.0 228.0
sedan 369.0 578.0 417.0 598.0
sedan 449.0 500.0 473.0 554.0
sedan 482.0 499.0 502.0 555.0
sedan 512.0 502.0 534.0 552.0
sedan 572.0 500.0 596.0 553.0
sedan 790.0 609.0 841.0 629.0
