sedan 724.0 29.0 756.0 76.0
sedan 561.0 147.0 607.0 175.0
sedan 614.0 63.0 644.0 113.0
sedan 644.0 57.0 672.0 105.0
sedan 668.0 49.0 696.0 93.0
sedan 570.0 351.0 611.0 377.0
sedan 577.0 371.0 618.0 400.0
sedan 583.0 396.0 629.0 424.0
sedan 592.0 418.0 631.0 446.0
sedan 600.0 443.0 642.0 471.0
sedan 610.0 467.0 654.0 498.0
sedan 614.0 492.0 662.0 522.0
sedan 625.0 517.0 667.0 545.0
sedan 632.0 536.0 680.0 565.0
sedan 645.0 560.0 687.0 591.0
sedan 662.0 609.0 702.0 640.0
sedan 948.0 55.0 993.0 84.0
sedan 1005.0 123.0 1036.0 175.0
sedan 980.0 135.0 1009.0 182.0
sedan 955.0 145.0 986.0 193.0
