pickuptruck 787.0 131.0 813.0 183.0
sedan 867.0 246.0 889.0 292.0
sedan 794.0 207.0 814.0 255.0
pickuptruck 661.0 589.0 690.0 640.0
sedan 676.0 492.0 697.0 540.0
sedan 700.0 488.0 723.0 541.0
sedan 726.0 489.0 750.0 536.0
sedan 754.0 488.0 775.0 535.0
sedan 775.0 485.0 799.0 536.0
sedan 803.0 485.0 823.0 534.0
sedan 826.0 487.0 846.0 533.0
sedan 851.0 485.0 876.0 532.0
sedan 1072.0 480.0 1095.0 522.0
sedan 922.0 481.0 947.0 530.0
sedan 949.0 485.0 969.0 528.0
sedan 1001.0 482.0 1021.0 526.0
sedan 971.0 484.0 995.0 531.0
sedan 1024.0 474.0 1045.0 525.0
sedan 1047.0 478.0 1069.0 524.0
sedan 1066.0 94.0 1090.0 139.0
sedan 1090.0 96.0 1110.0 143.0
sedan 1112.0 91.0 1135.0 142.0
