sedan 801.0 1.0 823.0 37.0
pickuptruck 792.0 175.0 816.0 228.0
sedan 795.0 253.0 814.0 299.0
sedan 860.0 296.0 881.0 343.0
sedan 1069.0 160.0 1093.0 204.0
sedan 1093.0 162.0 1112.0 208.0
sedan 1116.0 162.0 1137.0 210.0
sedan 653.0 528.0 675.0 576.0
pickuptruck 636.0 597.0 682.0 640.0
sedan 678.0 526.0 702.0 578.0
sedan 706.0 528.0 728.0 576.0
sedan 731.0 528.0 751.0 574.0
sedan 754.0 525.0 776.0 575.0
sedan 778.0 527.0 803.0 580.0
sedan 802.0 533.0 823.0 578.0
sedan 828.0 531.0 853.0 581.0
sedan 1051.0 545.0 1069.0 589.0
sedan 1022.0 538.0 1046.0 588.0
sedan 1002.0 537.0 1021.0 586.0
sedan 978.0 540.0 995.0 586.0
sedan 950.0 541.0 973.0 588.0
sedan 925.0 539.0 947.0 583.0
sedan 901.0 535.0 922.0 583.0
sedan 1123.0 546.0 1137.0 590.0
