pickuptruck 215.0 533.0 266.0 557.0
sedan 294.0 538.0 338.0 559.0
sedan 344.0 471.0 387.0 490.0
sedan 30.0 527.0 80.0 548.0
sedan 1.0 526.0 30.0 549.0
sedan 274.0 62.0 296.0 106.0
sedan 366.0 74.0 385.0 120.0
sedan 196.0 135.0 240.0 159.0
sedan 202.0 160.0 249.0 183.0
sedan 201.0 187.0 240.0 206.0
sedan 204.0 211.0 251.0 233.0
sedan 206.0 235.0 250.0 254.0
sedan 202.0 257.0 248.0 276.0
sedan 591.0 2.0 639.0 22.0
sedan 591.0 25.0 636.0 48.0
sedan 588.0 48.0 633.0 70.0
sedan 564.0 614.0 611.0 636.0
sedan 568.0 509.0 617.0 536.0
sedan 567.0 539.0 615.0 562.0
sedan 566.0 563.0 613.0 585.0
sedan 561.0 587.0 613.0 611.0
sedan 572.0 440.0 618.0 464.0
sedan 577.0 415.0 619.0 437.0
sedan 578.0 389.0 623.0 415.0
sedan 582.0 290.0 624.0 311.0
sedan 576.0 316.0 621.0 339.0
sedan 572.0 342.0 621.0 361.0
sedan 577.0 364.0 621.0 387.0
sedan 581.0 220.0 624.0 239.0
sedan 584.0 196.0 630.0 215.0
sedan 585.0 169.0 628.0 190.0
sedan 584.0 147.0 631.0 164.0
sedan 587.0 123.0 629.0 141.0
sedan 587.0 98.0 630.0 120.0
sedan 587.0 75.0 634.0 96.0
