sedan 763.0 13.0 781.0 57.0
pickuptruck 752.0 191.0 776.0 243.0
sedan 822.0 309.0 840.0 358.0
sedan 754.0 270.0 771.0 315.0
sedan 613.0 547.0 631.0 592.0
sedan 637.0 542.0 658.0 594.0
sedan 665.0 544.0 683.0 593.0
sedan 690.0 544.0 709.0 590.0
sedan 715.0 545.0 734.0 595.0
sedan 737.0 545.0 759.0 596.0
sedan 762.0 549.0 782.0 596.0
sedan 787.0 551.0 808.0 598.0
sedan 1105.0 563.0 1128.0 612.0
sedan 1079.0 560.0 1103.0 606.0
sedan 1008.0 560.0 1029.0 605.0
sedan 981.0 556.0 1004.0 603.0
sedan 959.0 552.0 978.0 600.0
sedan 934.0 557.0 954.0 601.0
sedan 906.0 560.0 928.0 602.0
sedan 884.0 556.0 902.0 601.0
sedan 861.0 551.0 879.0 600.0
sedan 1027.0 178.0 1050.0 223.0
sedan 1051.0 182.0 1070.0 225.0
sedan 1073.0 180.0 1094.0 227.0
sedan 1095.0 177.0 1116.0 217.0
pickuptruck 601.0 607.0 652.0 640.0
