truck 66.0 9.0 105.0 28.0
sedan 34.0 115.0 54.0 161.0
sedan 7.0 111.0 27.0 155.0
sedan 636.0 57.0 655.0 103.0
sedan 622.0 13.0 639.0 25.0
sedan 748.0 229.0 770.0 281.0
sedan 778.0 228.0 798.0 278.0
sedan 824.0 230.0 844.0 279.0
sedan 870.0 229.0 894.0 278.0
sedan 898.0 236.0 920.0 284.0
sedan 933.0 299.0 973.0 319.0
sedan 497.0 602.0 547.0 620.0
sedan 580.0 525.0 601.0 580.0
sedan 610.0 523.0 632.0 579.0
sedan 639.0 526.0 661.0 575.0
sedan 701.0 523.0 723.0 577.0
truck 903.0 404.0 1007.0 479.0
sedan 1103.0 229.0 1137.0 252.0
sedan 1097.0 450.0 1137.0 475.0
sedan 329.0 104.0 354.0 154.0
