pickuptruck 958.0 582.0 1013.0 609.0
sedan 582.0 512.0 625.0 535.0
sedan 582.0 485.0 630.0 510.0
sedan 587.0 457.0 633.0 486.0
sedan 591.0 434.0 637.0 458.0
sedan 594.0 410.0 641.0 437.0
sedan 601.0 385.0 647.0 414.0
sedan 608.0 364.0 651.0 390.0
sedan 611.0 336.0 657.0 366.0
sedan 680.0 4.0 728.0 29.0
sedan 676.0 27.0 723.0 53.0
sedan 667.0 50.0 714.0 76.0
sedan 659.0 124.0 700.0 147.0
sedan 650.0 146.0 695.0 173.0
sedan 643.0 173.0 689.0 196.0
sedan 643.0 197.0 684.0 221.0
sedan 639.0 224.0 685.0 247.0
sedan 635.0 248.0 675.0 271.0
sedan 626.0 267.0 672.0 294.0
pickuptruck 707.0 535.0 755.0 570.0
sedan 301.0 1.0 349.0 17.0
sedan 297.0 12.0 341.0 39.0
sedan 292.0 33.0 337.0 59.0
pickuptruck 264.0 306.0 312.0 337.0
sedan 340.0 324.0 382.0 347.0
sedan 392.0 262.0 439.0 286.0
sedan 1.0 256.0 35.0 278.0
sedan 46.0 265.0 86.0 289.0
sedan 92.0 272.0 134.0 294.0
