pickuptruck 154.0 557.0 208.0 580.0
sedan 7.0 496.0 30.0 543.0
sedan 35.0 494.0 58.0 545.0
sedan 62.0 495.0 83.0 545.0
sedan 89.0 495.0 109.0 542.0
sedan 113.0 495.0 137.0 542.0
sedan 140.0 496.0 162.0 545.0
sedan 163.0 500.0 184.0 546.0
sedan 191.0 499.0 214.0 546.0
sedan 267.0 501.0 288.0 549.0
sedan 293.0 506.0 313.0 548.0
sedan 318.0 506.0 337.0 552.0
sedan 346.0 506.0 366.0 546.0
sedan 422.0 508.0 442.0 552.0
sedan 393.0 505.0 416.0 552.0
sedan 370.0 500.0 388.0 550.0
sedan 497.0 504.0 516.0 552.0
sedan 521.0 508.0 541.0 556.0
sedan 549.0 509.0 568.0 556.0
sedan 572.0 511.0 590.0 558.0
sedan 597.0 510.0 614.0 555.0
sedan 620.0 509.0 637.0 556.0
sedan 644.0 511.0 666.0 558.0
sedan 672.0 515.0 688.0 557.0
sedan 695.0 514.0 716.0 560.0
sedan 724.0 514.0 741.0 563.0
sedan 753.0 514.0 772.0 562.0
sedan 843.0 542.0 893.0 563.0
sedan 903.0 523.0 924.0 571.0
sedan 931.0 521.0 951.0 570.0
sedan 956.0 521.0 976.0 567.0
sedan 1005.0 526.0 1026.0 571.0
sedan 981.0 520.0 1001.0 571.0
sedan 1103.0 528.0 1124.0 569.0
sedan 246.0 263.0 260.0 300.0
sedan 455.0 117.0 475.0 164.0
sedan 479.0 122.0 496.0 166.0
sedan 502.0 119.0 521.0 168.0
sedan 524.0 116.0 544.0 154.0
sedan 575.0 112.0 596.0 156.0
sedan 551.0 117.0 569.0 165.0
sedan 628.0 190.0 666.0 210.0
sedan 612.0 284.0 660.0 304.0
pickuptruck 172.0 133.0 197.0 183.0
sedan 172.0 209.0 197.0 256.0
