sedan 1.0 16.0 17.0 64.0
sedan 138.0 223.0 181.0 247.0
sedan 88.0 216.0 131.0 240.0
sedan 35.0 199.0 78.0 228.0
sedan 436.0 213.0 483.0 238.0
sedan 382.0 273.0 428.0 297.0
pickuptruck 309.0 258.0 358.0 285.0
sedan 714.0 1.0 761.0 22.0
sedan 701.0 71.0 745.0 92.0
sedan 693.0 92.0 740.0 120.0
sedan 686.0 120.0 735.0 141.0
sedan 689.0 142.0 729.0 165.0
sedan 684.0 169.0 731.0 194.0
sedan 677.0 191.0 721.0 216.0
sedan 672.0 215.0 717.0 242.0
sedan 653.0 284.0 701.0 311.0
sedan 653.0 314.0 696.0 337.0
sedan 647.0 336.0 692.0 358.0
sedan 639.0 360.0 685.0 383.0
sedan 635.0 382.0 683.0 406.0
sedan 634.0 406.0 682.0 432.0
sedan 629.0 432.0 675.0 457.0
sedan 627.0 457.0 670.0 480.0
pickuptruck 751.0 479.0 801.0 517.0
pickuptruck 1011.0 527.0 1066.0 553.0
