sedan 434.0 583.0 481.0 603.0
sedan 517.0 506.0 540.0 561.0
sedan 547.0 507.0 569.0 561.0
sedan 576.0 510.0 599.0 556.0
sedan 637.0 505.0 661.0 560.0
sedan 573.0 38.0 596.0 86.0
sedan 685.0 214.0 706.0 259.0
sedan 714.0 211.0 736.0 260.0
sedan 760.0 217.0 781.0 260.0
sedan 813.0 210.0 833.0 262.0
sedan 839.0 220.0 860.0 266.0
sedan 872.0 283.0 912.0 301.0
sedan 1042.0 212.0 1097.0 235.0
truck 858.0 377.0 966.0 450.0
sedan 1033.0 435.0 1081.0 455.0
sedan 856.0 615.0 903.0 635.0
sedan 261.0 20.0 288.0 67.0
