sedan 502.0 46.0 547.0 74.0
sedan 500.0 98.0 544.0 119.0
sedan 502.0 124.0 547.0 144.0
sedan 500.0 146.0 546.0 167.0
sedan 503.0 183.0 549.0 203.0
truck 594.0 43.0 620.0 157.0
sedan 629.0 76.0 651.0 123.0
sedan 656.0 79.0 675.0 122.0
sedan 679.0 78.0 699.0 128.0
sedan 706.0 76.0 728.0 129.0
pickuptruck 603.0 204.0 628.0 259.0
sedan 450.0 313.0 494.0 335.0
sedan 389.0 315.0 436.0 335.0
sedan 326.0 316.0 371.0 336.0
truck 307.0 593.0 336.0 640.0
sedan 138.0 465.0 186.0 487.0
sedan 956.0 208.0 977.0 258.0
