sedan 379.0 1.0 395.0 13.0
sedan 245.0 68.0 289.0 88.0
sedan 242.0 116.0 288.0 138.0
sedan 241.0 142.0 290.0 160.0
sedan 245.0 165.0 291.0 187.0
sedan 245.0 204.0 295.0 223.0
truck 326.0 67.0 361.0 174.0
pickuptruck 346.0 226.0 369.0 277.0
sedan 371.0 101.0 394.0 146.0
sedan 450.0 103.0 471.0 146.0
sedan 424.0 102.0 444.0 147.0
sedan 399.0 99.0 420.0 143.0
sedan 65.0 335.0 113.0 355.0
sedan 130.0 332.0 175.0 352.0
sedan 190.0 334.0 238.0 356.0
sedan 701.0 229.0 727.0 275.0
sedan 1006.0 45.0 1032.0 91.0
sedan 875.0 584.0 924.0 602.0
sedan 955.0 508.0 981.0 562.0
sedan 987.0 509.0 1011.0 563.0
sedan 1074.0 506.0 1103.0 561.0
sedan 1016.0 509.0 1039.0 556.0
