pickuptruck 124.0 49.0 186.0 92.0
sedan 143.0 72.0 201.0 109.0
sedan 200.0 164.0 240.0 194.0
truck 203.0 205.0 264.0 245.0
sedan 220.0 227.0 276.0 269.0
sedan 235.0 252.0 285.0 286.0
sedan 249.0 277.0 287.0 306.0
sedan 264.0 292.0 312.0 327.0
sedan 266.0 319.0 315.0 352.0
trailer 270.0 332.0 340.0 381.0
trailer 301.0 377.0 364.0 426.0
sedan 389.0 129.0 432.0 163.0
sedan 344.0 156.0 384.0 190.0
sedan 354.0 182.0 397.0 214.0
sedan 373.0 195.0 417.0 227.0
sedan 379.0 224.0 416.0 254.0
sedan 394.0 240.0 437.0 275.0
sedan 403.0 263.0 445.0 297.0
sedan 426.0 193.0 470.0 226.0
sedan 441.0 213.0 483.0 244.0
sedan 445.0 236.0 490.0 271.0
sedan 416.0 169.0 458.0 203.0
sedan 324.0 4.0 363.0 35.0
sedan 276.0 27.0 316.0 60.0
sedan 289.0 48.0 330.0 82.0
pickuptruck 292.0 68.0 343.0 103.0
sedan 306.0 91.0 351.0 125.0
sedan 319.0 114.0 362.0 145.0
sedan 328.0 133.0 376.0 167.0
sedan 344.0 43.0 382.0 74.0
sedan 434.0 1.0 475.0 24.0
sedan 460.0 32.0 504.0 65.0
sedan 469.0 53.0 515.0 88.0
sedan 480.0 76.0 526.0 113.0
sedan 520.0 138.0 562.0 168.0
sedan 522.0 158.0 572.0 195.0
sedan 551.0 201.0 597.0 235.0
sedan 573.0 244.0 616.0 279.0
sedan 626.0 217.0 666.0 248.0
sedan 595.0 172.0 641.0 206.0
sedan 585.0 149.0 630.0 187.0
sedan 566.0 106.0 609.0 141.0
sedan 555.0 86.0 597.0 120.0
sedan 547.0 68.0 584.0 99.0
sedan 530.0 45.0 579.0 84.0
sedan 520.0 22.0 561.0 54.0
sedan 625.0 1.0 666.0 28.0
sedan 639.0 14.0 676.0 45.0
sedan 647.0 35.0 692.0 71.0
sedan 658.0 59.0 700.0 91.0
sedan 671.0 77.0 717.0 113.0
sedan 683.0 97.0 726.0 133.0
sedan 695.0 120.0 740.0 155.0
sedan 707.0 142.0 750.0 178.0
sedan 718.0 162.0 762.0 197.0
sedan 734.0 32.0 765.0 73.0
sedan 833.0 131.0 876.0 168.0
sedan 844.0 153.0 891.0 186.0
sedan 856.0 176.0 898.0 206.0
sedan 870.0 206.0 912.0 235.0
sedan 752.0 208.0 787.0 238.0
sedan 761.0 232.0 801.0 264.0
sedan 772.0 250.0 820.0 283.0
sedan 799.0 296.0 841.0 328.0
sedan 806.0 316.0 851.0 348.0
sedan 816.0 340.0 865.0 371.0
sedan 741.0 408.0 783.0 439.0
sedan 750.0 430.0 795.0 465.0
sedan 772.0 475.0 821.0 507.0
sedan 731.0 504.0 771.0 535.0
sedan 674.0 415.0 721.0 450.0
sedan 537.0 382.0 582.0 414.0
sedan 557.0 400.0 596.0 431.0
sedan 562.0 425.0 605.0 457.0
sedan 576.0 447.0 617.0 475.0
sedan 591.0 468.0 629.0 504.0
truck 439.0 522.0 490.0 558.0
truck 456.0 541.0 497.0 581.0
sedan 469.0 563.0 510.0 595.0
sedan 476.0 583.0 518.0 620.0
sedan 528.0 560.0 569.0 591.0
sedan 506.0 509.0 547.0 546.0
sedan 481.0 465.0 524.0 502.0
sedan 649.0 575.0 694.0 609.0
sedan 794.0 609.0 833.0 633.0
sedan 828.0 560.0 866.0 593.0
sedan 804.0 516.0 846.0 550.0
sedan 813.0 534.0 858.0 575.0
sedan 1096.0 104.0 1136.0 150.0
sedan 1118.0 204.0 1137.0 248.0
sedan 973.0 146.0 1011.0 174.0
sedan 982.0 217.0 1027.0 237.0
sedan 976.0 172.0 1021.0 208.0
sedan 912.0 355.0 949.0 398.0
sedan 840.0 383.0 884.0 417.0
sedan 861.0 401.0 903.0 436.0
sedan 874.0 421.0 913.0 454.0
sedan 892.0 462.0 937.0 499.0
sedan 937.0 522.0 979.0 559.0
sedan 1030.0 590.0 1069.0 637.0
sedan 1012.0 608.0 1048.0 640.0
sedan 992.0 621.0 1018.0 640.0
sedan 1014.0 518.0 1052.0 566.0
sedan 976.0 447.0 1011.0 495.0
sedan 944.0 393.0 973.0 435.0
